5.023078951391972766e-05 -1.238929816567563020e-04
5.069556928683388889e-05 -1.284084928303817503e-04
5.116464961403767209e-05 -1.330853298103222722e-04
5.163807028806978715e-05 -1.379310826592663585e-04
5.211587146966517408e-05 -1.429524355896092324e-04
5.259809369116105792e-05 -1.481539576126955908e-04
5.308477785993620074e-05 -1.535430380538522956e-04
5.357596526188023334e-05 -1.591262182059467408e-04
5.407169756489686838e-05 -1.649101589188620837e-04
5.457201682243774209e-05 -1.709019398277847920e-04
5.507696547707072019e-05 -1.771085652018835992e-04
5.558658636407947621e-05 -1.835383337022350242e-04
5.610092271509814368e-05 -1.901983326500023626e-04
5.662001816177776272e-05 -1.970974736721574328e-04
5.714391673948855254e-05 -2.042450945989393932e-04
5.767266289105452040e-05 -2.116485762641147589e-04
5.820630147052453362e-05 -2.193172509912623479e-04
5.874487774697638518e-05 -2.272601497691370770e-04
5.928843740835797296e-05 -2.354881771460862444e-04
5.983702656536208243e-05 -2.440087522543436544e-04
6.039069175533898090e-05 -2.528344848716362891e-04
6.094947994624323197e-05 -2.619752031758918668e-04
6.151343854061905325e-05 -2.714418573146764224e-04
6.208261537962046349e-05 -2.812461542451361106e-04
6.265705874707077272e-05 -2.913999810661936358e-04
6.323681737355747149e-05 -3.019158179968290030e-04
6.382194044056716117e-05 -3.128066920669808713e-04
6.441247758465660166e-05 -3.240839318033454956e-04
6.500847890166448447e-05 -3.357617386991313909e-04
6.560999495096006865e-05 -3.478559704987399612e-04
6.621707675973320618e-05 -3.603780795747570597e-04
6.682977582732201624e-05 -3.733442595199461234e-04
6.744814412958265366e-05 -3.867694978667274145e-04
6.807223412329740388e-05 -4.006707211435943817e-04
6.870209875062573948e-05 -4.150625092036071815e-04
6.933779144359432660e-05 -4.299643172538767256e-04
6.997936612863088740e-05 -4.453924875565899028e-04
7.062687723113762230e-05 -4.613648493046919189e-04
7.128037968010938271e-05 -4.778983295181013198e-04
7.193992891279217604e-05 -4.950167794457050602e-04
7.260558087938708525e-05 -5.127367539574369205e-04
7.327739204779548296e-05 -5.310811986264831874e-04
7.395541940841035122e-05 -5.500692615549860384e-04
7.463972047894970900e-05 -5.697253962477432602e-04
7.533035330933708054e-05 -5.900704550028621495e-04
7.602737648662468122e-05 -6.111264693358851819e-04
7.673084913996470135e-05 -6.329182220999109458e-04
7.744083094562397159e-05 -6.554710344310208867e-04
7.815738213204768861e-05 -6.788107654077342240e-04
7.888056348496733539e-05 -7.029623359195575879e-04
7.961043635255848851e-05 -7.279526925937509314e-04
8.034706265064376881e-05 -7.538108673633066607e-04
8.109050486794647857e-05 -7.805649261566486360e-04
8.184082607139033080e-05 -8.082451128462215953e-04
8.259808991145073235e-05 -8.368802891041078650e-04
8.336236062755304006e-05 -8.665037030940210680e-04
8.413370305352336012e-05 -8.971472965558684523e-04
8.491218262308711999e-05 -9.288460219266492885e-04
8.569786537542125422e-05 -9.616317851193101774e-04
8.649081796075497601e-05 -9.955413138021790807e-04
8.729110764602517904e-05 -1.030613933825246832e-03
8.809880232058136021e-05 -1.066883848465666239e-03
8.891397050194612133e-05 -1.104390216672980572e-03
8.973668134162622167e-05 -1.143173293104046175e-03
9.056700463098011755e-05 -1.183275279793627628e-03
9.140501080713702852e-05 -1.224739844334641345e-03
9.225077095897366963e-05 -1.267606977922515650e-03
9.310435683314326931e-05 -1.311925536435764109e-03
9.396584084016341878e-05 -1.357736985419210870e-03
9.483529606055720999e-05 -1.405094761271718368e-03
9.571279625105427573e-05 -1.454045122304852391e-03
9.659841585084609408e-05 -1.504635999358282586e-03
9.749222998790226565e-05 -1.556922973568444475e-03
9.839431448534213939e-05 -1.610958613237144883e-03
9.930474586786856308e-05 -1.666796617256881795e-03
1.002236013682579583e-04 -1.724500012820427350e-03
1.011509589339134820e-04 -1.784120223931117289e-03
1.020868972334763565e-04 -1.845721468422518476e-03
1.030314956634999056e-04 -1.909362912753110025e-03
1.039848343551846730e-04 -1.975108852616788528e-03
1.049469941811760989e-04 -2.043011395593574350e-03
1.059180567624249856e-04 -2.113152854876402392e-03
1.068981044751114967e-04 -2.185602805163762083e-03
1.078872204576332200e-04 -2.260422014940179081e-03
1.088854886176578347e-04 -2.337683646134564378e-03
1.098929936392411427e-04 -2.417489865937086455e-03
1.109098209900108428e-04 -2.499874306537821621e-03
1.119360569284168759e-04 -2.584932629040371296e-03
1.129717885110487723e-04 -2.672745632243216790e-03
1.140171036000207905e-04 -2.763404028997972980e-03
1.150720908704253189e-04 -2.856985201519551733e-03
1.161368398178552329e-04 -2.953562428530162164e-03
1.172114407659959940e-04 -3.053222278555477263e-03
1.182959848742878010e-04 -3.156068622351278306e-03
1.193905641456587704e-04 -3.262190810772830699e-03
1.204952714343296340e-04 -3.371679407114831252e-03
1.216102004536906569e-04 -3.484628341092018810e-03
1.227354457842514009e-04 -3.601132520885619304e-03
1.238711028816641597e-04 -3.721310527935555758e-03
1.250172680848214582e-04 -3.845243605436437020e-03
1.261740386240286192e-04 -3.973054151687529026e-03
1.273415126292519537e-04 -4.104858976551240338e-03
1.285197891384430753e-04 -4.240716092300087121e-03
1.297089681059405996e-04 -4.380772302405932551e-03
1.309091504109491746e-04 -4.525162386010356599e-03
1.321204378660972237e-04 -4.673980115927581225e-03
1.333429332260738904e-04 -4.827334452665378237e-03
1.345767401963456707e-04 -4.985360783577503542e-03
1.358219634419540367e-04 -5.148181274655660132e-03
1.370787085963940223e-04 -5.315918387239956452e-03
1.383470822705754793e-04 -5.488700068924627293e-03
1.396271920618667869e-04 -5.666655139398239088e-03
1.409191465632225878e-04 -5.849923424270235192e-03
1.422230553723956845e-04 -6.038650205180201395e-03
1.435390291012344252e-04 -6.232965589366703044e-03
1.448671793850660400e-04 -6.432984864431201197e-03
1.462076188921666593e-04 -6.638871305030924312e-03
1.475604613333191787e-04 -6.850754015851911495e-03
1.489258214714593792e-04 -7.068815156909210445e-03
1.503038151314114394e-04 -7.293191200357166705e-03
1.516945592097134355e-04 -7.524005473208926313e-03
1.530981716845337536e-04 -7.761429836077603228e-03
1.545147716256794134e-04 -8.005605244913460011e-03
1.559444792046967400e-04 -8.256665459661275894e-03
1.573874157050656830e-04 -8.514770143571740932e-03
1.588437035324884346e-04 -8.780167911994875632e-03
1.603134662252731857e-04 -9.052973074933898245e-03
1.617968284648140247e-04 -9.333275715379693235e-03
1.632939160861678171e-04 -9.621267951170702284e-03
1.648048560887287726e-04 -9.917213380196637437e-03
1.663297766470021616e-04 -1.022125740216804982e-02
1.678688071214772372e-04 -1.053347720899048059e-02
1.694220780696011769e-04 -1.085403436664582680e-02
1.709897212568543161e-04 -1.118317611870464287e-02
1.725718696679280292e-04 -1.152105950303720754e-02
1.741686575180057981e-04 -1.186784953025227241e-02
1.757802202641489621e-04 -1.222376327278401967e-02
1.774066946167876340e-04 -1.258893641068282651e-02
1.790482185513179233e-04 -1.296351107501934365e-02
1.807049313198065489e-04 -1.334768073482951387e-02
1.823769734628037913e-04 -1.374160652702594194e-02
1.840644868212656232e-04 -1.414552104979941230e-02
1.857676145485861856e-04 -1.455958278290594640e-02
1.874865011227416648e-04 -1.498389961189248998e-02
1.892212923585465481e-04 -1.541868481044335500e-02
1.909721354200231774e-04 -1.586409945009340308e-02
1.927391788328858225e-04 -1.632028270692729988e-02
1.945225724971402217e-04 -1.678747112818231718e-02
1.963224676997998364e-04 -1.726582182808902854e-02
1.981390171277196339e-04 -1.775544746010566249e-02
1.999723748805486438e-04 -1.825658161865525292e-02
2.018226964838024009e-04 -1.876936150321861091e-02
2.036901389020562758e-04 -1.929392363853212750e-02
2.055748605522610226e-04 -1.983048609120686631e-02
2.074770213171813838e-04 -2.037917914879217030e-02
2.093967825589591067e-04 -2.094013233520073888e-02
2.113343071328014028e-04 -2.151346275939916564e-02
2.132897594007962582e-04 -2.209928786928054209e-02
2.152633052458552464e-04 -2.269783376775905137e-02
2.172551120857856867e-04 -2.330921958982556247e-02
2.192653488874927710e-04 -2.393347685871635711e-02
2.212941861813132042e-04 -2.457071305236855144e-02
2.233417960754814700e-04 -2.522114689102625262e-02
2.254083522707299957e-04 -2.588487188132065908e-02
2.274940300750242182e-04 -2.656190524727340338e-02
2.295990064184342335e-04 -2.725239879089797965e-02
2.317234598681439486e-04 -2.795653258018422280e-02
2.338675706435990400e-04 -2.867433015754302511e-02
2.360315206317952072e-04 -2.940592927353340158e-02
2.382154934027077783e-04 -3.015147611546096368e-02
2.404196742248642152e-04 -3.091096732215556364e-02
2.426442500810604638e-04 -3.168448976624792940e-02
2.448894096842230486e-04 -3.247209414842189279e-02
2.471553434934176704e-04 -3.327382111795000597e-02
2.494422437300060683e-04 -3.408970896512062559e-02
2.517503043939523389e-04 -3.491971086865017920e-02
2.540797212802799600e-04 -3.576393313450378780e-02
2.564306919956823639e-04 -3.662239979666522677e-02
2.588034159752835108e-04 -3.749495503016093967e-02
2.611980944995598449e-04 -3.838157220220068944e-02
2.636149307114110576e-04 -3.928224394354089960e-02
2.660541296333970591e-04 -4.019695953534755534e-02
2.685158981851260332e-04 -4.112575494821762295e-02
2.710004452008118992e-04 -4.206862284081155923e-02
2.735079814469854585e-04 -4.302551917440870094e-02
2.760387196403786352e-04 -4.399628021870197886e-02
2.785928744659646244e-04 -4.498086171290249097e-02
2.811706625951744943e-04 -4.597919039086699466e-02
2.837723027042732206e-04 -4.699124740162925057e-02
2.863980154929145596e-04 -4.801685639314590831e-02
2.890480237028587147e-04 -4.905570699008249269e-02
2.917225521368723654e-04 -5.010762823764387808e-02
2.944218276777941460e-04 -5.117263223189836424e-02
2.971460793077862809e-04 -5.225047290607118256e-02
2.998955381277543806e-04 -5.334079457922269452e-02
3.026704373769567558e-04 -5.444329065737948947e-02
3.054710124527856862e-04 -5.555786773826115743e-02
3.082975009307410805e-04 -5.668439551102657376e-02
3.111501425845793981e-04 -5.782263334708204888e-02
3.140291794066589742e-04 -5.897225143546704768e-02
3.169348556284631532e-04 -6.013300278265851229e-02
3.198674177413240549e-04 -6.130450817446298634e-02
3.228271145173274015e-04 -6.248631223930056766e-02
3.258141970304213376e-04 -6.367817667948405536e-02
3.288289186777098899e-04 -6.487964381636449063e-02
3.318715352009544311e-04 -6.609001972693251403e-02
3.349423047082628730e-04 -6.730888116832697832e-02
3.380414876959908759e-04 -6.853577920643745547e-02
3.411693470708344737e-04 -6.977013920117400292e-02
3.443261481721376959e-04 -7.101127337799305328e-02
3.475121587943980571e-04 -7.225893894580917576e-02
3.507276492099853089e-04 -7.351269813952354681e-02
3.539728921920686291e-04 -7.477161760882580777e-02
3.572481630377563155e-04 -7.603508662539018581e-02
3.605537395914494461e-04 -7.730239607209256347e-02
3.638899022684116756e-04 -7.857257825413871410e-02
3.672569340785571189e-04 -7.984478739690550886e-02
3.706551206504584361e-04 -8.111819632465749885e-02
3.740847502555768537e-04 -8.239162021970913852e-02
3.775461138327166157e-04 -8.366396718663528242e-02
3.810395050127056535e-04 -8.493439443637063047e-02
3.845652201433044800e-04 -8.620194045778696579e-02
3.881235583143455314e-04 -8.746545022626683874e-02
3.917148213831055581e-04 -8.872383654885061810e-02
3.953393139999122029e-04 -8.997579761616818217e-02
3.989973436339879658e-04 -9.121992866262115807e-02
4.026892205995329641e-04 -9.245478832067119401e-02
4.064152580820493067e-04 -9.367871144155359708e-02
4.101757721649087638e-04 -9.489007380745803633e-02
4.139710818561667671e-04 -9.608719963036511935e-02
4.178015091156236623e-04 -9.726838780307979493e-02
4.216673788821373339e-04 -9.843219694443024192e-02
4.255690191011879072e-04 -9.957686850416626323e-02
4.295067607526975085e-04 -1.007005250608415808e-01
4.334809378791080114e-04 -1.018014817558168111e-01
4.374918876137176907e-04 -1.028776154754434541e-01
4.415399502092810661e-04 -1.039266024001320871e-01
4.456254690668724240e-04 -1.049460288538849040e-01
4.497487907650172460e-04 -1.059335435357399019e-01
4.539102650890925188e-04 -1.068869453878028009e-01
4.581102450609995588e-04 -1.078040981471794224e-01
4.623490869691109775e-04 -1.086829356855339018e-01
4.666271503984952018e-04 -1.095214204352875920e-01
4.709447982614203398e-04 -1.103171779123058444e-01
4.753023968281404267e-04 -1.110675689482776285e-01
4.797003157579662197e-04 -1.117699330347490805e-01
4.841389281306242276e-04 -1.124215929339685283e-01
4.886186104779050065e-04 -1.130198623904417887e-01
4.931397428156048934e-04 -1.135621634682518755e-01
4.977027086757631865e-04 -1.140465203399508298e-01
5.023078951391972630e-04 -1.144710834036185426e-01
5.069556928683394310e-04 -1.148336248082362371e-01
5.116464961403767615e-04 -1.151316516640774612e-01
5.163807028806984001e-04 -1.153627423101349359e-01
5.211587146966517679e-04 -1.155242686691563686e-01
5.259809369116111213e-04 -1.156137680582175059e-01
5.308477785993620480e-04 -1.156294310695061278e-01
5.357596526188028755e-04 -1.155698796084033003e-01
5.407169756489687380e-04 -1.154338134272412386e-01
5.457201682243779765e-04 -1.152198681135500336e-01
5.507696547707071613e-04 -1.149265015992899236e-01
5.558658636407953855e-04 -1.145517367824051419e-01
5.610092271509814097e-04 -1.140937511738453480e-01
5.662001816177782100e-04 -1.135514585935102766e-01
5.714391673948855796e-04 -1.129245798875432721e-01
5.767266289105457732e-04 -1.122131028401924246e-01
5.820630147052453362e-04 -1.114170742200710773e-01
5.874487774697645295e-04 -1.105361517044708558e-01
5.928843740835797703e-04 -1.095701065998604812e-01
5.983702656536214748e-04 -1.085185577739761487e-01
6.039069175533897955e-04 -1.073813503008450992e-01
6.094947994624330245e-04 -1.061596912195050674e-01
6.151343854061905054e-04 -1.048555706774705193e-01
6.208261537962052583e-04 -1.034707270807401630e-01
6.265705874707077272e-04 -1.020063903492034879e-01
6.323681737355754196e-04 -1.004637313696289946e-01
6.382194044056716930e-04 -9.884405010108292255e-02
6.441247758465667213e-04 -9.714955964438877489e-02
6.500847890166448718e-04 -9.538376729177526492e-02
6.560999495096013099e-04 -9.355046334054817336e-02
6.621707675973320618e-04 -9.165311380494217675e-02
6.682977582732208943e-04 -8.969467583872840766e-02
6.744814412958265908e-04 -8.767808049370393042e-02
6.807223412329747435e-04 -8.560727494299925910e-02
6.870209875062573135e-04 -8.348766073236685292e-02
6.933779144359439707e-04 -8.132529960752471476e-02
6.997936612863087926e-04 -7.912572841013525149e-02
7.062687723113768735e-04 -7.689404957633637350e-02
7.128037968010938813e-04 -7.463545785664930932e-02
7.193992891279217062e-04 -7.235615602166239890e-02
7.260558087938709338e-04 -7.006396823586952260e-02
7.327739204779548567e-04 -6.776736435946754955e-02
7.395541940841035122e-04 -6.547391474179577175e-02
7.463972047894970900e-04 -6.319076441837828684e-02
7.533035330933707512e-04 -6.092545151213009380e-02
7.602737648662468394e-04 -5.868697755070270694e-02
7.673084913996469593e-04 -5.648572765294788967e-02
7.744083094562396888e-04 -5.433166916129981289e-02
7.815738213204768319e-04 -5.223356292556848024e-02
7.888056348496733268e-04 -5.019990166874175458e-02
7.961043635255849122e-04 -4.824020686702710364e-02
8.034706265064376881e-04 -4.636553797141659133e-02
8.109050486794647586e-04 -4.458660566825059512e-02
8.184082607139033351e-04 -4.291238525299530260e-02
8.259808991145073777e-04 -4.135075804417107787e-02
8.336236062755303464e-04 -3.991018753249173795e-02
8.413370305352335741e-04 -3.860041260558189080e-02
8.491218262308711457e-04 -3.743029274332434347e-02
8.569786537542125422e-04 -3.640609613213201950e-02
8.649081796075497059e-04 -3.553246871854318784e-02
8.729110764602518446e-04 -3.481444856841861557e-02
8.809880232058135479e-04 -3.425771619104216181e-02
8.891397050194612675e-04 -3.386587496008084536e-02
8.973668134162622167e-04 -3.363907942126796724e-02
9.056700463098011755e-04 -3.357578428801227116e-02
9.140501080713703394e-04 -3.367517995458862989e-02
9.225077095897367234e-04 -3.393602828204327071e-02
9.310435683314326931e-04 -3.435316025281994617e-02
9.396584084016341336e-04 -3.491779215757283977e-02
9.483529606055720457e-04 -3.562090347161343817e-02
9.571279625105428386e-04 -3.645443012613965722e-02
9.659841585084609408e-04 -3.740729478235637478e-02
9.749222998790225752e-04 -3.846360858742006728e-02
9.839431448534212855e-04 -3.960630005953380550e-02
9.930474586786856850e-04 -4.082018245007366930e-02
1.002236013682579474e-03 -4.208870745700706711e-02
1.011509589339135715e-03 -4.339003974528481133e-02
1.020868972334763565e-03 -4.470114513157902314e-02
1.030314956635000221e-03 -4.600205005479061221e-02
1.039848343551846811e-03 -4.727268058414578478e-02
1.049469941811762182e-03 -4.848826712917266718e-02
1.059180567624249964e-03 -4.962441050120610514e-02
1.068981044751116105e-03 -5.066153408795965457e-02
1.078872204576332037e-03 -5.158057983441698829e-02
1.088854886176579377e-03 -5.236002034051882165e-02
1.098929936392411318e-03 -5.298113018669951130e-02
1.109098209900109648e-03 -5.343124563146838674e-02
1.119360569284168650e-03 -5.369996435049878558e-02
1.129717885110488942e-03 -5.377607670770603171e-02
1.140171036000207959e-03 -5.365500807262685301e-02
1.150720908704254246e-03 -5.334025357994266747e-02
1.161368398178552275e-03 -5.283537717639102266e-02
1.172114407659961268e-03 -5.214675463137157657e-02
1.182959848742877983e-03 -5.129093846921648631e-02
1.193905641456588897e-03 -5.028916953500729009e-02
1.204952714343296340e-03 -4.916167328155342936e-02
1.216102004536907897e-03 -4.793509062846215002e-02
1.227354457842514063e-03 -4.664334231309650441e-02
1.238711028816642844e-03 -4.531834630105374684e-02
1.250172680848214528e-03 -4.399179921505945445e-02
1.261740386240287493e-03 -4.270138224781291209e-02
1.273415126292519375e-03 -4.148159737700669869e-02
1.285197891384430753e-03 -4.036027732094397275e-02
1.297089681059406105e-03 -3.936767740892675033e-02
1.309091504109491638e-03 -3.852956944280057361e-02
1.321204378660972237e-03 -3.786058709581106851e-02
1.333429332260738795e-03 -3.737322005118359075e-02
1.345767401963456761e-03 -3.707502218535134453e-02
1.358219634419540259e-03 -3.696088393243219389e-02
1.370787085963940223e-03 -3.702217171933700618e-02
1.383470822705754793e-03 -3.724595815619059086e-02
1.396271920618668031e-03 -3.760820429496375406e-02
1.409191465632225878e-03 -3.808369675302917395e-02
1.422230553723956683e-03 -3.864603867219353756e-02
1.435390291012344360e-03 -3.926166232936450368e-02
1.448671793850660455e-03 -3.990085770631195822e-02
1.462076188921666809e-03 -4.053651172284217230e-02
1.475604613333191895e-03 -4.113956895105964212e-02
1.489258214714593792e-03 -4.169081387980074632e-02
1.503038151314114394e-03 -4.217473697193498128e-02
1.516945592097134138e-03 -4.257891558301939161e-02
1.530981716845337699e-03 -4.290334504342183108e-02
1.545147716256794297e-03 -4.315017976962798318e-02
1.559444792046967400e-03 -4.332806123233084311e-02
1.573874157050656830e-03 -4.345467808258818287e-02
1.588437035324884346e-03 -4.354712096563668339e-02
1.603134662252731803e-03 -4.362865267944524700e-02
1.617968284648140355e-03 -4.372263606561125476e-02
1.632939160861678063e-03 -4.384997917362074005e-02
1.648048560887287834e-03 -4.403360106397179174e-02
1.663297766470021562e-03 -4.428765488560459235e-02
1.678688071214772372e-03 -4.462278051782842675e-02
1.694220780696011714e-03 -4.504316561445999290e-02
1.709897212568543216e-03 -4.554393626030316111e-02
1.725718696679280238e-03 -4.611552973611052902e-02
1.741686575180057981e-03 -4.673818954091455563e-02
1.757802202641489675e-03 -4.738948218349109398e-02
1.774066946167876394e-03 -4.804156311030476773e-02
1.790482185513179178e-03 -4.866603517443749555e-02
1.807049313198065598e-03 -4.923758994236532988e-02
1.823769734628038130e-03 -4.973407787636204003e-02
1.840644868212656287e-03 -5.014369232914279301e-02
1.857676145485861801e-03 -5.046166168077627356e-02
1.874865011227416648e-03 -5.069611018088657217e-02
1.892212923585465589e-03 -5.086386976456828968e-02
1.909721354200231936e-03 -5.099131148703693606e-02
1.927391788328858225e-03 -5.110879957871264367e-02
1.945225724971402000e-03 -5.124777092912533027e-02
1.963224676997998418e-03 -5.143501211935638806e-02
1.981390171277196393e-03 -5.168749741216398241e-02
1.999723748805486492e-03 -5.201012171121647404e-02
2.018226964838023847e-03 -5.239216183283305212e-02
2.036901389020562975e-03 -5.280929163850210661e-02
2.055748605522610389e-03 -5.322554267865785282e-02
2.074770213171814055e-03 -5.359950738114170610e-02
2.093967825589591013e-03 -5.389007265286604315e-02
2.113343071328013974e-03 -5.406444164952023401e-02
2.132897594007962527e-03 -5.410307719906608942e-02
2.152633052458552410e-03 -5.400414404191207496e-02
2.172551120857856705e-03 -5.378250059412535006e-02
2.192653488874927656e-03 -5.346682929423710734e-02
2.212941861813132096e-03 -5.309343232129374451e-02
2.233417960754814809e-03 -5.269861081578824935e-02
2.254083522707299794e-03 -5.231079181844644488e-02
2.274940300750242020e-03 -5.194530908457463403e-02
2.295990064184342226e-03 -5.160411411089841499e-02
2.317234598681439540e-03 -5.127847712308949285e-02
2.338675706435990129e-03 -5.095631530465644099e-02
2.360315206317949686e-03 -5.063124784527901767e-02
2.382154934027077946e-03 -5.031073410914054661e-02
2.404196742248639659e-03 -5.001983091866946812e-02
2.426442500810604367e-03 -4.979951408592146050e-02
2.448894096842227884e-03 -4.969807214719658417e-02
2.471553434934176379e-03 -4.975728599930232671e-02
2.494422437300057756e-03 -4.999756456884592304e-02
2.517503043939523389e-03 -5.040573494248365427e-02
2.540797212802799708e-03 -5.093152469957246825e-02
2.564306919956823531e-03 -5.149353312609782768e-02
2.588034159752835000e-03 -5.199585541741418709e-02
2.611980944995598557e-03 -5.235179995573133183e-02
2.636149307114110576e-03 -5.250712437101934943e-02
2.660541296333970591e-03 -5.245604317469509947e-02
2.685158981851260441e-03 -5.224464205922618731e-02
2.710004452008118667e-03 -5.195893883414256370e-02
2.735079814469854910e-03 -5.170104120909331524e-02
2.760387196403786460e-03 -5.156035964640579700e-02
2.785928744659646027e-03 -5.158984202596794688e-02
2.811706625951745052e-03 -5.179454999819591704e-02
2.837723027042732531e-03 -5.213681584637706173e-02
2.863980154929145813e-03 -5.255466389535656119e-02
2.890480237028587255e-03 -5.298607442566016096e-02
2.917225521368723654e-03 -5.338879176882667388e-02
2.944218276777941460e-03 -5.374743626776427169e-02
2.971460793077862917e-03 -5.406593937219307533e-02
2.998955381277543589e-03 -5.435207243929832122e-02
3.026704373769567667e-03 -5.460331417851620878e-02
3.054710124527856754e-03 -5.480330741434460279e-02
3.082975009307410696e-03 -5.493201466274396511e-02
3.111501425845793981e-03 -5.498427617602664325e-02
3.140291794066589742e-03 -5.498476779105532924e-02
3.169348556284631423e-03 -5.498765332320800642e-02
3.198674177413240657e-03 -5.505666255304002971e-02
3.228271145173274449e-03 -5.523453304520855450e-02
3.258141970304213268e-03 -5.551937654180302134e-02
3.288289186777099225e-03 -5.586359086611056290e-02
3.318715352009544203e-03 -5.620156956621524119e-02
3.349423047082628838e-03 -5.649321413259664193e-02
3.380414876959908759e-03 -5.675642599288609896e-02
3.411693470708344628e-03 -5.706530336358750510e-02
3.443261481721380645e-03 -5.750885798093734874e-02
3.475121587943980680e-03 -5.813172882709748829e-02
3.507276492099856667e-03 -5.889350644053084616e-02
3.539728921920686291e-03 -5.967937582410363928e-02
3.572481630377566733e-03 -6.036379666000575572e-02
3.605537395914494569e-03 -6.088955602454629995e-02
3.638899022684120767e-03 -6.130940929255657146e-02
3.672569340785571297e-03 -6.175552790625585264e-02
3.706551206504587938e-03 -6.234909122621024036e-02
3.740847502555768103e-03 -6.311004527430832955e-02
3.775461138327169952e-03 -6.393644319270500032e-02
3.810395050127056860e-03 -6.467745551309243834e-02
3.845652201433048811e-03 -6.525430918040435457e-02
3.881235583143455205e-03 -6.573834773347662919e-02
3.917148213831059267e-03 -6.631606587335087122e-02
3.953393139999122029e-03 -6.715238185892555278e-02
3.989973436339883453e-03 -6.825060365980860355e-02
4.026892205995329967e-03 -6.942319237981188496e-02
4.064152580820497296e-03 -7.041148639340534532e-02
4.101757721649087855e-03 -7.107363175907989439e-02
4.139710818561672008e-03 -7.149405622136760508e-02
4.178015091156236406e-03 -7.191979885147485596e-02
4.216673788821373448e-03 -7.256632656890270316e-02
4.255690191011879397e-03 -7.344577571547671047e-02
4.295067607526975410e-03 -7.435907084385279253e-02
4.334809378791079464e-03 -7.505674375113888241e-02
4.374918876137176907e-03 -7.543162118472195032e-02
4.415399502092810444e-03 -7.558636612913385844e-02
4.456254690668724240e-03 -7.573394849629735970e-02
4.497487907650172569e-03 -7.603601724656963712e-02
4.539102650890925079e-03 -7.652394147548578773e-02
4.581102450609995588e-03 -7.714991579536376043e-02
4.623490869691109124e-03 -7.788766403690398910e-02
4.666271503984952343e-03 -7.876971000821693381e-02
4.709447982614203831e-03 -7.983199219773701172e-02
4.753023968281404159e-03 -8.103735088304171719e-02
4.797003157579662197e-03 -8.226145111901900231e-02
4.841389281306242819e-03 -8.335498694751093673e-02
4.886186104779049848e-03 -8.423017216361150528e-02
4.931397428156049367e-03 -8.491073739752127980e-02
4.977027086757631648e-03 -8.551457516780942847e-02
5.023078951391972413e-03 -8.616908948510436372e-02
5.069556928683393443e-03 -8.690340868233922822e-02
5.116464961403767615e-03 -8.760884627730065877e-02
5.163807028806984001e-03 -8.813882673824298408e-02
5.211587146966517245e-03 -8.848599508285351356e-02
5.259809369116111646e-03 -8.884793498601083195e-02
5.308477785993619830e-03 -8.946727456089333119e-02
5.357596526188028972e-03 -9.039327009940824331e-02
5.407169756489686729e-03 -9.144275873594619186e-02
5.457201682243779765e-03 -9.241030590928690780e-02
5.507696547707071830e-03 -9.325563698344764563e-02
5.558658636407953421e-03 -9.404213440539625768e-02
5.610092271509814314e-03 -9.478072053096339711e-02
5.662001816177782317e-03 -9.546593123800770075e-02
5.714391673948855145e-03 -9.623098218857960295e-02
5.767266289105458382e-03 -9.727010631870372515e-02
5.820630147052453796e-03 -9.852284050359755296e-02
5.874487774697644861e-03 -9.959637110721514253e-02
5.928843740835797703e-03 -1.001601224004424751e-01
5.983702656536214748e-03 -1.003299439744740479e-01
6.039069175533898388e-03 -1.005230518680384766e-01
6.094947994624329811e-03 -1.010282462756312560e-01
6.151343854061904620e-03 -1.018686628089051222e-01
6.208261537962052150e-03 -1.029427994892983950e-01
6.265705874707076621e-03 -1.040501259517458421e-01
6.323681737355753979e-03 -1.048893709867667889e-01
6.382194044056716496e-03 -1.053430458018621146e-01
6.441247758465666780e-03 -1.057146674729161628e-01
6.500847890166448935e-03 -1.063971256265991983e-01
6.560999495096013316e-03 -1.073767893382939764e-01
6.621707675973320835e-03 -1.083408274454032705e-01
6.682977582732208509e-03 -1.091404863678586967e-01
6.744814412958265691e-03 -1.098620215662481497e-01
6.807223412329747002e-03 -1.106195278918955111e-01
6.870209875062573135e-03 -1.115239032325216900e-01
6.933779144359439491e-03 -1.126172255264084876e-01
6.997936612863088143e-03 -1.137103086803367830e-01
7.062687723113769168e-03 -1.146169572947272480e-01
7.128037968010938162e-03 -1.154875021155212789e-01
7.193992891279224651e-03 -1.164929032904271911e-01
7.260558087938708688e-03 -1.175013264974281296e-01
7.327739204779555940e-03 -1.185100760157196537e-01
7.395541940841034688e-03 -1.197590836700983680e-01
7.463972047894978923e-03 -1.210783347884891309e-01
7.533035330933707946e-03 -1.220734327683353077e-01
7.602737648662476200e-03 -1.230167672596040318e-01
7.673084913996469809e-03 -1.243834924735884306e-01
7.744083094562404478e-03 -1.258582300769585660e-01
7.815738213204768969e-03 -1.269762943144435718e-01
7.888056348496741074e-03 -1.280446526169196353e-01
7.961043635255848905e-03 -1.296011997505079894e-01
8.034706265064384470e-03 -1.317228352707835171e-01
8.109050486794647586e-03 -1.340282416701101820e-01
8.184082607139040941e-03 -1.359066075164218346e-01
8.259808991145072693e-03 -1.371100999752417338e-01
8.336236062755311704e-03 -1.379731875548622644e-01
8.413370305352335307e-03 -1.388060336437586528e-01
8.491218262308719913e-03 -1.398129209228951841e-01
8.569786537542124771e-03 -1.411643372265525276e-01
8.649081796075507034e-03 -1.425168398181572149e-01
8.729110764602518446e-03 -1.435243017621958828e-01
8.809880232058144370e-03 -1.444335423226792980e-01
8.891397050194612892e-03 -1.453006475655325147e-01
8.973668134162631274e-03 -1.459898864725823475e-01
9.056700463098012188e-03 -1.467856016681947096e-01
9.140501080713712284e-03 -1.479233053692579347e-01
9.225077095897368101e-03 -1.494754335443805038e-01
9.310435683314336255e-03 -1.514433132277619443e-01
9.396584084016341987e-03 -1.534396855280259764e-01
9.483529606055730865e-03 -1.551521563860807640e-01
9.571279625105427735e-03 -1.566212493144258644e-01
9.659841585084620250e-03 -1.579441419633106358e-01
9.749222998790225969e-03 -1.592942857281290370e-01
9.839431448534224564e-03 -1.608885920494472765e-01
9.930474586786856850e-03 -1.628631674533941864e-01
1.002236013682581035e-02 -1.649283884080552376e-01
1.011509589339136365e-02 -1.666458873184417655e-01
1.020868972334764216e-02 -1.681829731572901665e-01
1.030314956634999571e-02 -1.697614956477583592e-01
1.039848343551847375e-02 -1.713937840761962927e-01
1.049469941811761488e-02 -1.733809108581037539e-01
1.059180567624250398e-02 -1.760159654838061027e-01
1.068981044751115585e-02 -1.789807320722569817e-01
1.078872204576332774e-02 -1.814965423198591499e-01
1.088854886176578857e-02 -1.834427860889610018e-01
1.098929936392411925e-02 -1.853025512782025264e-01
1.109098209900108954e-02 -1.872816264098695338e-01
1.119360569284169257e-02 -1.895019855027900157e-01
1.129717885110488422e-02 -1.919850988275163817e-01
1.140171036000208610e-02 -1.943521364289837461e-01
1.150720908704253725e-02 -1.962023505564117754e-01
1.161368398178552926e-02 -1.978377033586234124e-01
1.172114407659960618e-02 -1.999011170911931534e-01
1.182959848742878677e-02 -2.027047653373046376e-01
1.193905641456588333e-02 -2.062739607009546616e-01
1.204952714343296948e-02 -2.101698446834889544e-01
1.216102004536907116e-02 -2.137081324239869240e-01
1.227354457842514714e-02 -2.167885393891456625e-01
1.238711028816642280e-02 -2.200111057132922432e-01
1.250172680848215222e-02 -2.236323330734877046e-01
1.261740386240286886e-02 -2.275211199841939425e-01
1.273415126292520155e-02 -2.313908328749345600e-01
1.285197891384431447e-02 -2.350294316659570226e-01
1.297089681059406668e-02 -2.390430435152769706e-01
1.309091504109492245e-02 -2.443527958087537422e-01
1.321204378660972845e-02 -2.510506765350482006e-01
1.333429332260739446e-02 -2.586501599091406423e-01
1.345767401963457455e-02 -2.662661552047672631e-01
1.358219634419540953e-02 -2.728338606975296843e-01
1.370787085963940874e-02 -2.784281862856302636e-01
1.383470822705755443e-02 -2.838187554509475907e-01
1.396271920618668769e-02 -2.892643877848546929e-01
1.409191465632226616e-02 -2.947875091702393258e-01
1.422230553723957507e-02 -3.004089287563962984e-01
1.435390291012345054e-02 -3.063316067120788744e-01
1.448671793850661235e-02 -3.130773673371074484e-01
1.462076188921667373e-02 -3.205476593804335028e-01
1.475604613333192545e-02 -3.278663653794986477e-01
1.489258214714594616e-02 -3.345174406155735913e-01
1.503038151314115174e-02 -3.411571588775798580e-01
1.516945592097134962e-02 -3.489037707018572965e-01
1.530981716845338306e-02 -3.573383128266731101e-01
1.545147716256795034e-02 -3.654115835253333722e-01
1.559444792046968224e-02 -3.729851232921490567e-01
1.573874157050657654e-02 -3.806348543334759915e-01
1.588437035324885213e-02 -3.892954775984292515e-01
1.603134662252732670e-02 -3.990233789480085447e-01
1.617968284648141006e-02 -4.089764450014038988e-01
1.632939160861678757e-02 -4.182901097927298473e-01
1.648048560887288572e-02 -4.266940146167289560e-01
1.663297766470022560e-02 -4.344803220359182983e-01
1.678688071214773370e-02 -4.415675502628412796e-01
1.694220780696012452e-02 -4.473553540565565201e-01
1.709897212568544170e-02 -4.511224004302598067e-01
1.725718696679280975e-02 -4.532735817128276667e-01
1.741686575180058719e-02 -4.553448476468264228e-01
1.757802202641490716e-02 -4.591757887107229541e-01
1.774066946167877218e-02 -4.661898649682695850e-01
1.790482185513180002e-02 -4.759291305851284237e-01
1.807049313198066595e-02 -4.856985755627743484e-01
1.823769734628039041e-02 -4.937628888199954713e-01
1.840644868212657284e-02 -5.012074110994554355e-01
1.857676145485862712e-02 -5.086893985699643128e-01
1.874865011227417472e-02 -5.155997331061225042e-01
1.892212923585466500e-02 -5.208597551323778108e-01
1.909721354200233021e-02 -5.244067247689592204e-01
1.927391788328858963e-02 -5.275844551692647766e-01
1.945225724971403128e-02 -5.309092087249660530e-01
1.963224676997999199e-02 -5.327282394397132581e-01
1.981390171277197521e-02 -5.324993353153829601e-01
1.999723748805487533e-02 -5.316936760565109665e-01
2.018226964838025148e-02 -5.315482041479944186e-01
2.036901389020563669e-02 -5.331777788020802822e-01
2.055748605522611516e-02 -5.369650995164929608e-01
2.074770213171815009e-02 -5.406502196014678630e-01
2.093967825589591880e-02 -5.409147570156490614e-01
2.113343071328015188e-02 -5.383714267707393475e-01
2.132897594007963568e-02 -5.366390540864169889e-01
2.152633052458553450e-02 -5.374878136416780805e-01
2.172551120857858092e-02 -5.405348148379316431e-01
2.192653488874928697e-02 -5.437031813080063225e-01
2.212941861813133224e-02 -5.416181741998346011e-01
2.233417960754816023e-02 -5.302066447179732966e-01
2.254083522707301182e-02 -5.142482577525873122e-01
2.274940300750243408e-02 -5.005437102285203999e-01
2.295990064184343440e-02 -4.893336785951235557e-01
2.317234598681440494e-02 -4.793881053955291738e-01
2.338675706435991430e-02 -4.694721067641960954e-01
2.360315206317952982e-02 -4.579771111407103801e-01
2.382154934027079160e-02 -4.464302803669802922e-01
2.404196742248643215e-02 -4.368410811185249321e-01
2.426442500810605668e-02 -4.269467243705351023e-01
2.448894096842231527e-02 -4.147866164265056055e-01
2.471553434934177854e-02 -3.980871309499672828e-01
2.494422437300061746e-02 -3.735475745435251627e-01
2.517503043939524690e-02 -3.457772426573270108e-01
2.540797212802803351e-02 -3.230454517578833507e-01
2.564306919956825179e-02 -3.056735284238238370e-01
2.588034159752838903e-02 -2.906071018202597833e-01
2.611980944995599685e-02 -2.737694314312107413e-01
2.636149307114114479e-02 -2.521593419477882181e-01
2.660541296333971892e-02 -2.263142637512569333e-01
2.685158981851264517e-02 -1.943507557045001388e-01
2.710004452008120401e-02 -1.579904579927911557e-01
2.735079814469858900e-02 -1.247584915919486559e-01
2.760387196403787588e-02 -9.562673856479600443e-02
2.785928744659650277e-02 -6.698864141726303123e-02
2.811706625951746613e-02 -3.544572636251776265e-02
2.837723027042736781e-02 -3.744494808084322993e-04
2.863980154929147287e-02 3.416224523828512855e-02
2.890480237028591678e-02 6.815078157414154736e-02
2.917225521368724955e-02 1.038157986908301578e-01
2.944218276777946230e-02 1.420322709990609888e-01
2.971460793077864565e-02 1.812930266829536341e-01
2.998955381277548446e-02 2.183515622445580950e-01
3.026704373769569315e-02 2.555540017006696640e-01
3.054710124527861351e-02 2.949088989120567383e-01
3.082975009307412084e-02 3.347882110016124346e-01
3.111501425845798752e-02 3.708986846248680802e-01
3.140291794066590869e-02 3.988706309528983751e-01
3.169348556284636020e-02 4.209133101954898315e-01
3.198674177413242392e-02 4.425556862407856173e-01
3.228271145173278872e-02 4.667665822956657551e-01
3.258141970304215262e-02 4.925467319015526257e-01
3.288289186777100526e-02 5.195445890305669945e-01
3.318715352009542208e-02 5.434789092930970567e-01
3.349423047082630139e-02 5.594374905479173599e-01
3.380414876959907111e-02 5.694336295640172185e-01
3.411693470708346276e-02 5.759318032412173993e-01
3.443261481721378997e-02 5.771813202685073252e-01
3.475121587943982154e-02 5.721612851014942214e-01
3.507276492099854759e-02 5.614436603210001264e-01
3.539728921920688026e-02 5.447754548038404865e-01
3.572481630377564998e-02 5.220967785598262800e-01
3.605537395914496651e-02 4.940729686317974489e-01
3.638899022684118773e-02 4.637034834038834541e-01
3.672569340785573205e-02 4.341861466908596978e-01
3.706551206504585944e-02 4.041094132480728129e-01
3.740847502555770532e-02 3.680976685165283091e-01
3.775461138327167870e-02 3.272519623554447921e-01
3.810395050127058508e-02 2.871088804798271887e-01
3.845652201433046730e-02 2.477450322860213772e-01
3.881235583143457374e-02 2.084088087568190251e-01
3.917148213831057185e-02 1.686688591920835478e-01
3.953393139999124284e-02 1.277944540810195539e-01
3.989973436339881718e-02 9.003746976285652293e-02
4.026892205995331875e-02 5.892215637906537268e-02
4.064152580820495214e-02 3.273841132383648739e-02
4.101757721649090110e-02 6.305922512951796753e-03
4.139710818561669753e-02 -2.319770875531182094e-02
4.178015091156239008e-02 -5.076666231162385579e-02
4.216673788821375529e-02 -7.366416717464867314e-02
4.255690191011881479e-02 -9.439001547395553526e-02
4.295067607526977665e-02 -1.113470660794345507e-01
4.334809378791082413e-02 -1.206377235865843944e-01
4.374918876137179335e-02 -1.235959735372506307e-01
4.415399502092812872e-02 -1.199378491036562216e-01
4.456254690668726842e-02 -1.065706737761832612e-01
4.497487907650175171e-02 -8.573556043442354113e-02
4.539102650890927682e-02 -5.895639436475519357e-02
4.581102450609998017e-02 -1.942068586667414221e-02
4.623490869691111727e-02 3.211474474422491843e-02
4.666271503984954078e-02 8.870115677223755490e-02
4.709447982614205913e-02 1.482427122262865438e-01
4.753023968281406414e-02 2.097141181916424013e-01
4.797003157579664973e-02 2.739364953276050008e-01
4.841389281306245074e-02 3.390941410602313355e-01
4.886186104779052797e-02 4.083112516130523728e-01
4.931397428156051449e-02 4.867069517342091922e-01
4.977027086757634250e-02 5.760639872381978499e-01
5.023078951391975189e-02 6.772162286660493580e-01
5.069556928683396219e-02 7.822532953655375598e-01
5.116464961403770217e-02 8.831478925376126110e-01
5.163807028806986776e-02 9.824786006051585696e-01
5.211587146966519674e-02 1.080424941030883046e+00
5.259809369116114075e-02 1.173019745772059474e+00
5.308477785993622605e-02 1.260451635488756938e+00
5.357596526188031921e-02 1.341242490318435454e+00
5.407169756489689505e-02 1.415416812126690349e+00
5.457201682243782020e-02 1.474529135372633304e+00
5.507696547707074258e-02 1.502781861586602874e+00
5.558658636407956544e-02 1.502492326935233713e+00
5.610092271509817263e-02 1.481306050792368545e+00
5.662001816177784919e-02 1.436527983365202266e+00
5.714391673948858441e-02 1.370721347758345088e+00
5.767266289105461158e-02 1.292700293645516973e+00
5.820630147052456571e-02 1.198484690029644861e+00
5.874487774697647463e-02 1.078556783849728529e+00
5.928843740835800652e-02 9.337997825671124907e-01
5.983702656536217523e-02 7.666808362830390688e-01
6.039069175533900991e-02 5.843839231440357551e-01
6.094947994624332760e-02 3.991951923799298974e-01
6.151343854061908090e-02 2.310790693854897770e-01
6.208261537962055793e-02 8.529656060122502159e-02
6.265705874707079570e-02 -4.742263519151614787e-02
6.323681737355757448e-02 -1.636253479459517102e-01
6.382194044056720139e-02 -2.679989609242108273e-01
6.441247758465670770e-02 -3.832313282377246000e-01
6.500847890166451537e-02 -5.165260501994063391e-01
6.560999495096016265e-02 -6.509266706623366705e-01
6.621707675973323437e-02 -7.833262447840293463e-01
6.682977582732212152e-02 -9.218615166034284103e-01
6.744814412958269334e-02 -1.061693942662581325e+00
6.807223412329750645e-02 -1.200430738676445674e+00
6.870209875062577298e-02 -1.349330650837064605e+00
6.933779144359443480e-02 -1.513990813913463462e+00
6.997936612863091266e-02 -1.675972630168115929e+00
7.062687723113772464e-02 -1.811448942097665160e+00
7.128037968010941805e-02 -1.919966106433554032e+00
7.193992891279228641e-02 -2.008654822644797999e+00
7.260558087938712157e-02 -2.078066028597802983e+00
7.327739204779559756e-02 -2.127245846533540430e+00
7.395541940841038331e-02 -2.166079552217681226e+00
7.463972047894983086e-02 -2.218110561460731045e+00
7.533035330933711415e-02 -2.306971037476307274e+00
7.602737648662480363e-02 -2.445412248025740976e+00
7.673084913996473799e-02 -2.623851898532036486e+00
7.744083094562408121e-02 -2.816883050423890200e+00
7.815738213204771745e-02 -2.994778595611118810e+00
7.888056348496745585e-02 -3.134886815473836741e+00
7.961043635255853068e-02 -3.221668388156222917e+00
8.034706265064388286e-02 -3.249341527501437010e+00
8.109050486794652790e-02 -3.220974698656305257e+00
8.184082607139045451e-02 -3.136445234553822736e+00
8.259808991145077550e-02 -3.000719882380251224e+00
8.336236062755317255e-02 -2.838663105393503638e+00
8.413370305352339817e-02 -2.697184212937032921e+00
8.491218262308725118e-02 -2.614262851850339242e+00
8.569786537542128935e-02 -2.608522263367277549e+00
8.649081796075511197e-02 -2.701195563861520377e+00
8.729110764602522610e-02 -2.897360967615122629e+00
8.809880232058149574e-02 -3.175752436019414926e+00
8.891397050194617402e-02 -3.499766175780531618e+00
8.973668134162636478e-02 -3.830053478276191026e+00
9.056700463098016352e-02 -4.128455519976974131e+00
9.140501080713717141e-02 -4.364155946429688626e+00
9.225077095897371571e-02 -4.532419945380498305e+00
9.310435683314341460e-02 -4.653289950645676853e+00
9.396584084016346150e-02 -4.775485767123758052e+00
9.483529606055735028e-02 -4.950453785278686070e+00
9.571279625105433286e-02 -5.202788011750102193e+00
9.659841585084624760e-02 -5.520259625688928473e+00
9.749222998790231520e-02 -5.841104015085619494e+00
9.839431448534229074e-02 -6.056358537640051054e+00
9.930474586786862401e-02 -6.044904585505747718e+00
1.002236013682581001e-01 -5.721762124376944314e+00
1.011509589339136261e-01 -5.053722231100747919e+00
1.020868972334765118e-01 -4.056538413179562319e+00
1.030314956635000612e-01 -2.801415642038435294e+00
1.039848343551848381e-01 -1.417000730342561798e+00
1.049469941811762563e-01 -9.704519309826228901e-02
1.059180567624251473e-01 9.691566123980852598e-01
1.068981044751116660e-01 1.640880756849978361e+00
1.078872204576332705e-01 1.803826236101118141e+00
1.088854886176578857e-01 1.437136510517565302e+00
1.098929936392411960e-01 6.324384420453287303e-01
1.109098209900108989e-01 -4.489124728427806299e-01
1.119360569284169327e-01 -1.586769525272390569e+00
1.129717885110488318e-01 -2.555067340454545199e+00
1.140171036000208610e-01 -3.185885194009030474e+00
1.150720908704253725e-01 -3.435089444020150928e+00
1.161368398178553030e-01 -3.407612768367972667e+00
1.172114407659960583e-01 -3.296344232566802201e+00
1.182959848742878711e-01 -3.289463812351623329e+00
1.193905641456588368e-01 -3.489311721931313670e+00
1.204952714343296982e-01 -3.866546589251187882e+00
1.216102004536907116e-01 -4.279490875673517714e+00
1.227354457842514679e-01 -4.545856368998077102e+00
1.238711028816642246e-01 -4.524891633637363242e+00
1.250172680848215256e-01 -4.172688011876395819e+00
1.261740386240287060e-01 -3.557365019282256569e+00
1.273415126292520017e-01 -2.830513795024092616e+00
1.285197891384431412e-01 -2.159619961647074593e+00
1.297089681059406807e-01 -1.671152851122462035e+00
1.309091504109492210e-01 -1.420235999876125366e+00
1.321204378660972845e-01 -1.379667875469949179e+00
1.333429332260739619e-01 -1.464544327210557828e+00
1.345767401963457455e-01 -1.579325037286002376e+00
1.358219634419541022e-01 -1.656791232661796176e+00
1.370787085963940943e-01 -1.675047054395540025e+00
1.383470822705755443e-01 -1.649449969405058836e+00
1.396271920618668561e-01 -1.605409735633419155e+00
1.409191465632226581e-01 -1.550047277191471284e+00
1.422230553723957402e-01 -1.463130900832865011e+00
1.435390291012345054e-01 -1.311677137747286226e+00
1.448671793850661305e-01 -1.070974956287826352e+00
1.462076188921667408e-01 -7.411982903695815139e-01
1.475604613333192650e-01 -3.601182280104582856e-01
1.489258214714594686e-01 1.032473638096388299e-02
1.503038151314115001e-01 3.049801437559332973e-01
1.516945592097135032e-01 4.794750795329600357e-01
1.530981716845338514e-01 5.254467778358649088e-01
1.545147716256795034e-01 4.711871302512090076e-01
1.559444792046968120e-01 3.626377840066048464e-01
1.573874157050657585e-01 2.438661634249842391e-01
1.588437035324885005e-01 1.460508375080343813e-01
1.603134662252732601e-01 8.200393071501077547e-02
1.617968284648141075e-01 4.917068799672834334e-02
1.632939160861678896e-01 4.020082317371775210e-02
1.648048560887288572e-01 4.915208504935527495e-02
1.663297766470022421e-01 7.265354260491678484e-02
1.678688071214773092e-01 1.083081507951654254e-01
1.694220780696012729e-01 1.520993585545898086e-01
1.709897212568544100e-01 1.974561819100532911e-01
1.725718696679281183e-01 2.366302333338247132e-01
1.741686575180058927e-01 2.631560573577201301e-01
1.757802202641490508e-01 2.740960354829228840e-01
1.774066946167877357e-01 2.706411733727843716e-01
1.790482185513180002e-01 2.567197242672601964e-01
1.807049313198066387e-01 2.369279184355735091e-01
1.823769734628039041e-01 2.153127700975945857e-01
1.840644868212657215e-01 1.946918974130572300e-01
1.857676145485862573e-01 1.765038217331658665e-01
1.874865011227417610e-01 1.612315183894754700e-01
1.892212923585466500e-01 1.487635865736882113e-01
1.909721354200232812e-01 1.386056742609848014e-01
1.927391788328859101e-01 1.300652326140734616e-01
1.945225724971403058e-01 1.224275528672706392e-01
1.963224676997999407e-01 1.150957241687378674e-01
1.981390171277197521e-01 1.076776222605063116e-01
1.999723748805487533e-01 1.000136360980793948e-01
2.018226964838024939e-01 9.214825140187374308e-02
2.036901389020563946e-01 8.426606101734503140e-02
2.055748605522611239e-01 7.661255504847978848e-02
2.074770213171814870e-01 6.941899981607076164e-02
2.093967825589591880e-01 6.284872464391712266e-02
2.113343071328015188e-01 5.697187071352252663e-02
2.132897594007963638e-01 5.176742645601917908e-02
2.152633052458553520e-01 4.714673882874118038e-02
2.172551120857857954e-01 4.298685357575948718e-02
2.192653488874928835e-01 3.916467462248399839e-02
2.212941861813133015e-01 3.558307814996310159e-02
2.233417960754816023e-01 3.218406258809183157e-02
2.254083522707301113e-01 2.894869422962756053e-02
2.274940300750243338e-01 2.588758648438906421e-02
2.295990064184343371e-01 2.302651294793419193e-02
2.317234598681440494e-01 2.039160628961807914e-02
2.338675706435991430e-01 1.799849835191879438e-02
2.360315206317953052e-01 1.584756383579794328e-02
2.382154934027078952e-01 1.392455385858933428e-02
2.404196742248643215e-01 1.220516982932068339e-02
2.426442500810605807e-01 1.066146027760138566e-02
2.448894096842231527e-01 9.267447426914071640e-03
2.471553434934177784e-01 8.002634618673336309e-03
2.494422437300061746e-01 6.853086863767295957e-03
2.517503043939524621e-01 5.810283132545395954e-03
2.540797212802803351e-01 4.868888750909650467e-03
2.564306919956825248e-01 4.024414865822389074e-03
2.588034159752838903e-01 3.271559171601787740e-03
2.611980944995599963e-01 2.603672727805763591e-03
2.636149307114114548e-01 2.013003467053135504e-03
2.660541296333971961e-01 1.491488552650218138e-03
2.685158981851264448e-01 1.031528165271183546e-03
2.710004452008120124e-01 6.264979167058381399e-04
2.735079814469859039e-01 2.708320592568481651e-04
2.760387196403787935e-01 -4.015789628014169310e-05
2.785928744659650347e-01 -3.106620287218298340e-04
2.811706625951746474e-01 -5.446056408618793867e-04
2.837723027042736712e-01 -7.458350527846739067e-04
2.863980154929147148e-01 -9.181496685290929183e-04
2.890480237028591470e-01 -1.064985174907778645e-03
2.917225521368724817e-01 -1.188774506107892438e-03
2.944218276777946230e-01 -1.291591926237346940e-03
2.971460793077864704e-01 -1.375884171664091757e-03
2.998955381277548238e-01 -1.443867410886915574e-03
3.026704373769569245e-01 -1.497352036435283147e-03
3.054710124527861281e-01 -1.537808741517079610e-03
3.082975009307412084e-01 -1.566565142279027333e-03
3.111501425845799029e-01 -1.584854064752149946e-03
3.140291794066590869e-01 -1.593890555147682965e-03
3.169348556284636298e-01 -1.594871862411055205e-03
3.198674177413242115e-01 -1.588995556960706018e-03
3.228271145173279288e-01 -1.577343261788573389e-03
3.258141970304215262e-01 -1.560955877779886258e-03
3.288289186777104134e-01 -1.540701235166302887e-03
3.318715352009545816e-01 -1.517327577928158193e-03
3.349423047082633609e-01 -1.491424643804528877e-03
3.380414876959910719e-01 -1.463465407925021835e-03
3.411693470708350162e-01 -1.433823433571591041e-03
3.443261481721382467e-01 -1.402779532260922018e-03
3.475121587943982293e-01 -1.370600526071608181e-03
3.507276492099854481e-01 -1.337492868366587642e-03
3.539728921920687887e-01 -1.303668959652866085e-03
3.572481630377565276e-01 -1.269322706192974352e-03
3.605537395914496512e-01 -1.234660652132620962e-03
3.638899022684118911e-01 -1.199884217402500970e-03
3.672569340785573067e-01 -1.165192923987507173e-03
3.706551206504586360e-01 -1.130750934161335770e-03
3.740847502555770254e-01 -1.096720222497376889e-03
3.775461138327168009e-01 -1.063206255907790752e-03
3.810395050127058925e-01 -1.030293655167587551e-03
3.845652201433046868e-01 -9.980406523774729578e-04
3.881235583143457513e-01 -9.664676676040505343e-04
3.917148213831057602e-01 -9.355893731553519043e-04
3.953393139999124006e-01 -9.054277277073123674e-04
3.989973436339881996e-01 -8.760299002602555144e-04
4.026892205995331597e-01 -8.473754712261841963e-04
4.064152580820494798e-01 -8.194730992477137045e-04
4.101757721649089694e-01 -7.923823357779024483e-04
4.139710818561669892e-01 -7.659320791728697420e-04
4.178015091156238592e-01 -7.400395716991494538e-04
4.216673788821375668e-01 -7.149526699906159737e-04
4.255690191011881063e-01 -6.907925637604406428e-04
4.295067607526977249e-01 -6.673985570743760313e-04
4.334809378791081858e-01 -6.445600816596080800e-04
4.374918876137179335e-01 -6.221858097896415182e-04
4.415399502092812734e-01 -6.004401403933428295e-04
4.456254690668726703e-01 -5.795312279597065498e-04
4.497487907650175032e-01 -5.594384064525168183e-04
4.539102650890927682e-01 -5.400502038175848066e-04
4.581102450609997878e-01 -5.212668916703367891e-04
4.623490869691112004e-01 -5.030162239484132092e-04
4.666271503984954494e-01 -4.852206782166488771e-04
4.709447982614206052e-01 -4.678570701896204087e-04
4.753023968281406275e-01 -4.510091121858090277e-04
4.797003157579664556e-01 -4.348030153407924292e-04
4.841389281306244796e-01 -4.192600178799316601e-04
4.886186104779052797e-01 -4.043372608841700085e-04
4.931397428156051865e-01 -3.899470721024787443e-04
4.977027086757634389e-01 -3.760567796877847596e-04
