5.023078951391972766e-05 -6.581125852596313892e-08
5.069556928683388889e-05 -6.822411248590602071e-08
5.116464961403767209e-05 -7.073082588408778029e-08
5.163807028806978715e-05 -7.333186707923815056e-08
5.211587146966517408e-05 -7.601993154044304865e-08
5.259809369116105792e-05 -7.880915507531787280e-08
5.308477785993620074e-05 -8.170175137134640019e-08
5.357596526188023334e-05 -8.470089864495720938e-08
5.407169756489686838e-05 -8.780579072822665500e-08
5.457201682243774209e-05 -9.102441955204112994e-08
5.507696547707072019e-05 -9.436757664616239141e-08
5.558658636407947621e-05 -9.783082260592046652e-08
5.610092271509814368e-05 -1.014205926725142966e-07
5.662001816177776272e-05 -1.051417552845122135e-07
5.714391673948855254e-05 -1.089931317360636909e-07
5.767266289105452040e-05 -1.129903108217335496e-07
5.820630147052453362e-05 -1.171305110367451675e-07
5.874487774697638518e-05 -1.214246864468925609e-07
5.928843740835797296e-05 -1.258670727954872018e-07
5.983702656536208243e-05 -1.304861398990294371e-07
6.039069175533898090e-05 -1.352655778480608904e-07
6.094947994624323197e-05 -1.402241691614963107e-07
6.151343854061905325e-05 -1.453633713011567925e-07
6.208261537962046349e-05 -1.506865652036461906e-07
6.265705874707077272e-05 -1.562053486172679082e-07
6.323681737355747149e-05 -1.619254599644351943e-07
6.382194044056716117e-05 -1.678478798381392268e-07
6.441247758465660166e-05 -1.739941429750578232e-07
6.500847890166448447e-05 -1.803625528715784545e-07
6.560999495096006865e-05 -1.869529286800533952e-07
6.621707675973320618e-05 -1.937879863718510539e-07
6.682977582732201624e-05 -2.008737598014835936e-07
6.744814412958265366e-05 -2.082222580719022243e-07
6.807223412329740388e-05 -2.158303184275041292e-07
6.870209875062573948e-05 -2.237260653607177936e-07
6.933779144359432660e-05 -2.319008785474056969e-07
6.997936612863088740e-05 -2.403680295561622283e-07
7.062687723113762230e-05 -2.491457235886918431e-07
7.128037968010938271e-05 -2.582565384939181193e-07
7.193992891279217604e-05 -2.676849347001257002e-07
7.260558087938708525e-05 -2.774561741690047672e-07
7.327739204779548296e-05 -2.875775367890879994e-07
7.395541940841035122e-05 -2.980721240875055415e-07
7.463972047894970900e-05 -3.089384468612719813e-07
7.533035330933708054e-05 -3.201968286989615328e-07
7.602737648662468122e-05 -3.318691019251259318e-07
7.673084913996470135e-05 -3.439629694492956445e-07
7.744083094562397159e-05 -3.564902405482247192e-07
7.815738213204768861e-05 -3.694628996396898253e-07
7.888056348496733539e-05 -3.829010036426808551e-07
7.961043635255848851e-05 -3.968317341041940827e-07
8.034706265064376881e-05 -4.112569987017481164e-07
8.109050486794647857e-05 -4.262083058523363217e-07
8.184082607139033080e-05 -4.416863433359341689e-07
8.259808991145073235e-05 -4.577338292817045529e-07
8.336236062755304006e-05 -4.743511763432298074e-07
8.413370305352336012e-05 -4.915670224045972491e-07
8.491218262308711999e-05 -5.093976622621677462e-07
8.569786537542125422e-05 -5.278693102912403275e-07
8.649081796075497601e-05 -5.470002608978585286e-07
8.729110764602517904e-05 -5.668131523555997607e-07
8.809880232058136021e-05 -5.873336124103379436e-07
8.891397050194612133e-05 -6.085844277441521459e-07
8.973668134162622167e-05 -6.305919363162498282e-07
9.056700463098011755e-05 -6.533982351826074036e-07
9.140501080713702852e-05 -6.770029240616295412e-07
9.225077095897366963e-05 -7.014586351803313632e-07
9.310435683314326931e-05 -7.267751263866028325e-07
9.396584084016341878e-05 -7.530037884817867381e-07
9.483529606055720999e-05 -7.801506977721743409e-07
9.571279625105427573e-05 -8.082590345979314655e-07
9.659841585084609408e-05 -8.373815664603010641e-07
9.749222998790226565e-05 -8.675265144613136188e-07
9.839431448534213939e-05 -8.987341535989139999e-07
9.930474586786856308e-05 -9.310467996656633916e-07
1.002236013682579583e-04 -9.644890278540994721e-07
1.011509589339134820e-04 -9.991288054623199861e-07
1.020868972334763565e-04 -1.034974875726160351e-06
1.030314956634999056e-04 -1.072076999090974695e-06
1.039848343551846730e-04 -1.110487576431551674e-06
1.049469941811760989e-04 -1.150246572566268391e-06
1.059180567624249856e-04 -1.191380576473117866e-06
1.068981044751114967e-04 -1.233979996258846097e-06
1.078872204576332200e-04 -1.278037413103701993e-06
1.088854886176578347e-04 -1.323663791270379239e-06
1.098929936392411427e-04 -1.370855573121272635e-06
1.109098209900108428e-04 -1.419718705878457152e-06
1.119360569284168759e-04 -1.470251997747449790e-06
1.129717885110487723e-04 -1.522554325290130229e-06
1.140171036000207905e-04 -1.576638768090524839e-06
1.150720908704253189e-04 -1.632640907542895069e-06
1.161368398178552329e-04 -1.690576572462897041e-06
1.172114407659959940e-04 -1.750514569155677271e-06
1.182959848742878010e-04 -1.812509878826519136e-06
1.193905641456587704e-04 -1.876638328315205177e-06
1.204952714343296340e-04 -1.942979372906611971e-06
1.216102004536906569e-04 -2.011600004141846203e-06
1.227354457842514009e-04 -2.082560051826092818e-06
1.238711028816641597e-04 -2.155936629181746346e-06
1.250172680848214582e-04 -2.231857577375718749e-06
1.261740386240286192e-04 -2.310369853664348432e-06
1.273415126292519537e-04 -2.391537632732888083e-06
1.285197891384430753e-04 -2.475469538897702977e-06
1.297089681059405996e-04 -2.562260907764487234e-06
1.309091504109491746e-04 -2.651992123546036498e-06
1.321204378660972237e-04 -2.744768964305238097e-06
1.333429332260738904e-04 -2.840655343338409219e-06
1.345767401963456707e-04 -2.939778436587757772e-06
1.358219634419540367e-04 -3.042204679618891396e-06
1.370787085963940223e-04 -3.148106619785827996e-06
1.383470822705754793e-04 -3.257536478014349288e-06
1.396271920618667869e-04 -3.370609813571969044e-06
1.409191465632225878e-04 -3.487443195991491818e-06
1.422230553723956845e-04 -3.608137210766974681e-06
1.435390291012344252e-04 -3.732847752011552758e-06
1.448671793850660400e-04 -3.861673848926221864e-06
1.462076188921666593e-04 -3.994724733512550531e-06
1.475604613333191787e-04 -4.132137042054037431e-06
1.489258214714593792e-04 -4.274054765452934352e-06
1.503038151314114394e-04 -4.420645599759152854e-06
1.516945592097134355e-04 -4.571942696324699163e-06
1.530981716845337536e-04 -4.728206702063916113e-06
1.545147716256794134e-04 -4.889513671951226982e-06
1.559444792046967400e-04 -5.055979067559483835e-06
1.573874157050656830e-04 -5.227839070179487771e-06
1.588437035324884346e-04 -5.405185708534625780e-06
1.603134662252731857e-04 -5.588216987872308434e-06
1.617968284648140247e-04 -5.777012674489190265e-06
1.632939160861678171e-04 -5.971846620290209016e-06
1.648048560887287726e-04 -6.172825532509759970e-06
1.663297766470021616e-04 -6.380190179899159751e-06
1.678688071214772372e-04 -6.593987867137756381e-06
1.694220780696011769e-04 -6.814478939846057675e-06
1.709897212568543161e-04 -7.041814041144665257e-06
1.725718696679280292e-04 -7.276180525696049617e-06
1.741686575180057981e-04 -7.517801735557231939e-06
1.757802202641489621e-04 -7.766866517468360624e-06
1.774066946167876340e-04 -8.023534085358085088e-06
1.790482185513179233e-04 -8.288045086635718092e-06
1.807049313198065489e-04 -8.560548093250921122e-06
1.823769734628037913e-04 -8.841265360728810097e-06
1.840644868212656232e-04 -9.130436670291150743e-06
1.857676145485861856e-04 -9.428267820311685843e-06
1.874865011227416648e-04 -9.734933058448603071e-06
1.892212923585465481e-04 -1.005066462675980843e-05
1.909721354200231774e-04 -1.037567355745502794e-05
1.927391788328858225e-04 -1.071021770804135536e-05
1.945225724971402217e-04 -1.105444339828923007e-05
1.963224676997998364e-04 -1.140861028568533972e-05
1.981390171277196339e-04 -1.177292872960700657e-05
1.999723748805486438e-04 -1.214761187905742201e-05
2.018226964838024009e-04 -1.253290815297193286e-05
2.036901389020562758e-04 -1.292904425997998826e-05
2.055748605522610226e-04 -1.333621566930391403e-05
2.074770213171813838e-04 -1.375468328389873099e-05
2.093967825589591067e-04 -1.418466743968304065e-05
2.113343071328014028e-04 -1.462636721862351761e-05
2.132897594007962582e-04 -1.508000917585622788e-05
2.152633052458552464e-04 -1.554585837878874109e-05
2.172551120857856867e-04 -1.602412527040071943e-05
2.192653488874927710e-04 -1.651497067945986044e-05
2.212941861813132042e-04 -1.701859908909190855e-05
2.233417960754814700e-04 -1.753531457634764434e-05
2.254083522707299957e-04 -1.806530761049602581e-05
2.274940300750242182e-04 -1.860873963848434554e-05
2.295990064184342335e-04 -1.916585765928872939e-05
2.317234598681439486e-04 -1.973686601414329303e-05
2.338675706435990400e-04 -2.032188144718111123e-05
2.360315206317952072e-04 -2.092117024729544665e-05
2.382154934027077783e-04 -2.153483168715668194e-05
2.404196742248642152e-04 -2.216306373110753705e-05
2.426442500810604638e-04 -2.280607035161780950e-05
2.448894096842230486e-04 -2.346388139737193312e-05
2.471553434934176704e-04 -2.413673437430487431e-05
2.494422437300060683e-04 -2.482474145188256196e-05
2.517503043939523389e-04 -2.552790345044140286e-05
2.540797212802799600e-04 -2.624652905900546319e-05
2.564306919956823639e-04 -2.698062896585442459e-05
2.588034159752835108e-04 -2.773024331791101990e-05
2.611980944995598449e-04 -2.849537616825004318e-05
2.636149307114110576e-04 -2.927612543119676616e-05
2.660541296333970591e-04 -3.007250466453103676e-05
2.685158981851260332e-04 -3.088454134041993026e-05
2.710004452008118992e-04 -3.171218986508666268e-05
2.735079814469854585e-04 -3.255540565929983477e-05
2.760387196403786352e-04 -3.341406187319244424e-05
2.785928744659646244e-04 -3.428803562984120086e-05
2.811706625951744943e-04 -3.517725298329902857e-05
2.837723027042732206e-04 -3.608164982533356672e-05
2.863980154929145596e-04 -3.700108537168001507e-05
2.890480237028587147e-04 -3.793519133800898310e-05
2.917225521368723654e-04 -3.888381969271122239e-05
2.944218276777941460e-04 -3.984686295119831031e-05
2.971460793077862809e-04 -4.082403158727636766e-05
2.998955381277543806e-04 -4.181490295790488159e-05
3.026704373769567558e-04 -4.281909415283460156e-05
3.054710124527856862e-04 -4.383632371515019721e-05
3.082975009307410805e-04 -4.486611412739050832e-05
3.111501425845793981e-04 -4.590800533996301791e-05
3.140291794066589742e-04 -4.696144507133038983e-05
3.169348556284631532e-04 -4.802589602841236441e-05
3.198674177413240549e-04 -4.910078431907615804e-05
3.228271145173274015e-04 -5.018543571547794753e-05
3.258141970304213376e-04 -5.127933553336713762e-05
3.288289186777098899e-04 -5.238179657619751955e-05
3.318715352009544311e-04 -5.349183748462392029e-05
3.349423047082628730e-04 -5.460891714494167388e-05
3.380414876959908759e-04 -5.573211937840699529e-05
3.411693470708344737e-04 -5.686063268357073667e-05
3.443261481721376959e-04 -5.799327537048497831e-05
3.475121587943980571e-04 -5.912926425338708525e-05
3.507276492099853089e-04 -6.026763529329235558e-05
3.539728921920686291e-04 -6.140714038298445603e-05
3.572481630377563155e-04 -6.254665870860639859e-05
3.605537395914494461e-04 -6.368522327748821134e-05
3.638899022684116756e-04 -6.482143055658359917e-05
3.672569340785571189e-04 -6.595414612083626857e-05
3.706551206504584361e-04 -6.708215594322337395e-05
3.740847502555768537e-04 -6.820405229265237199e-05
3.775461138327166157e-04 -6.931838829997470988e-05
3.810395050127056535e-04 -7.042384235358491488e-05
3.845652201433044800e-04 -7.151885622815729298e-05
3.881235583143455314e-04 -7.260178955321659451e-05
3.917148213831055581e-04 -7.367118155227728757e-05
3.953393139999122029e-04 -7.472534748966684268e-05
3.989973436339879658e-04 -7.576272909999298298e-05
4.026892205995329641e-04 -7.678166189493769900e-05
4.064152580820493067e-04 -7.778050828574209952e-05
4.101757721649087638e-04 -7.875739348320617394e-05
4.139710818561667671e-04 -7.971077910393103592e-05
4.178015091156236623e-04 -8.063876711185560082e-05
4.216673788821373339e-04 -8.153953701876052150e-05
4.255690191011879072e-04 -8.241106310532952267e-05
4.295067607526975085e-04 -8.325134886113731800e-05
4.334809378791080114e-04 -8.405879254180616332e-05
4.374918876137176907e-04 -8.483140086398064229e-05
4.415399502092810661e-04 -8.556727078173755692e-05
4.456254690668724240e-04 -8.626434755037643075e-05
4.497487907650172460e-04 -8.692074831705055187e-05
4.539102650890925188e-04 -8.753474436047537670e-05
4.581102450609995588e-04 -8.810423642412590470e-05
4.623490869691109775e-04 -8.862705391427287086e-05
4.666271503984952018e-04 -8.910122966589414440e-05
4.709447982614203398e-04 -8.952496622461650312e-05
4.753023968281404267e-04 -8.989616168906454331e-05
4.797003157579662197e-04 -9.021301829242291332e-05
4.841389281306242276e-04 -9.047375848354830691e-05
4.886186104779050065e-04 -9.067674281768429946e-05
4.931397428156048934e-04 -9.081993574860337186e-05
4.977027086757631865e-04 -9.090140492032683123e-05
5.023078951391972630e-04 -9.091932621445350906e-05
5.069556928683394310e-04 -9.087187139684346760e-05
5.116464961403767615e-04 -9.075739256898727157e-05
5.163807028806984001e-04 -9.057438056718420175e-05
5.211587146966517679e-04 -9.032141498099259416e-05
5.259809369116111213e-04 -8.999711971793104295e-05
5.308477785993620480e-04 -8.960031798794082503e-05
5.357596526188028755e-04 -8.912941454252551660e-05
5.407169756489687380e-04 -8.858297501508780524e-05
5.457201682243779765e-04 -8.795991773721653282e-05
5.507696547707071613e-04 -8.725944001036198055e-05
5.558658636407953855e-04 -8.648057243544957215e-05
5.610092271509814097e-04 -8.562275961338312771e-05
5.662001816177782100e-04 -8.468573680444753892e-05
5.714391673948855796e-04 -8.366896540600782045e-05
5.767266289105457732e-04 -8.257183937258266249e-05
5.820630147052453362e-04 -8.139413654568276066e-05
5.874487774697645295e-04 -8.013598948048073671e-05
5.928843740835797703e-04 -7.879809612423273270e-05
5.983702656536214748e-04 -7.738123942499478707e-05
6.039069175533897955e-04 -7.588618156311120993e-05
6.094947994624330245e-04 -7.431381070053384946e-05
6.151343854061905054e-04 -7.266509634256212535e-05
6.208261537962052583e-04 -7.094144457548083712e-05
6.265705874707077272e-04 -6.914472982778968840e-05
6.323681737355754196e-04 -6.727727358442697693e-05
6.382194044056716930e-04 -6.534164093688585068e-05
6.441247758465667213e-04 -6.334047478165831079e-05
6.500847890166448718e-04 -6.127650144200384654e-05
6.560999495096013099e-04 -5.915261437384257718e-05
6.621707675973320618e-04 -5.697244812753571276e-05
6.682977582732208943e-04 -5.474014596026221543e-05
6.744814412958265908e-04 -5.246016854453839517e-05
6.807223412329747435e-04 -5.013699395028980624e-05
6.870209875062573135e-04 -4.777526452833885879e-05
6.933779144359439707e-04 -4.537969798726613672e-05
6.997936612863087926e-04 -4.295559442441390446e-05
7.062687723113768735e-04 -4.050894822744449995e-05
7.128037968010938813e-04 -3.804593389098021971e-05
7.193992891279217062e-04 -3.557297452660861846e-05
7.260558087938709338e-04 -3.309606834704705974e-05
7.327739204779548567e-04 -3.062155572350544534e-05
7.395541940841035122e-04 -2.815640385243473913e-05
7.463972047894970900e-04 -2.570788995452036934e-05
7.533035330933707512e-04 -2.328361125861189333e-05
7.602737648662468394e-04 -2.089071288012592402e-05
7.673084913996469593e-04 -1.853630103783611823e-05
7.744083094562396888e-04 -1.622776531039952133e-05
7.815738213204768319e-04 -1.397283994568970317e-05
7.888056348496733268e-04 -1.177957826410592632e-05
7.961043635255849122e-04 -9.655583688276663459e-06
8.034706265064376881e-04 -7.607935355565587684e-06
8.109050486794647586e-04 -5.643615783978909866e-06
8.184082607139033351e-04 -3.770132530734548842e-06
8.259808991145073777e-04 -1.994866272766429925e-06
8.336236062755303464e-04 -3.246248556701343913e-07
8.413370305352335741e-04 1.234671552022265474e-06
8.491218262308711457e-04 2.677484963282364331e-06
8.569786537542125422e-04 3.998157536931963476e-06
8.649081796075497059e-04 5.191449986699730342e-06
8.729110764602518446e-04 6.253165692061882711e-06
8.809880232058135479e-04 7.180614625328899846e-06
8.891397050194612675e-04 7.971769316978814896e-06
8.973668134162622167e-04 8.624770768835772323e-06
9.056700463098011755e-04 9.139081405976947131e-06
9.140501080713703394e-04 9.516106615138365585e-06
9.225077095897367234e-04 9.759073535179472420e-06
9.310435683314326931e-04 9.872117849294235263e-06
9.396584084016341336e-04 9.860418335882426837e-06
9.483529606055720457e-04 9.731408090095696121e-06
9.571279625105428386e-04 9.495454898561022587e-06
9.659841585084609408e-04 9.164338763544384452e-06
9.749222998790225752e-04 8.751018461236277824e-06
9.839431448534212855e-04 8.270709268987396068e-06
9.930474586786856850e-04 7.741573649684816124e-06
1.002236013682579474e-03 7.184057673170716578e-06
1.011509589339135715e-03 6.618938036660550780e-06
1.020868972334763565e-03 6.068941267284245957e-06
1.030314956635000221e-03 5.559353891305196355e-06
1.039848343551846811e-03 5.116773639015893366e-06
1.049469941811762182e-03 4.767340267770986046e-06
1.059180567624249964e-03 4.537711921629333754e-06
1.068981044751116105e-03 4.455638298847023597e-06
1.078872204576332037e-03 4.548124602546646063e-06
1.088854886176579377e-03 4.839885614802373705e-06
1.098929936392411318e-03 5.354166358405208343e-06
1.109098209900109648e-03 6.112438525043911044e-06
1.119360569284168650e-03 7.132847919190496437e-06
1.129717885110488942e-03 8.428638533022478547e-06
1.140171036000207959e-03 1.000939431946433211e-05
1.150720908704254246e-03 1.187994009855246871e-05
1.161368398178552275e-03 1.403872110317937781e-05
1.172114407659961268e-03 1.647801892243250970e-05
1.182959848742877983e-03 1.918433013457229919e-05
1.193905641456588897e-03 2.213764339067817236e-05
1.204952714343296340e-03 2.531074630095840974e-05
1.216102004536907897e-03 2.867045406371062009e-05
1.227354457842514063e-03 3.217814275507589717e-05
1.238711028816642844e-03 3.578963969189010840e-05
1.250172680848214528e-03 3.945624081854524331e-05
1.261740386240287493e-03 4.312686612492315231e-05
1.273415126292519375e-03 4.674827531287453563e-05
1.285197891384430753e-03 5.026606450531947800e-05
1.297089681059406105e-03 5.362889425930976629e-05
1.309091504109491638e-03 5.678875263809395068e-05
1.321204378660972237e-03 5.970113172599293672e-05
1.333429332260738795e-03 6.233007202309868826e-05
1.345767401963456761e-03 6.464913802045400392e-05
1.358219634419540259e-03 6.664046617230117244e-05
1.370787085963940223e-03 6.829936968566852962e-05
1.383470822705754793e-03 6.963461483276013446e-05
1.396271920618668031e-03 7.066561246805114444e-05
1.409191465632225878e-03 7.142642312467349945e-05
1.422230553723956683e-03 7.196401874342535441e-05
1.435390291012344360e-03 7.233276030372385343e-05
1.448671793850660455e-03 7.259718320965507122e-05
1.462076188921666809e-03 7.282784293559180970e-05
1.475604613333191895e-03 7.309358267467046190e-05
1.489258214714593792e-03 7.346439434697816769e-05
1.503038151314114394e-03 7.400197576716765287e-05
1.516945592097134138e-03 7.475532711367081137e-05
1.530981716845337699e-03 7.576185387313534689e-05
1.545147716256794297e-03 7.703822861923309941e-05
1.559444792046967400e-03 7.858111360193791386e-05
1.573874157050656830e-03 8.036770610113861660e-05
1.588437035324884346e-03 8.235307541214795073e-05
1.603134662252731803e-03 8.447545999158436695e-05
1.617968284648140355e-03 8.665853491664190155e-05
1.632939160861678063e-03 8.881845544132255666e-05
1.648048560887287834e-03 9.087425820611429715e-05
1.663297766470021562e-03 9.274884931197701634e-05
1.678688071214772372e-03 9.438286172951346220e-05
1.694220780696011714e-03 9.574048781150438104e-05
1.709897212568543216e-03 9.681443859730483553e-05
1.725718696679280238e-03 9.763136112766939508e-05
1.741686575180057981e-03 9.824642058844812345e-05
1.757802202641489675e-03 9.874570392593249462e-05
1.774066946167876394e-03 9.923270929446517728e-05
1.790482185513179178e-03 9.982013548946073198e-05
1.807049313198065598e-03 1.006174636047929040e-04
1.823769734628038130e-03 1.017130001421152490e-04
1.840644868212656287e-03 1.031657529231121281e-04
1.857676145485861801e-03 1.049892036555513333e-04
1.874865011227416648e-03 1.071507882321180336e-04
1.892212923585465589e-03 1.095697410545851488e-04
1.909721354200231936e-03 1.121271295248073215e-04
1.927391788328858225e-03 1.146776307214355557e-04
1.945225724971402000e-03 1.170718534211496309e-04
1.963224676997998418e-03 1.191760322427460559e-04
1.981390171277196393e-03 1.208936205386758870e-04
1.999723748805486492e-03 1.221833260425972097e-04
2.018226964838023847e-03 1.230656456844012113e-04
2.036901389020562975e-03 1.236230388113925005e-04
2.055748605522610389e-03 1.239858127212330446e-04
2.074770213171814055e-03 1.243108483252608216e-04
2.093967825589591013e-03 1.247515299598209127e-04
2.113343071328013974e-03 1.254301452191128275e-04
2.132897594007962527e-03 1.264119352770069033e-04
2.152633052458552410e-03 1.276937325359052649e-04
2.172551120857856705e-03 1.292034811425751795e-04
2.192653488874927656e-03 1.308179081065800637e-04
2.212941861813132096e-03 1.323948183625735958e-04
2.233417960754814809e-03 1.338099045334602646e-04
2.254083522707299794e-03 1.349927267680720586e-04
2.274940300750242020e-03 1.359506587882965091e-04
2.295990064184342226e-03 1.367774560584747933e-04
2.317234598681439540e-03 1.376347753641378891e-04
2.338675706435990129e-03 1.387161140544983945e-04
2.360315206317949686e-03 1.401976290416106564e-04
2.382154934027077946e-03 1.421893134451178735e-04
2.404196742248639659e-03 1.446991268522474883e-04
2.426442500810604367e-03 1.476242438005682294e-04
2.448894096842227884e-03 1.507724435748742861e-04
2.471553434934176379e-03 1.539098231647087120e-04
2.494422437300057756e-03 1.568238273070592028e-04
2.517503043939523389e-03 1.593815327710724008e-04
2.540797212802799708e-03 1.615668416229497763e-04
2.564306919956823531e-03 1.634800108450089188e-04
2.588034159752835000e-03 1.653003575188968181e-04
2.611980944995598557e-03 1.672247792794899469e-04
2.636149307114110576e-03 1.693995780513779862e-04
2.660541296333970591e-03 1.718728043210115107e-04
2.685158981851260441e-03 1.745851307900306033e-04
2.710004452008118667e-03 1.774040911234540626e-04
2.735079814469854910e-03 1.801864652510192552e-04
2.760387196403786460e-03 1.828422661912351059e-04
2.785928744659646027e-03 1.853703247221203635e-04
2.811706625951745052e-03 1.878429187950709177e-04
2.837723027042732531e-03 1.903441928570304815e-04
2.863980154929145813e-03 1.928870749189682307e-04
2.890480237028587255e-03 1.953557269537105551e-04
2.917225521368723654e-03 1.975129507720476557e-04
2.944218276777941460e-03 1.990872243554052661e-04
2.971460793077862917e-03 1.999152152434781511e-04
2.998955381277543589e-03 2.000834710720952739e-04
3.026704373769567667e-03 1.999916924246538860e-04
3.054710124527856754e-03 2.002838817195080813e-04
3.082975009307410696e-03 2.016459770310322216e-04
3.111501425845793981e-03 2.045361432306986042e-04
3.140291794066589742e-03 2.089599094579791029e-04
3.169348556284631423e-03 2.144015436875549338e-04
3.198674177413240657e-03 2.199644263121737237e-04
3.228271145173274449e-03 2.246861784399578610e-04
3.258141970304213268e-03 2.279026152896835298e-04
3.288289186777099225e-03 2.294960671194013586e-04
3.318715352009544203e-03 2.299143531376491223e-04
3.349423047082628838e-03 2.299497385477389331e-04
3.380414876959908759e-03 2.303802407028791236e-04
3.411693470708344628e-03 2.316521728996559612e-04
3.443261481721380645e-03 2.337546457223226969e-04
3.475121587943980680e-03 2.363298687306579873e-04
3.507276492099856667e-03 2.389282645237508448e-04
3.539728921920686291e-03 2.412506883951404883e-04
3.572481630377566733e-03 2.432450412853413358e-04
3.605537395914494569e-03 2.450212166438054859e-04
3.638899022684120767e-03 2.466776865288602873e-04
3.672569340785571297e-03 2.481815796156452893e-04
3.706551206504587938e-03 2.493842183363238025e-04
3.740847502555768103e-03 2.501521251313938666e-04
3.775461138327169952e-03 2.505099233414888218e-04
3.810395050127056860e-03 2.506908388900160197e-04
3.845652201433048811e-03 2.510683599264235881e-04
3.881235583143455205e-03 2.520289446308487556e-04
3.917148213831059267e-03 2.538567348627555572e-04
3.953393139999122029e-03 2.566481108596725159e-04
3.989973436339883453e-03 2.602425254892553469e-04
4.026892205995329967e-03 2.641785901198134790e-04
4.064152580820497296e-03 2.677621220016593198e-04
4.101757721649087855e-03 2.703362072175373811e-04
4.139710818561672008e-03 2.716977195781336758e-04
4.178015091156236406e-03 2.723925814839274592e-04
4.216673788821373448e-03 2.735635834471384178e-04
4.255690191011879397e-03 2.762736086943435752e-04
4.295067607526975410e-03 2.806880443544050433e-04
4.334809378791079464e-03 2.857569187651849371e-04
4.374918876137176907e-03 2.897705388888317368e-04
4.415399502092810444e-03 2.914838388430634119e-04
4.456254690668724240e-03 2.909517086216933468e-04
4.497487907650172569e-03 2.893860272350437936e-04
4.539102650890925079e-03 2.881666473012517351e-04
4.581102450609995588e-03 2.878811517298066470e-04
4.623490869691109124e-03 2.881829331607583546e-04
4.666271503984952343e-03 2.883915752138278333e-04
4.709447982614203831e-03 2.880409057089327522e-04
4.753023968281404159e-03 2.868257935846326248e-04
4.797003157579662197e-03 2.843089304211000715e-04
4.841389281306242819e-03 2.801664710305016995e-04
4.886186104779049848e-03 2.750135380664574421e-04
4.931397428156049367e-03 2.707784839399358695e-04
4.977027086757631648e-03 2.696991155468766261e-04
5.023078951391972413e-03 2.724972734534559138e-04
5.069556928683393443e-03 2.775004632385119174e-04
5.116464961403767615e-03 2.817406700842370630e-04
5.163807028806984001e-03 2.829958077880606409e-04
5.211587146966517245e-03 2.808202061768671760e-04
5.259809369116111646e-03 2.760101157209276135e-04
5.308477785993619830e-03 2.697759879696832617e-04
5.357596526188028972e-03 2.636387372017083282e-04
5.407169756489686729e-03 2.592581433643566854e-04
5.457201682243779765e-03 2.570950847606837597e-04
5.507696547707071830e-03 2.549678422449590926e-04
5.558658636407953421e-03 2.489397275557512102e-04
5.610092271509814314e-03 2.366658455173314133e-04
5.662001816177782317e-03 2.198111588215468563e-04
5.714391673948855145e-03 2.026213838376841544e-04
5.767266289105458382e-03 1.882348478434865669e-04
5.820630147052453796e-03 1.768569336319943358e-04
5.874487774697644861e-03 1.670094630975627113e-04
5.928843740835797703e-03 1.572225453329718610e-04
5.983702656536214748e-03 1.462710098257925329e-04
6.039069175533898388e-03 1.332219544077945124e-04
6.094947994624329811e-03 1.183744403558237068e-04
6.151343854061904620e-03 1.034452770776004567e-04
6.208261537962052150e-03 8.979828106941789925e-05
6.265705874707076621e-03 7.684203280662885366e-05
6.323681737355753979e-03 6.278543370859349668e-05
6.382194044056716496e-03 4.637773310014198648e-05
6.441247758465666780e-03 2.747164155136397955e-05
6.500847890166448935e-03 6.975882960563556865e-06
6.560999495096013316e-03 -1.318728098510242480e-05
6.621707675973320835e-03 -3.173380969104328746e-05
6.682977582732208509e-03 -5.059794916172969900e-05
6.744814412958265691e-03 -7.378236671949233057e-05
6.807223412329747002e-03 -1.021192308611876455e-04
6.870209875062573135e-03 -1.314644063553141711e-04
6.933779144359439491e-03 -1.582289965050259067e-04
6.997936612863088143e-03 -1.846158828986339568e-04
7.062687723113769168e-03 -2.158659713592401479e-04
7.128037968010938162e-03 -2.536752282875699726e-04
7.193992891279224651e-03 -2.944385944443025948e-04
7.260558087938708688e-03 -3.334836417309173530e-04
7.327739204779555940e-03 -3.701841959339594512e-04
7.395541940841034688e-03 -4.088980215743320975e-04
7.463972047894978923e-03 -4.541647989518820942e-04
7.533035330933707946e-03 -5.053423370989871665e-04
7.602737648662476200e-03 -5.580221324792844105e-04
7.673084913996469809e-03 -6.094615113095136613e-04
7.744083094562404478e-03 -6.593822782879571551e-04
7.815738213204768969e-03 -7.083436129099782543e-04
7.888056348496741074e-03 -7.595182097053764783e-04
7.961043635255848905e-03 -8.169763996373539906e-04
8.034706265064384470e-03 -8.778798691812850262e-04
8.109050486794647586e-03 -9.339645586646665209e-04
8.184082607139040941e-03 -9.845483992062754788e-04
8.259808991145072693e-03 -1.039080523486784254e-03
8.336236062755311704e-03 -1.104156639441886828e-03
8.413370305352335307e-03 -1.175789530660252720e-03
8.491218262308719913e-03 -1.246020692846752003e-03
8.569786537542124771e-03 -1.312852073628957518e-03
8.649081796075507034e-03 -1.380431236528526688e-03
8.729110764602518446e-03 -1.449225799808782087e-03
8.809880232058144370e-03 -1.514977395742193172e-03
8.891397050194612892e-03 -1.580760095149351570e-03
8.973668134162631274e-03 -1.656817899583930016e-03
9.056700463098012188e-03 -1.748071528024759897e-03
9.140501080713712284e-03 -1.852209877924482955e-03
9.225077095897368101e-03 -1.963034638157769903e-03
9.310435683314336255e-03 -2.073073034471616029e-03
9.396584084016341987e-03 -2.179424916716113294e-03
9.483529606055730865e-03 -2.283359786827709754e-03
9.571279625105427735e-03 -2.388062444190053053e-03
9.659841585084620250e-03 -2.499492471118954905e-03
9.749222998790225969e-03 -2.621852121184671276e-03
9.839431448534224564e-03 -2.753928430301200159e-03
9.930474586786856850e-03 -2.891580762814648185e-03
1.002236013682581035e-02 -3.036454037931751119e-03
1.011509589339136365e-02 -3.195453100148041778e-03
1.020868972334764216e-02 -3.364463450763353555e-03
1.030314956634999571e-02 -3.535260393597224830e-03
1.039848343551847375e-02 -3.709889951285713465e-03
1.049469941811761488e-02 -3.889525395251568901e-03
1.059180567624250398e-02 -4.070823787792937978e-03
1.068981044751115585e-02 -4.251835975401970814e-03
1.078872204576332774e-02 -4.437757474118881815e-03
1.088854886176578857e-02 -4.637440567282806285e-03
1.098929936392411925e-02 -4.846434323616664007e-03
1.109098209900108954e-02 -5.054359010894862725e-03
1.119360569284169257e-02 -5.262681027775552647e-03
1.129717885110488422e-02 -5.475846217326565089e-03
1.140171036000208610e-02 -5.692499020960450559e-03
1.150720908704253725e-02 -5.912416045691306840e-03
1.161368398178552926e-02 -6.134288372797101242e-03
1.172114407659960618e-02 -6.357947584505241161e-03
1.182959848742878677e-02 -6.589310487743164566e-03
1.193905641456588333e-02 -6.830538827399134164e-03
1.204952714343296948e-02 -7.076835109240909791e-03
1.216102004536907116e-02 -7.325427291917983516e-03
1.227354457842514714e-02 -7.577715256016436841e-03
1.238711028816642280e-02 -7.834539014543265636e-03
1.250172680848215222e-02 -8.099650350667625051e-03
1.261740386240286886e-02 -8.367024025242071270e-03
1.273415126292520155e-02 -8.621826543632049936e-03
1.285197891384431447e-02 -8.865690904406881706e-03
1.297089681059406668e-02 -9.116909166766462916e-03
1.309091504109492245e-02 -9.391470026478040967e-03
1.321204378660972845e-02 -9.699830201354137788e-03
1.333429332260739446e-02 -1.003968473011273427e-02
1.345767401963457455e-02 -1.039115690303271493e-02
1.358219634419540953e-02 -1.074008951280639931e-02
1.370787085963940874e-02 -1.109288743176015980e-02
1.383470822705755443e-02 -1.146179514145331986e-02
1.396271920618668769e-02 -1.184961290275532778e-02
1.409191465632226616e-02 -1.224948140996321051e-02
1.422230553723957507e-02 -1.265655287046545986e-02
1.435390291012345054e-02 -1.306374494176251733e-02
1.448671793850661235e-02 -1.346536938536670863e-02
1.462076188921667373e-02 -1.387490427411602369e-02
1.475604613333192545e-02 -1.430466937906611606e-02
1.489258214714594616e-02 -1.473808837039658655e-02
1.503038151314115174e-02 -1.515866835150576734e-02
1.516945592097134962e-02 -1.558686491549375955e-02
1.530981716845338306e-02 -1.604477979255515552e-02
1.545147716256795034e-02 -1.652907468957695233e-02
1.559444792046968224e-02 -1.701622968106157943e-02
1.573874157050657654e-02 -1.748370790576361800e-02
1.588437035324885213e-02 -1.794216382306987323e-02
1.603134662252732670e-02 -1.841076797874595383e-02
1.617968284648141006e-02 -1.888780310959988287e-02
1.632939160861678757e-02 -1.936147944868506915e-02
1.648048560887288572e-02 -1.983556860839988389e-02
1.663297766470022560e-02 -2.033203453799816221e-02
1.678688071214773370e-02 -2.082994782617098722e-02
1.694220780696012452e-02 -2.125613715330321521e-02
1.709897212568544170e-02 -2.157361696094922329e-02
1.725718696679280975e-02 -2.182884622013837178e-02
1.741686575180058719e-02 -2.208976405610450430e-02
1.757802202641490716e-02 -2.239322037238745261e-02
1.774066946167877218e-02 -2.275186646300494595e-02
1.790482185513180002e-02 -2.316931494041464187e-02
1.807049313198066595e-02 -2.361778224394120440e-02
1.823769734628039041e-02 -2.402101170239915109e-02
1.840644868212657284e-02 -2.434429021199494003e-02
1.857676145485862712e-02 -2.463861228410567025e-02
1.874865011227417472e-02 -2.494857087699864015e-02
1.892212923585466500e-02 -2.525748656534845468e-02
1.909721354200233021e-02 -2.554150267946778130e-02
1.927391788328858963e-02 -2.584012886359159447e-02
1.945225724971403128e-02 -2.617148530302203235e-02
1.963224676997999199e-02 -2.645729649630305588e-02
1.981390171277197521e-02 -2.669583330369398183e-02
1.999723748805487533e-02 -2.696874460130613618e-02
2.018226964838025148e-02 -2.724007486951600387e-02
2.036901389020563669e-02 -2.742578220278224163e-02
2.055748605522611516e-02 -2.757610913763288568e-02
2.074770213171815009e-02 -2.777933931533940401e-02
2.093967825589591880e-02 -2.798263915984357253e-02
2.113343071328015188e-02 -2.815142715590478531e-02
2.132897594007963568e-02 -2.834731468907175644e-02
2.152633052458553450e-02 -2.849138230614799497e-02
2.172551120857858092e-02 -2.847717721505117414e-02
2.192653488874928697e-02 -2.840172724280756733e-02
2.212941861813133224e-02 -2.831238297050286956e-02
2.233417960754816023e-02 -2.808984268494854261e-02
2.254083522707301182e-02 -2.778227284209008538e-02
2.274940300750243408e-02 -2.753662842185002069e-02
2.295990064184343440e-02 -2.730154262108332175e-02
2.317234598681440494e-02 -2.703917407537823406e-02
2.338675706435991430e-02 -2.678893476645238456e-02
2.360315206317952982e-02 -2.645214112256426275e-02
2.382154934027079160e-02 -2.600976030060504415e-02
2.404196742248643215e-02 -2.554271140794903139e-02
2.426442500810605668e-02 -2.494449634731167251e-02
2.448894096842231527e-02 -2.417957353355297892e-02
2.471553434934177854e-02 -2.339392504347711718e-02
2.494422437300061746e-02 -2.253963216366788522e-02
2.517503043939524690e-02 -2.160507799465853987e-02
2.540797212802803351e-02 -2.072663777820226913e-02
2.564306919956825179e-02 -1.982412982138901519e-02
2.588034159752838903e-02 -1.881454244971992804e-02
2.611980944995599685e-02 -1.764665640650893430e-02
2.636149307114114479e-02 -1.618773351683541056e-02
2.660541296333971892e-02 -1.457620852552871972e-02
2.685158981851264517e-02 -1.293713187411063732e-02
2.710004452008120401e-02 -1.118982132822691350e-02
2.735079814469858900e-02 -9.382586431767670279e-03
2.760387196403787588e-02 -7.470154600768216975e-03
2.785928744659650277e-02 -5.438411487130869262e-03
2.811706625951746613e-02 -3.392043973417809867e-03
2.837723027042736781e-02 -1.224716257629225070e-03
2.863980154929147287e-02 1.109938569543993331e-03
2.890480237028591678e-02 3.609726626769642430e-03
2.917225521368724955e-02 6.205996684115057220e-03
2.944218276777946230e-02 8.707572481789396801e-03
2.971460793077864565e-02 1.119908047070884878e-02
2.998955381277548446e-02 1.379462612906108207e-02
3.026704373769569315e-02 1.654409095296693888e-02
3.054710124527861351e-02 1.937840240687023138e-02
3.082975009307412084e-02 2.212580643618520387e-02
3.111501425845798752e-02 2.477815935488483085e-02
3.140291794066590869e-02 2.726883230865172897e-02
3.169348556284636020e-02 2.962414315707872711e-02
3.198674177413242392e-02 3.189241921272397556e-02
3.228271145173278872e-02 3.404364301227818385e-02
3.258141970304215262e-02 3.601557267383136834e-02
3.288289186777100526e-02 3.775273474594521145e-02
3.318715352009542208e-02 3.933001267396256384e-02
3.349423047082630139e-02 4.079352527856319743e-02
3.380414876959907111e-02 4.214042045592866770e-02
3.411693470708346276e-02 4.330219219216084603e-02
3.443261481721378997e-02 4.427547218882563196e-02
3.475121587943982154e-02 4.505578037145639009e-02
3.507276492099854759e-02 4.565572981550474613e-02
3.539728921920688026e-02 4.608019973065106967e-02
3.572481630377564998e-02 4.635022930523367835e-02
3.605537395914496651e-02 4.648370586321348696e-02
3.638899022684118773e-02 4.648858449931483200e-02
3.672569340785573205e-02 4.633050014515855547e-02
3.706551206504585944e-02 4.594698514384151777e-02
3.740847502555770532e-02 4.530555048693558906e-02
3.775461138327167870e-02 4.444132083004450479e-02
3.810395050127058508e-02 4.338892844971913715e-02
3.845652201433046730e-02 4.215568079439654253e-02
3.881235583143457374e-02 4.077181776828062154e-02
3.917148213831057185e-02 3.930540218980107386e-02
3.953393139999124284e-02 3.776432664621619945e-02
3.989973436339881718e-02 3.608846819853159249e-02
4.026892205995331875e-02 3.430586261928417896e-02
4.064152580820495214e-02 3.253737051862547192e-02
4.101757721649090110e-02 3.086792771221031143e-02
4.139710818561669753e-02 2.932746455137939801e-02
4.178015091156239008e-02 2.791081099184029510e-02
4.216673788821375529e-02 2.667567595070992337e-02
4.255690191011881479e-02 2.571594927329089522e-02
4.295067607526977665e-02 2.506396158852190401e-02
4.334809378791082413e-02 2.471422165195448842e-02
4.374918876137179335e-02 2.468666525672666770e-02
4.415399502092812872e-02 2.507664362517681919e-02
4.456254690668726842e-02 2.599507509661926064e-02
4.497487907650175171e-02 2.741960826001238125e-02
4.539102650890927682e-02 2.927339164282416126e-02
4.581102450609998017e-02 3.157765666088477308e-02
4.623490869691111727e-02 3.439980791959304507e-02
4.666271503984954078e-02 3.776078395361952972e-02
4.709447982614205913e-02 4.163744964685670708e-02
4.753023968281406414e-02 4.592966924747578228e-02
4.797003157579664973e-02 5.053023089585146482e-02
4.841389281306245074e-02 5.549008541986602538e-02
4.886186104779052797e-02 6.077229685923062757e-02
4.931397428156051449e-02 6.619059912739062856e-02
4.977027086757634250e-02 7.162279222338337192e-02
5.023078951391975189e-02 7.698468856234534641e-02
5.069556928683396219e-02 8.223053987736117509e-02
5.116464961403770217e-02 8.732902882264710620e-02
5.163807028806986776e-02 9.201841873911180414e-02
5.211587146966519674e-02 9.599548993115222806e-02
5.259809369116114075e-02 9.920019370597729647e-02
5.308477785993622605e-02 1.015831100354003536e-01
5.357596526188031921e-02 1.031422354267897273e-01
5.407169756489689505e-02 1.039031366989732058e-01
5.457201682243782020e-02 1.035390476068437232e-01
5.507696547707074258e-02 1.017886659381090075e-01
5.558658636407956544e-02 9.879516461617220136e-02
5.610092271509817263e-02 9.461027760099006978e-02
5.662001816177784919e-02 8.896452446482629173e-02
5.714391673948858441e-02 8.193660944108602240e-02
5.767266289105461158e-02 7.376585441710843682e-02
5.820630147052456571e-02 6.431331089101779974e-02
5.874487774697647463e-02 5.363042278975244798e-02
5.928843740835800652e-02 4.220632221638276338e-02
5.983702656536217523e-02 3.020904831587304176e-02
6.039069175533900991e-02 1.759823389183487810e-02
6.094947994624332760e-02 4.664903158191529078e-03
6.151343854061908090e-02 -8.069256979151199702e-03
6.208261537962055793e-02 -2.028776672011191676e-02
6.265705874707079570e-02 -3.189840807861917676e-02
6.323681737355757448e-02 -4.256845647123377180e-02
6.382194044056720139e-02 -5.175327622131480065e-02
6.441247758465670770e-02 -5.927721650747680426e-02
6.500847890166451537e-02 -6.519388496492634077e-02
6.560999495096016265e-02 -6.925506179447056543e-02
6.621707675973323437e-02 -7.113270850243796906e-02
6.682977582732212152e-02 -7.073182446712525384e-02
6.744814412958269334e-02 -6.812024781961516229e-02
6.807223412329750645e-02 -6.346632309967654983e-02
6.870209875062577298e-02 -5.703674531936111375e-02
6.933779144359443480e-02 -4.893025113114370800e-02
6.997936612863091266e-02 -3.944282902789425505e-02
7.062687723113772464e-02 -2.897385758502211972e-02
7.128037968010941805e-02 -1.767866259473101220e-02
7.193992891279228641e-02 -5.783331897633545680e-03
7.260558087938712157e-02 6.215807256129336766e-03
7.327739204779559756e-02 1.775134001803784986e-02
7.395541940841038331e-02 2.870029518606499394e-02
7.463972047894983086e-02 3.919881400315106817e-02
7.533035330933711415e-02 4.910039587284282386e-02
7.602737648662480363e-02 5.805293685573849338e-02
7.673084913996473799e-02 6.569642774702214028e-02
7.744083094562408121e-02 7.156537960124349784e-02
7.815738213204771745e-02 7.526667777061743503e-02
7.888056348496745585e-02 7.651916118302261316e-02
7.961043635255853068e-02 7.503397362769945178e-02
8.034706265064388286e-02 7.071512030806700877e-02
8.109050486794652790e-02 6.396740848794144063e-02
8.184082607139045451e-02 5.533480665567995505e-02
8.259808991145077550e-02 4.526085637122530259e-02
8.336236062755317255e-02 3.431510728129228555e-02
8.413370305352339817e-02 2.312806727692170647e-02
8.491218262308725118e-02 1.253896719902350930e-02
8.569786537542128935e-02 3.412879618712294245e-03
8.649081796075511197e-02 -3.714752356346088039e-03
8.729110764602522610e-02 -8.641178082004347116e-03
8.809880232058149574e-02 -1.136751491162729492e-02
8.891397050194617402e-02 -1.209831449104230468e-02
8.973668134162636478e-02 -1.110434046654246512e-02
9.056700463098016352e-02 -8.649330468420562967e-03
9.140501080713717141e-02 -4.982883810436291444e-03
9.225077095897371571e-02 -3.903574320312405655e-04
9.310435683314341460e-02 4.940993601240074515e-03
9.396584084016346150e-02 1.083352662821360224e-02
9.483529606055735028e-02 1.692620159513574807e-02
9.571279625105433286e-02 2.255040240230960294e-02
9.659841585084624760e-02 2.675165533734583795e-02
9.749222998790231520e-02 2.833597274238593491e-02
9.839431448534229074e-02 2.615032545341151871e-02
9.930474586786862401e-02 1.939477182468883620e-02
1.002236013682581001e-01 7.703594635334097204e-03
1.011509589339136261e-01 -8.674564673879042037e-03
1.020868972334765118e-01 -2.883326935135785418e-02
1.030314956635000612e-01 -5.141109611693515241e-02
1.039848343551848381e-01 -7.462039293921433891e-02
1.049469941811762563e-01 -9.629378881668215762e-02
1.059180567624251473e-01 -1.141765364082751033e-01
1.068981044751116660e-01 -1.263096245504383985e-01
1.078872204576332705e-01 -1.317150319510504153e-01
1.088854886176578857e-01 -1.304044270458624144e-01
1.098929936392411960e-01 -1.230103940517504879e-01
1.109098209900108989e-01 -1.108229198127166776e-01
1.119360569284169327e-01 -9.589719434754397087e-02
1.129717885110488318e-01 -8.049473158140327267e-02
1.140171036000208610e-01 -6.642425773682418544e-02
1.150720908704253725e-01 -5.477902921118182888e-02
1.161368398178553030e-01 -4.569261462233964455e-02
1.172114407659960583e-01 -3.853080364897432109e-02
1.182959848742878711e-01 -3.254094751541231761e-02
1.193905641456588368e-01 -2.738542368219913301e-02
1.204952714343296982e-01 -2.330733022284097594e-02
1.216102004536907116e-01 -2.095325444338927076e-02
1.227354457842514679e-01 -2.098067330078852086e-02
1.238711028816642246e-01 -2.362918975634676483e-02
1.250172680848215256e-01 -2.846957161917719123e-02
1.261740386240287060e-01 -3.438045415753490652e-02
1.273415126292520017e-01 -3.993200751439425489e-02
1.285197891384431412e-01 -4.393111923032107236e-02
1.297089681059406807e-01 -4.573019756639270378e-02
1.309091504109492210e-01 -4.522057447070405162e-02
1.321204378660972845e-01 -4.273412460984626210e-02
1.333429332260739619e-01 -3.904311360985166651e-02
1.345767401963457455e-01 -3.503287838247601260e-02
1.358219634419541022e-01 -3.124465534007270229e-02
1.370787085963940943e-01 -2.782216707946021106e-02
1.383470822705755443e-01 -2.462021604027868349e-02
1.396271920618668561e-01 -2.140753829377564296e-02
1.409191465632226581e-01 -1.813890625981142563e-02
1.422230553723957402e-01 -1.503288630677823354e-02
1.435390291012345054e-01 -1.245326685471692500e-02
1.448671793850661305e-01 -1.067395220642274045e-02
1.462076188921667408e-01 -9.691996473170764320e-03
1.475604613333192650e-01 -9.240343925025675670e-03
1.489258214714594686e-01 -8.956119531398612846e-03
1.503038151314115001e-01 -8.527816382616529300e-03
1.516945592097135032e-01 -7.802441695405261390e-03
1.530981716845338514e-01 -6.812137336877369109e-03
1.545147716256795034e-01 -5.721562641807673329e-03
1.559444792046968120e-01 -4.764026789180692348e-03
1.573874157050657585e-01 -4.120369882521086186e-03
1.588437035324885005e-01 -3.776068540283389688e-03
1.603134662252732601e-01 -3.578091155563464711e-03
1.617968284648141075e-01 -3.350319713326877207e-03
1.632939160861678896e-01 -2.946704502619073608e-03
1.648048560887288572e-01 -2.300470542233052501e-03
1.663297766470022421e-01 -1.442086781379206322e-03
1.678688071214773092e-01 -4.698119307095250112e-04
1.694220780696012729e-01 4.968121993458232818e-04
1.709897212568544100e-01 1.355936057589195208e-03
1.725718696679281183e-01 2.035800720446918639e-03
1.741686575180058927e-01 2.493451596858720261e-03
1.757802202641490508e-01 2.725450743937918134e-03
1.774066946167877357e-01 2.762388388953878390e-03
1.790482185513180002e-01 2.651458343299110260e-03
1.807049313198066387e-01 2.451844569978418528e-03
1.823769734628039041e-01 2.225330869353896786e-03
1.840644868212657215e-01 2.016341506898620788e-03
1.857676145485862573e-01 1.843929049074485155e-03
1.874865011227417610e-01 1.710634449525920983e-03
1.892212923585466500e-01 1.610734803579454014e-03
1.909721354200232812e-01 1.534430913757954540e-03
1.927391788328859101e-01 1.470733738155110062e-03
1.945225724971403058e-01 1.409828889180077781e-03
1.963224676997999407e-01 1.344692160634636865e-03
1.981390171277197521e-01 1.271826966211570160e-03
1.999723748805487533e-01 1.191149022856387426e-03
2.018226964838024939e-01 1.105171749190797569e-03
2.036901389020563946e-01 1.017835573788136716e-03
2.055748605522611239e-01 9.332913966391008422e-04
2.074770213171814870e-01 8.549007182353810181e-04
2.093967825589591880e-01 7.846471536321393157e-04
2.113343071328015188e-01 7.229944512951107889e-04
2.132897594007963638e-01 6.691235658264989197e-04
2.152633052458553520e-01 6.214142692726780859e-04
2.172551120857857954e-01 5.779928502655788019e-04
2.192653488874928835e-01 5.372130713783530246e-04
2.212941861813133015e-01 4.979656354537343984e-04
2.233417960754816023e-01 4.597766674863216509e-04
2.254083522707301113e-01 4.227195607142453281e-04
2.274940300750243338e-01 3.872177723418492512e-04
2.295990064184343371e-01 3.538129377742658542e-04
2.317234598681440494e-01 3.229598461137859100e-04
2.338675706435991430e-01 2.949001364556471955e-04
2.360315206317953052e-01 2.696325582695983654e-04
2.382154934027078952e-01 2.469539803380891956e-04
2.404196742248643215e-01 2.265432235279063651e-04
2.426442500810605807e-01 2.080553775808332846e-04
2.448894096842231527e-01 1.911919063625755748e-04
2.471553434934177784e-01 1.757362811091658515e-04
2.494422437300061746e-01 1.615539487173859451e-04
2.517503043939524621e-01 1.485676597881709050e-04
2.540797212802803351e-01 1.367259468982127014e-04
2.564306919956825248e-01 1.259734863576555464e-04
2.588034159752838903e-01 1.162372139147527109e-04
2.611980944995599963e-01 1.074267620074675667e-04
2.636149307114114548e-01 9.944352731903296539e-05
2.660541296333971961e-01 9.219297733057794529e-05
2.685158981851264448e-01 8.559403980440589976e-05
2.710004452008120124e-01 7.958286517893885183e-05
2.735079814469859039e-01 7.411060889811445847e-05
2.760387196403787935e-01 6.913808997119885431e-05
2.785928744659650347e-01 6.463046080952260263e-05
2.811706625951746474e-01 6.055340341799687849e-05
2.837723027042736712e-01 5.687107088660975834e-05
2.863980154929147148e-01 5.354589125432822263e-05
2.890480237028591470e-01 5.054233070930459141e-05
2.917225521368724817e-01 4.783430427701610267e-05
2.944218276777946230e-01 4.539652729389838138e-05
2.971460793077864704e-01 4.319680977057198525e-05
2.998955381277548238e-01 4.120424888200795302e-05
3.026704373769569245e-01 3.939300112058555838e-05
3.054710124527861281e-01 3.774125493822025020e-05
3.082975009307412084e-01 3.623041324495531487e-05
3.111501425845799029e-01 3.484454178286430651e-05
3.140291794066590869e-01 3.357006663939547084e-05
3.169348556284636298e-01 3.239523025378791664e-05
3.198674177413242115e-01 3.131021925006583970e-05
3.228271145173279288e-01 3.030639579070183227e-05
3.258141970304215262e-01 2.937663341708542293e-05
3.288289186777104134e-01 2.851433620953819822e-05
3.318715352009545816e-01 2.771349608798908182e-05
3.349423047082633609e-01 2.696817004708802691e-05
3.380414876959910719e-01 2.627260776144800200e-05
3.411693470708350162e-01 2.562089415298840164e-05
3.443261481721382467e-01 2.500706630174959227e-05
3.475121587943982293e-01 2.442578129101225063e-05
3.507276492099854481e-01 2.387206218188154915e-05
3.539728921920687887e-01 2.334159313214549943e-05
3.572481630377565276e-01 2.283122270265824415e-05
3.605537395914496512e-01 2.233839237472553025e-05
3.638899022684118911e-01 2.186170403596207333e-05
3.672569340785573067e-01 2.140003301267050026e-05
3.706551206504586360e-01 2.095283550716916233e-05
3.740847502555770254e-01 2.051959715857502449e-05
3.775461138327168009e-01 2.009967784701331686e-05
3.810395050127058925e-01 1.969217368343514416e-05
3.845652201433046868e-01 1.929619813559167000e-05
3.881235583143457513e-01 1.891049354654363731e-05
3.917148213831057602e-01 1.853372079298212807e-05
3.953393139999124006e-01 1.816500256419019630e-05
3.989973436339881996e-01 1.780348961073625723e-05
4.026892205995331597e-01 1.744837428126664076e-05
4.064152580820494798e-01 1.709929646632506119e-05
4.101757721649089694e-01 1.675643450092554484e-05
4.139710818561669892e-01 1.641891874685349884e-05
4.178015091156238592e-01 1.608621963026813303e-05
4.216673788821375668e-01 1.575972041320747850e-05
4.255690191011881063e-01 1.544020785275428972e-05
4.295067607526977249e-01 1.512645882250627652e-05
4.334809378791081858e-01 1.481720687608688625e-05
4.374918876137179335e-01 1.451165691491664433e-05
4.415399502092812734e-01 1.421064374726802952e-05
4.456254690668726703e-01 1.391513166891340060e-05
4.497487907650175032e-01 1.362495007574828695e-05
4.539102650890927682e-01 1.333944871527916885e-05
4.581102450609997878e-01 1.305831791437957617e-05
4.623490869691112004e-01 1.278138586232719093e-05
4.666271503984954494e-01 1.250824769179499827e-05
4.709447982614206052e-01 1.223891001386806016e-05
4.753023968281406275e-01 1.197379814498593838e-05
4.797003157579664556e-01 1.171364663044506576e-05
4.841389281306244796e-01 1.145857739317349132e-05
4.886186104779052797e-01 1.120832994225691642e-05
4.931397428156051865e-01 1.096252410066027006e-05
4.977027086757634389e-01 1.072089441404688707e-05
