5.023078951391972766e-05 -3.968240225581869904e-07
5.069556928683388889e-05 -4.109075541568111956e-07
5.116464961403767209e-05 -4.254174490493141700e-07
5.163807028806978715e-05 -4.404644598265453280e-07
5.211587146966517408e-05 -4.560200069063910029e-07
5.259809369116105792e-05 -4.720959966573617626e-07
5.308477785993620074e-05 -4.887130633598491697e-07
5.357596526188023334e-05 -5.058827713567341403e-07
5.407169756489686838e-05 -5.236371459986991883e-07
5.457201682243774209e-05 -5.419789343400466550e-07
5.507696547707072019e-05 -5.609072485089720735e-07
5.558658636407947621e-05 -5.804986342222637860e-07
5.610092271509814368e-05 -6.007107681345374363e-07
5.662001816177776272e-05 -6.216101208363675095e-07
5.714391673948855254e-05 -6.432238206673191831e-07
5.767266289105452040e-05 -6.655439764724051898e-07
5.820630147052453362e-05 -6.886103773802283398e-07
5.874487774697638518e-05 -7.124242261774833132e-07
5.928843740835797296e-05 -7.370570300933389908e-07
5.983702656536208243e-05 -7.624179384829750680e-07
6.039069175533898090e-05 -7.886104513373983827e-07
6.094947994624323197e-05 -8.157005217338218744e-07
6.151343854061905325e-05 -8.436158410015092348e-07
6.208261537962046349e-05 -8.724544087967500103e-07
6.265705874707077272e-05 -9.022446442729013854e-07
6.323681737355747149e-05 -9.329548244806828616e-07
6.382194044056716117e-05 -9.647166882070868784e-07
6.441247758465660166e-05 -9.974427531721511325e-07
6.500847890166448447e-05 -1.031222024428514632e-06
6.560999495096006865e-05 -1.066142623998325501e-06
6.621707675973320618e-05 -1.102083351487262544e-06
6.682977582732201624e-05 -1.139174569627749041e-06
6.744814412958265366e-05 -1.177418338600080462e-06
6.807223412329740388e-05 -1.216914762906762665e-06
6.870209875062573948e-05 -1.257564665921012673e-06
6.933779144359432660e-05 -1.299526990688399430e-06
6.997936612863088740e-05 -1.342810391979952091e-06
7.062687723113762230e-05 -1.387469090980057728e-06
7.128037968010938271e-05 -1.433369867753363568e-06
7.193992891279217604e-05 -1.480789176553565243e-06
7.260558087938708525e-05 -1.529634915212837841e-06
7.327739204779548296e-05 -1.580016709337106893e-06
7.395541940841035122e-05 -1.631905351894557243e-06
7.463972047894970900e-05 -1.685452100429782707e-06
7.533035330933708054e-05 -1.740598806282710394e-06
7.602737648662468122e-05 -1.797372000591058964e-06
7.673084913996470135e-05 -1.855823222622714104e-06
7.744083094562397159e-05 -1.915963892648153259e-06
7.815738213204768861e-05 -1.977952507240881494e-06
7.888056348496733539e-05 -2.041741740531832165e-06
7.961043635255848851e-05 -2.107319765300181430e-06
8.034706265064376881e-05 -2.174763672646974200e-06
8.109050486794647857e-05 -2.244158384761583695e-06
8.184082607139033080e-05 -2.315535180026147304e-06
8.259808991145073235e-05 -2.388802559036034867e-06
8.336236062755304006e-05 -2.464170795380901076e-06
8.413370305352336012e-05 -2.541566785221036687e-06
8.491218262308711999e-05 -2.621105846198738509e-06
8.569786537542125422e-05 -2.702771683863038553e-06
8.649081796075497601e-05 -2.786562288102105296e-06
8.729110764602517904e-05 -2.872649705157592200e-06
8.809880232058136021e-05 -2.960917826254253849e-06
8.891397050194612133e-05 -3.051560320144645473e-06
8.973668134162622167e-05 -3.144479730019376809e-06
9.056700463098011755e-05 -3.239732278684906677e-06
9.140501080713702852e-05 -3.337432893521068630e-06
9.225077095897366963e-05 -3.437448854808188319e-06
9.310435683314326931e-05 -3.539975989219086793e-06
9.396584084016341878e-05 -3.644820588880900671e-06
9.483529606055720999e-05 -3.752307176680834324e-06
9.571279625105427573e-05 -3.862314895459848882e-06
9.659841585084609408e-05 -3.974741748964150145e-06
9.749222998790226565e-05 -4.089744032486502321e-06
9.839431448534213939e-05 -4.207351874917505519e-06
9.930474586786856308e-05 -4.327538814875096893e-06
1.002236013682579583e-04 -4.450364618186391259e-06
1.011509589339134820e-04 -4.575735091419209738e-06
1.020868972334763565e-04 -4.703767418695218322e-06
1.030314956634999056e-04 -4.834444823996310119e-06
1.039848343551846730e-04 -4.967698552022330894e-06
1.049469941811760989e-04 -5.103513002549051707e-06
1.059180567624249856e-04 -5.242075019226458788e-06
1.068981044751114967e-04 -5.383052505257005200e-06
1.078872204576332200e-04 -5.526812466760313159e-06
1.088854886176578347e-04 -5.672834378133229926e-06
1.098929936392411427e-04 -5.821743834360548119e-06
1.109098209900108428e-04 -5.972835855855154252e-06
1.119360569284168759e-04 -6.126565544086692422e-06
1.129717885110487723e-04 -6.282570679536905217e-06
1.140171036000207905e-04 -6.440973681782029484e-06
1.150720908704253189e-04 -6.601433023855520277e-06
1.161368398178552329e-04 -6.763839582436001053e-06
1.172114407659959940e-04 -6.928091855659753532e-06
1.182959848742878010e-04 -7.094297655503645428e-06
1.193905641456587704e-04 -7.262110408427103613e-06
1.204952714343296340e-04 -7.431436273229344637e-06
1.216102004536906569e-04 -7.602101227852431859e-06
1.227354457842514009e-04 -7.773925839163196611e-06
1.238711028816641597e-04 -7.946996491802498893e-06
1.250172680848214582e-04 -8.120444814759422993e-06
1.261740386240286192e-04 -8.294402413765081573e-06
1.273415126292519537e-04 -8.468829705779669893e-06
1.285197891384430753e-04 -8.643081997302167263e-06
1.297089681059405996e-04 -8.817051569425040931e-06
1.309091504109491746e-04 -8.990483237981302715e-06
1.321204378660972237e-04 -9.162950505281184136e-06
1.333429332260738904e-04 -9.334157661017424286e-06
1.345767401963456707e-04 -9.503688683492241216e-06
1.358219634419540367e-04 -9.671413810181322829e-06
1.370787085963940223e-04 -9.836393673506720295e-06
1.383470822705754793e-04 -9.998594802782573597e-06
1.396271920618667869e-04 -1.015748215843872709e-05
1.409191465632225878e-04 -1.031246455436386831e-05
1.422230553723956845e-04 -1.046329487295928120e-05
1.435390291012344252e-04 -1.060900340896196522e-05
1.448671793850660400e-04 -1.074907612025673644e-05
1.462076188921666593e-04 -1.088305721955923229e-05
1.475604613333191787e-04 -1.101024901274595605e-05
1.489258214714593792e-04 -1.112993800244091235e-05
1.503038151314114394e-04 -1.124126981009107279e-05
1.516945592097134355e-04 -1.134365609196048410e-05
1.530981716845337536e-04 -1.143563944626702585e-05
1.545147716256794134e-04 -1.151687242441945297e-05
1.559444792046967400e-04 -1.158629598286896556e-05
1.573874157050656830e-04 -1.164269108565832596e-05
1.588437035324884346e-04 -1.168559906190750629e-05
1.603134662252731857e-04 -1.171373700373395389e-05
1.617968284648140247e-04 -1.172595912570346584e-05
1.632939160861678171e-04 -1.172059547595361580e-05
1.648048560887287726e-04 -1.169725671888525501e-05
1.663297766470021616e-04 -1.165405900379950379e-05
1.678688071214772372e-04 -1.159015741548161257e-05
1.694220780696011769e-04 -1.150342562663485145e-05
1.709897212568543161e-04 -1.139317794844272684e-05
1.725718696679280292e-04 -1.125760779744166142e-05
1.741686575180057981e-04 -1.109501387140982556e-05
1.757802202641489621e-04 -1.090383532101893226e-05
1.774066946167876340e-04 -1.068230874432555515e-05
1.790482185513179233e-04 -1.042841385678157534e-05
1.807049313198065489e-04 -1.014064304100901890e-05
1.823769734628037913e-04 -9.816818288166341208e-06
1.840644868212656232e-04 -9.455110576191964498e-06
1.857676145485861856e-04 -9.053481492896808840e-06
1.874865011227416648e-04 -8.609543222254337512e-06
1.892212923585465481e-04 -8.121173753956666363e-06
1.909721354200231774e-04 -7.586102232883171328e-06
1.927391788328858225e-04 -7.001835173881044744e-06
1.945225724971402217e-04 -6.366739142945315310e-06
1.963224676997998364e-04 -5.678468371661722962e-06
1.981390171277196339e-04 -4.934272874762808214e-06
1.999723748805486438e-04 -4.132045323853097465e-06
2.018226964838024009e-04 -3.268882835055004460e-06
2.036901389020562758e-04 -2.342343333367593204e-06
2.055748605522610226e-04 -1.350006094703406304e-06
2.074770213171813838e-04 -2.888473323596594064e-07
2.093967825589591067e-04 8.439530495905007929e-07
2.113343071328014028e-04 2.051131123412293361e-06
2.132897594007962582e-04 3.335639732224524728e-06
2.152633052458552464e-04 4.700516135926598049e-06
2.172551120857856867e-04 6.148725049446535245e-06
2.192653488874927710e-04 7.683328064823370166e-06
2.212941861813132042e-04 9.307253109117141976e-06
2.233417960754814700e-04 1.102380601205681179e-05
2.254083522707299957e-04 1.283598997007164908e-05
2.274940300750242182e-04 1.474722260904750434e-05
2.295990064184342335e-04 1.676015910800074323e-05
2.317234598681439486e-04 1.887721562798711389e-05
2.338675706435990400e-04 2.110057441673425516e-05
2.360315206317952072e-04 2.343305274675855067e-05
2.382154934027077783e-04 2.587674513576434715e-05
2.404196742248642152e-04 2.843469300870108652e-05
2.426442500810604638e-04 3.110974247571760936e-05
2.448894096842230486e-04 3.390364319521977222e-05
2.471553434934176704e-04 3.681953233979941964e-05
2.494422437300060683e-04 3.985960243750739029e-05
2.517503043939523389e-04 4.302575583556406103e-05
2.540797212802799600e-04 4.632136099464866948e-05
2.564306919956823639e-04 4.974772764297036927e-05
2.588034159752835108e-04 5.330711377448302913e-05
2.611980944995598449e-04 5.700123711892042414e-05
2.636149307114110576e-04 6.083151855741791982e-05
2.660541296333970591e-04 6.479901630033202951e-05
2.685158981851260332e-04 6.890370765744424078e-05
2.710004452008118992e-04 7.314509081484337578e-05
2.735079814469854585e-04 7.752217500513333085e-05
2.760387196403786352e-04 8.203448026296848066e-05
2.785928744659646244e-04 8.668120796287840974e-05
2.811706625951744943e-04 9.146145302313770428e-05
2.837723027042732206e-04 9.637429869485220025e-05
2.863980154929145596e-04 1.014186425307065482e-04
2.890480237028587147e-04 1.065920974843282391e-04
2.917225521368723654e-04 1.118931492163875447e-04
2.944218276777941460e-04 1.173200277833821571e-04
2.971460793077862809e-04 1.228699283483745790e-04
2.998955381277543806e-04 1.285393298303598257e-04
3.026704373769567558e-04 1.343242960521612035e-04
3.054710124527856862e-04 1.402194565684358296e-04
3.082975009307410805e-04 1.462175898850292773e-04
3.111501425845793981e-04 1.523113376471180007e-04
3.140291794066589742e-04 1.584938657419314337e-04
3.169348556284631532e-04 1.647579548972817652e-04
3.198674177413240549e-04 1.710959636179430494e-04
3.228271145173274015e-04 1.775006447213369235e-04
3.258141970304213376e-04 1.839643227044784576e-04
3.288289186777098899e-04 1.904787756563477465e-04
3.318715352009544311e-04 1.970343641662908839e-04
3.349423047082628730e-04 2.036228512542721867e-04
3.380414876959908759e-04 2.102339685204252006e-04
3.411693470708344737e-04 2.168570643543011993e-04
3.443261481721376959e-04 2.234777766286019250e-04
3.475121587943980571e-04 2.300823440774249962e-04
3.507276492099853089e-04 2.366571491681314680e-04
3.539728921920686291e-04 2.431879187558165848e-04
3.572481630377563155e-04 2.496615233858153534e-04
3.605537395914494461e-04 2.560653626692175559e-04
3.638899022684116756e-04 2.623857555039535222e-04
3.672569340785571189e-04 2.686095215557812049e-04
3.706551206504584361e-04 2.747240105221015354e-04
3.740847502555768537e-04 2.807158653329969470e-04
3.775461138327166157e-04 2.865706844198399644e-04
3.810395050127056535e-04 2.922724497380116393e-04
3.845652201433044800e-04 2.978026008190999899e-04
3.881235583143455314e-04 3.031430829193130930e-04
3.917148213831055581e-04 3.082778378453555164e-04
3.953393139999122029e-04 3.131918763543027552e-04
3.989973436339879658e-04 3.178714771529060059e-04
4.026892205995329641e-04 3.223032731540628661e-04
4.064152580820493067e-04 3.264754728198650821e-04
4.101757721649087638e-04 3.303757866554546375e-04
4.139710818561667671e-04 3.339936577212028446e-04
4.178015091156236623e-04 3.373147750024911812e-04
4.216673788821373339e-04 3.403227748405825907e-04
4.255690191011879072e-04 3.430000101485823215e-04
4.295067607526975085e-04 3.453316104920397243e-04
4.334809378791080114e-04 3.473085495045151352e-04
4.374918876137176907e-04 3.489211767231707403e-04
4.415399502092810661e-04 3.501620495679047930e-04
4.456254690668724240e-04 3.510251082099391995e-04
4.497487907650172460e-04 3.515056772893732431e-04
4.539102650890925188e-04 3.515985753113858828e-04
4.581102450609995588e-04 3.512908379345924055e-04
4.623490869691109775e-04 3.505676459046574295e-04
4.666271503984952018e-04 3.494177192309361256e-04
4.709447982614203398e-04 3.478359752982156214e-04
4.753023968281404267e-04 3.458189182769461968e-04
4.797003157579662197e-04 3.433665560907854584e-04
4.841389281306242276e-04 3.404814047915133055e-04
4.886186104779050065e-04 3.371668659299295579e-04
4.931397428156048934e-04 3.334183006197035943e-04
4.977027086757631865e-04 3.292227063761184592e-04
5.023078951391972630e-04 3.245670248717694639e-04
5.069556928683394310e-04 3.194441685742471174e-04
5.116464961403767615e-04 3.138539709990419732e-04
5.163807028806984001e-04 3.077995361664489517e-04
5.211587146966517679e-04 3.012863731862900859e-04
5.259809369116111213e-04 2.943212382705416466e-04
5.308477785993620480e-04 2.869013313601842963e-04
5.357596526188028755e-04 2.790113468846192979e-04
5.407169756489687380e-04 2.706343867146674071e-04
5.457201682243779765e-04 2.617642127717506812e-04
5.507696547707071613e-04 2.524019422990501742e-04
5.558658636407953855e-04 2.425523234563890785e-04
5.610092271509814097e-04 2.322239084155790765e-04
5.662001816177782100e-04 2.214211269287603555e-04
5.714391673948855796e-04 2.101318795095921742e-04
5.767266289105457732e-04 1.983338625778471214e-04
5.820630147052453362e-04 1.860145938597444184e-04
5.874487774697645295e-04 1.731741484606641782e-04
5.928843740835797703e-04 1.598228594473560045e-04
5.983702656536214748e-04 1.459743655527335321e-04
6.039069175533897955e-04 1.316372343541948368e-04
6.094947994624330245e-04 1.168029233352358087e-04
6.151343854061905054e-04 1.014518045791983520e-04
6.208261537962052583e-04 8.557854642824153492e-05
6.265705874707077272e-04 6.919341925828756510e-05
6.323681737355754196e-04 5.231889892652566730e-05
6.382194044056716930e-04 3.498038806019845051e-05
6.441247758465667213e-04 1.719163871948725170e-05
6.500847890166448718e-04 -1.052560535278814849e-06
6.560999495096013099e-04 -1.975558720224844763e-05
6.621707675973320618e-04 -3.890006567591149019e-05
6.682977582732208943e-04 -5.845063673864587698e-05
6.744814412958265908e-04 -7.836327997626861791e-05
6.807223412329747435e-04 -9.860506800306762269e-05
6.870209875062573135e-04 -1.191641223729819187e-04
6.933779144359439707e-04 -1.400333997487303664e-04
6.997936612863087926e-04 -1.611838755755008745e-04
7.062687723113768735e-04 -1.825641268236222648e-04
7.128037968010938813e-04 -2.041149522116265014e-04
7.193992891279217062e-04 -2.257908519386704258e-04
7.260558087938709338e-04 -2.475726625045354917e-04
7.327739204779548567e-04 -2.694424208977601667e-04
7.395541940841035122e-04 -2.913550505319052980e-04
7.463972047894970900e-04 -3.132456490726022252e-04
7.533035330933707512e-04 -3.350486077656950382e-04
7.602737648662468394e-04 -3.567255504343179277e-04
7.673084913996469593e-04 -3.782593656496705740e-04
7.744083094562396888e-04 -3.996172620286314917e-04
7.815738213204768319e-04 -4.207358808735497642e-04
7.888056348496733268e-04 -4.415420347516479656e-04
7.961043635255849122e-04 -4.619834493684869857e-04
8.034706265064376881e-04 -4.820419749991325929e-04
8.109050486794647586e-04 -5.016927256938592599e-04
8.184082607139033351e-04 -5.208747516460477582e-04
8.259808991145073777e-04 -5.395097911594774233e-04
8.336236062755303464e-04 -5.575411319199376952e-04
8.413370305352335741e-04 -5.749523128694109279e-04
8.491218262308711457e-04 -5.917213847521566976e-04
8.569786537542125422e-04 -6.077860992579929090e-04
8.649081796075497059e-04 -6.230689889249151070e-04
8.729110764602518446e-04 -6.375266919712857397e-04
8.809880232058135479e-04 -6.511592231208210855e-04
8.891397050194612675e-04 -6.639530720046155987e-04
8.973668134162622167e-04 -6.758532554705087023e-04
9.056700463098011755e-04 -6.868086930688757424e-04
9.140501080713703394e-04 -6.968297164040669752e-04
9.225077095897367234e-04 -7.059666306941942814e-04
9.310435683314326931e-04 -7.142330216151191900e-04
9.396584084016341336e-04 -7.216179662291079266e-04
9.483529606055720457e-04 -7.281649044625700552e-04
9.571279625105428386e-04 -7.339998728227579072e-04
9.659841585084609408e-04 -7.392433585802400415e-04
9.749222998790225752e-04 -7.439734612655191483e-04
9.839431448534212855e-04 -7.483050112782408184e-04
9.930474586786856850e-04 -7.524563790437607683e-04
1.002236013682579474e-03 -7.566736135888690830e-04
1.011509589339135715e-03 -7.611413591013021975e-04
1.020868972334763565e-03 -7.660681651774481739e-04
1.030314956635000221e-03 -7.717695465596272585e-04
1.039848343551846811e-03 -7.785885943079761838e-04
1.049469941811762182e-03 -7.867903864605789183e-04
1.059180567624249964e-03 -7.966547229049995805e-04
1.068981044751116105e-03 -8.085562988187374291e-04
1.078872204576332037e-03 -8.228584770320066574e-04
1.088854886176579377e-03 -8.398328764721464798e-04
1.098929936392411318e-03 -8.597540139791837047e-04
1.109098209900109648e-03 -8.829446876416229863e-04
1.119360569284168650e-03 -9.096755330958283120e-04
1.129717885110488942e-03 -9.400939517887173117e-04
1.140171036000207959e-03 -9.743511412663041380e-04
1.150720908704254246e-03 -1.012606404034897866e-03
1.161368398178552275e-03 -1.054869045754690347e-03
1.172114407659961268e-03 -1.101041121881190989e-03
1.182959848742877983e-03 -1.151041024178613972e-03
1.193905641456588897e-03 -1.204697885151192593e-03
1.204952714343296340e-03 -1.261661280986011661e-03
1.216102004536907897e-03 -1.321533063917675575e-03
1.227354457842514063e-03 -1.383894132993205954e-03
1.238711028816642844e-03 -1.448166909620615455e-03
1.250172680848214528e-03 -1.513665137623307257e-03
1.261740386240287493e-03 -1.579737402958840669e-03
1.273415126292519375e-03 -1.645634587963572346e-03
1.285197891384430753e-03 -1.710483414421262336e-03
1.297089681059406105e-03 -1.773523302907391817e-03
1.309091504109491638e-03 -1.834002226837623496e-03
1.321204378660972237e-03 -1.891091919694215442e-03
1.333429332260738795e-03 -1.944133290416446332e-03
1.345767401963456761e-03 -1.992620105466906544e-03
1.358219634419540259e-03 -2.036059064744573203e-03
1.370787085963940223e-03 -2.074220392784126722e-03
1.383470822705754793e-03 -2.107122739027942910e-03
1.396271920618668031e-03 -2.134870137817885226e-03
1.409191465632225878e-03 -2.157895994132171067e-03
1.422230553723956683e-03 -2.176917047924324666e-03
1.435390291012344360e-03 -2.192714924148408528e-03
1.448671793850660455e-03 -2.206367469439452899e-03
1.462076188921666809e-03 -2.219127991771137863e-03
1.475604613333191895e-03 -2.232182816314716000e-03
1.489258214714593792e-03 -2.246882853639707491e-03
1.503038151314114394e-03 -2.264443341452072444e-03
1.516945592097134138e-03 -2.285823008509932103e-03
1.530981716845337699e-03 -2.311892197360165390e-03
1.545147716256794297e-03 -2.343068520824859169e-03
1.559444792046967400e-03 -2.379393778292129141e-03
1.573874157050656830e-03 -2.420591519649335863e-03
1.588437035324884346e-03 -2.465856527645374652e-03
1.603134662252731803e-03 -2.514085046013786202e-03
1.617968284648140355e-03 -2.563834501209211799e-03
1.632939160861678063e-03 -2.613454377533783179e-03
1.648048560887287834e-03 -2.661387919602240144e-03
1.663297766470021562e-03 -2.706046224022534176e-03
1.678688071214772372e-03 -2.746203026547629125e-03
1.694220780696011714e-03 -2.781087737994221085e-03
1.709897212568543216e-03 -2.810460107415128743e-03
1.725718696679280238e-03 -2.834807219076933196e-03
1.741686575180057981e-03 -2.855127316077463954e-03
1.757802202641489675e-03 -2.873101143258555493e-03
1.774066946167876394e-03 -2.890735990808788493e-03
1.790482185513179178e-03 -2.910244578927212358e-03
1.807049313198065598e-03 -2.933806041735507152e-03
1.823769734628038130e-03 -2.963153543504690093e-03
1.840644868212656287e-03 -2.999484500904599227e-03
1.857676145485861801e-03 -3.043041921633122052e-03
1.874865011227416648e-03 -3.093183136759534470e-03
1.892212923585465589e-03 -3.148269890279051415e-03
1.909721354200231936e-03 -3.205915479761093419e-03
1.927391788328858225e-03 -3.263179032507203259e-03
1.945225724971402000e-03 -3.317041686369711240e-03
1.963224676997998418e-03 -3.364781447928287192e-03
1.981390171277196393e-03 -3.404404050030728889e-03
1.999723748805486492e-03 -3.435027104673105038e-03
2.018226964838023847e-03 -3.456979630042465463e-03
2.036901389020562975e-03 -3.471835764741576860e-03
2.055748605522610389e-03 -3.482112264534837926e-03
2.074770213171814055e-03 -3.490865185860230965e-03
2.093967825589591013e-03 -3.501067248012751897e-03
2.113343071328013974e-03 -3.515083068419844886e-03
2.132897594007962527e-03 -3.534134129666203963e-03
2.152633052458552410e-03 -3.558096588950523075e-03
2.172551120857856705e-03 -3.585473597446321627e-03
2.192653488874927656e-03 -3.613770404907242807e-03
2.212941861813132096e-03 -3.640142722699509035e-03
2.233417960754814809e-03 -3.662158532024842577e-03
2.254083522707299794e-03 -3.678517843226987872e-03
2.274940300750242020e-03 -3.689538813911332447e-03
2.295990064184342226e-03 -3.697357446086199737e-03
2.317234598681439540e-03 -3.705547355791427144e-03
2.338675706435990129e-03 -3.718391716275686910e-03
2.360315206317949686e-03 -3.739876776598342542e-03
2.382154934027077946e-03 -3.772680323589775678e-03
2.404196742248639659e-03 -3.817392299304922607e-03
2.426442500810604367e-03 -3.872291594684185937e-03
2.448894096842227884e-03 -3.933703787097256495e-03
2.471553434934176379e-03 -3.996907449492713080e-03
2.494422437300057756e-03 -4.057367424289670330e-03
2.517503043939523389e-03 -4.111891267624047386e-03
2.540797212802799708e-03 -4.159424661938213551e-03
2.564306919956823531e-03 -4.201107637218746450e-03
2.588034159752835000e-03 -4.239642315802776354e-03
2.611980944995598557e-03 -4.278212704379480077e-03
2.636149307114110576e-03 -4.319265977545845570e-03
2.660541296333970591e-03 -4.363684906501231336e-03
2.685158981851260441e-03 -4.410713107639420948e-03
2.710004452008118667e-03 -4.458652484218321270e-03
2.735079814469854910e-03 -4.506063881907340814e-03
2.760387196403786460e-03 -4.552888684217860915e-03
2.785928744659646027e-03 -4.600936956728622455e-03
2.811706625951745052e-03 -4.653288437640223756e-03
2.837723027042732531e-03 -4.712770903633332897e-03
2.863980154929145813e-03 -4.780057253649615083e-03
2.890480237028587255e-03 -4.852373338411779605e-03
2.917225521368723654e-03 -4.923665017795396046e-03
2.944218276777941460e-03 -4.986504435691486471e-03
2.971460793077862917e-03 -5.035219220316856405e-03
2.998955381277543589e-03 -5.069096805815294197e-03
3.026704373769567667e-03 -5.094026032175390586e-03
3.054710124527856754e-03 -5.121434238765567443e-03
3.082975009307410696e-03 -5.164422074461113600e-03
3.111501425845793981e-03 -5.232427774770834726e-03
3.140291794066589742e-03 -5.326667703916482602e-03
3.169348556284631423e-03 -5.438621587373552828e-03
3.198674177413240657e-03 -5.552652212333079873e-03
3.228271145173274449e-03 -5.652078914064537218e-03
3.258141970304213268e-03 -5.726201586621945672e-03
3.288289186777099225e-03 -5.774930818810508279e-03
3.318715352009544203e-03 -5.808770425854981045e-03
3.349423047082628838e-03 -5.843998498989315567e-03
3.380414876959908759e-03 -5.895190169360626023e-03
3.411693470708344628e-03 -5.968857721297978966e-03
3.443261481721380645e-03 -6.061360845486776089e-03
3.475121587943980680e-03 -6.162040567139280556e-03
3.507276492099856667e-03 -6.259546670357529416e-03
3.539728921920686291e-03 -6.347859798337017120e-03
3.572481630377566733e-03 -6.428844023053616706e-03
3.605537395914494569e-03 -6.510114046760407183e-03
3.638899022684120767e-03 -6.600001688077577859e-03
3.672569340785571297e-03 -6.702821437119040916e-03
3.706551206504587938e-03 -6.816941445982657895e-03
3.740847502555768103e-03 -6.936263393460564280e-03
3.775461138327169952e-03 -7.053797939764989457e-03
3.810395050127056860e-03 -7.165134021148320161e-03
3.845652201433048811e-03 -7.270368900011164696e-03
3.881235583143455205e-03 -7.374256653582865820e-03
3.917148213831059267e-03 -7.484757114671562045e-03
3.953393139999122029e-03 -7.610028651952397902e-03
3.989973436339883453e-03 -7.754373053313337420e-03
4.026892205995329967e-03 -7.914719234908983506e-03
4.064152580820497296e-03 -8.080458516925945189e-03
4.101757721649087855e-03 -8.238583550840474640e-03
4.139710818561672008e-03 -8.382292445278698850e-03
4.178015091156236406e-03 -8.517045871794526324e-03
4.216673788821373448e-03 -8.657815602330093049e-03
4.255690191011879397e-03 -8.817116470558224173e-03
4.295067607526975410e-03 -8.992367480274309280e-03
4.334809378791079464e-03 -9.164295725261987005e-03
4.374918876137176907e-03 -9.310668984942684079e-03
4.415399502092810444e-03 -9.425970562039023490e-03
4.456254690668724240e-03 -9.529521353779907278e-03
4.497487907650172569e-03 -9.652657855010678828e-03
4.539102650890925079e-03 -9.814687222104328743e-03
4.581102450609995588e-03 -1.000954484727231870e-02
4.623490869691109124e-03 -1.021616838637826388e-02
4.666271503984952343e-03 -1.042166966129735514e-02
4.709447982614203831e-03 -1.063212267786423602e-02
4.753023968281404159e-03 -1.085897140584783128e-02
4.797003157579662197e-03 -1.109754498786562869e-02
4.841389281306242819e-03 -1.132585431943252015e-02
4.886186104779049848e-03 -1.152952022154343607e-02
4.931397428156049367e-03 -1.172503139795367730e-02
4.977027086757631648e-03 -1.195006473714700992e-02
5.023078951391972413e-03 -1.222580735998208407e-02
5.069556928683393443e-03 -1.253229364512042747e-02
5.116464961403767615e-03 -1.282681902456272657e-02
5.163807028806984001e-03 -1.308579010344240387e-02
5.211587146966517245e-03 -1.332207414216145594e-02
5.259809369116111646e-03 -1.356119589357042757e-02
5.308477785993619830e-03 -1.381146064883903915e-02
5.357596526188028972e-03 -1.406669524608043960e-02
5.407169756489686729e-03 -1.433047633274500861e-02
5.457201682243779765e-03 -1.461863728255419041e-02
5.507696547707071830e-03 -1.493170409688312876e-02
5.558658636407953421e-03 -1.524043511604178391e-02
5.610092271509814314e-03 -1.551491898396222500e-02
5.662001816177782317e-03 -1.576305431661029210e-02
5.714391673948855145e-03 -1.602475662728837166e-02
5.767266289105458382e-03 -1.632839771930707368e-02
5.820630147052453796e-03 -1.666742264108745861e-02
5.874487774697644861e-03 -1.702023514647304017e-02
5.928843740835797703e-03 -1.737403713244088307e-02
5.983702656536214748e-03 -1.772138756602959636e-02
6.039069175533898388e-03 -1.805406991637058950e-02
6.094947994624329811e-03 -1.837764768793671843e-02
6.151343854061904620e-03 -1.871695914796956545e-02
6.208261537962052150e-03 -1.908586779804371386e-02
6.265705874707076621e-03 -1.946028708811824159e-02
6.323681737355753979e-03 -1.980195570035564803e-02
6.382194044056716496e-03 -2.010319711542936719e-02
6.441247758465666780e-03 -2.039109262897554481e-02
6.500847890166448935e-03 -2.069632262695494246e-02
6.560999495096013316e-03 -2.103515814138470774e-02
6.621707675973320835e-03 -2.140824678692852465e-02
6.682977582732208509e-03 -2.179510205237816106e-02
6.744814412958265691e-03 -2.216415286718995126e-02
6.807223412329747002e-03 -2.250971754828637317e-02
6.870209875062573135e-03 -2.286105011839954099e-02
6.933779144359439491e-03 -2.323393989365271639e-02
6.997936612863088143e-03 -2.359793089863095744e-02
7.062687723113769168e-03 -2.391682393078873106e-02
7.128037968010938162e-03 -2.419973054057740144e-02
7.193992891279224651e-03 -2.449359879095686088e-02
7.260558087938708688e-03 -2.484858527543516021e-02
7.327739204779555940e-03 -2.529563678011940292e-02
7.395541940841034688e-03 -2.582065083844733988e-02
7.463972047894978923e-03 -2.635530717123167263e-02
7.533035330933707946e-03 -2.683157703094566499e-02
7.602737648662476200e-03 -2.724739625379659844e-02
7.673084913996469809e-03 -2.764651552684476918e-02
7.744083094562404478e-03 -2.804521002745723884e-02
7.815738213204768969e-03 -2.841589211609454532e-02
7.888056348496741074e-03 -2.873737201776220204e-02
7.961043635255848905e-03 -2.903762704872574901e-02
8.034706265064384470e-03 -2.937876550760466429e-02
8.109050486794647586e-03 -2.978529408225654915e-02
8.184082607139040941e-03 -3.019316815036262105e-02
8.259808991145072693e-03 -3.050857840357333248e-02
8.336236062755311704e-03 -3.071191358044740929e-02
8.413370305352335307e-03 -3.087236235386220037e-02
8.491218262308719913e-03 -3.108011681470409723e-02
8.569786537542124771e-03 -3.137133529304653168e-02
8.649081796075507034e-03 -3.170144168746424213e-02
8.729110764602518446e-03 -3.201477599883519043e-02
8.809880232058144370e-03 -3.231160706632441038e-02
8.891397050194612892e-03 -3.260059198268380753e-02
8.973668134162631274e-03 -3.285755344525020938e-02
9.056700463098012188e-03 -3.305928108757683059e-02
9.140501080713712284e-03 -3.322201181181715091e-02
9.225077095897368101e-03 -3.342241795720812814e-02
9.310435683314336255e-03 -3.371551081205242245e-02
9.396584084016341987e-03 -3.405891984014024904e-02
9.483529606055730865e-03 -3.443044584427978894e-02
9.571279625105427735e-03 -3.483678702758258305e-02
9.659841585084620250e-03 -3.517773287702331136e-02
9.749222998790225969e-03 -3.534605793758098524e-02
9.839431448534224564e-03 -3.537718916189542401e-02
9.930474586786856850e-03 -3.539239415244866543e-02
1.002236013682581035e-02 -3.544353216680731777e-02
1.011509589339136365e-02 -3.546883899804979812e-02
1.020868972334764216e-02 -3.545978628357111806e-02
1.030314956634999571e-02 -3.545921282339069974e-02
1.039848343551847375e-02 -3.541271641094526773e-02
1.049469941811761488e-02 -3.529547597722294816e-02
1.059180567624250398e-02 -3.523883293367511410e-02
1.068981044751115585e-02 -3.533225857585128166e-02
1.078872204576332774e-02 -3.545084486207280422e-02
1.088854886176578857e-02 -3.547389115289784761e-02
1.098929936392411925e-02 -3.541748908427081594e-02
1.109098209900108954e-02 -3.526379420248079016e-02
1.119360569284169257e-02 -3.500597941824165615e-02
1.129717885110488422e-02 -3.476396340584383959e-02
1.140171036000208610e-02 -3.464769664529353255e-02
1.150720908704253725e-02 -3.459063989828337071e-02
1.161368398178552926e-02 -3.445906473807353737e-02
1.172114407659960618e-02 -3.420045816290084861e-02
1.182959848742878677e-02 -3.383101408188501913e-02
1.193905641456588333e-02 -3.345677494817444336e-02
1.204952714343296948e-02 -3.322424239535430590e-02
1.216102004536907116e-02 -3.310432671910699953e-02
1.227354457842514714e-02 -3.290095626311752286e-02
1.238711028816642280e-02 -3.247795377206315337e-02
1.250172680848215222e-02 -3.181984872760313526e-02
1.261740386240286886e-02 -3.107299128732947738e-02
1.273415126292520155e-02 -3.046327582997158598e-02
1.285197891384431447e-02 -2.999647633093425678e-02
1.297089681059406668e-02 -2.943059216277340781e-02
1.309091504109492245e-02 -2.864913760596961290e-02
1.321204378660972845e-02 -2.775896607880158629e-02
1.333429332260739446e-02 -2.695603831559257105e-02
1.345767401963457455e-02 -2.636039064818837541e-02
1.358219634419540953e-02 -2.576423299950366189e-02
1.370787085963940874e-02 -2.482793704264542670e-02
1.383470822705755443e-02 -2.351735479156483871e-02
1.396271920618668769e-02 -2.209119926806176262e-02
1.409191465632226616e-02 -2.080586917925077856e-02
1.422230553723957507e-02 -1.961999857464511235e-02
1.435390291012345054e-02 -1.819812371611755422e-02
1.448671793850661235e-02 -1.644495765549632005e-02
1.462076188921667373e-02 -1.468925286330010314e-02
1.475604613333192545e-02 -1.316631551500536783e-02
1.489258214714594616e-02 -1.167288108989617858e-02
1.503038151314115174e-02 -9.846280426718416467e-03
1.516945592097134962e-02 -7.638851147138496153e-03
1.530981716845338306e-02 -5.429546600433288531e-03
1.545147716256795034e-02 -3.458486474540070632e-03
1.559444792046968224e-02 -1.485787426889430404e-03
1.573874157050657654e-02 8.230947836379707205e-04
1.588437035324885213e-02 3.301075924466869045e-03
1.603134662252732670e-02 5.453473609278662593e-03
1.617968284648141006e-02 7.394410891930039940e-03
1.632939160861678757e-02 9.797737580475134045e-03
1.648048560887288572e-02 1.291436379136515732e-02
1.663297766470022560e-02 1.623160558683427179e-02
1.678688071214773370e-02 1.927277385711760604e-02
1.694220780696012452e-02 2.235661968885521017e-02
1.709897212568544170e-02 2.589171891166666684e-02
1.725718696679280975e-02 2.957052087498569445e-02
1.741686575180058719e-02 3.290445690207458029e-02
1.757802202641490716e-02 3.613257717610728753e-02
1.774066946167877218e-02 3.961703647196410799e-02
1.790482185513180002e-02 4.306532695601902189e-02
1.807049313198066595e-02 4.620495732350844709e-02
1.823769734628039041e-02 4.940907582310312407e-02
1.840644868212657284e-02 5.310510162631540410e-02
1.857676145485862712e-02 5.698692516489810289e-02
1.874865011227417472e-02 6.059373859825196301e-02
1.892212923585466500e-02 6.424231495121489333e-02
1.909721354200233021e-02 6.831649896116442910e-02
1.927391788328858963e-02 7.232451893204434878e-02
1.945225724971403128e-02 7.594173091611430837e-02
1.963224676997999199e-02 7.964436861475873708e-02
1.981390171277197521e-02 8.363250144780659534e-02
1.999723748805487533e-02 8.738507974342799023e-02
2.018226964838025148e-02 9.080367250554007008e-02
2.036901389020563669e-02 9.422217521924797223e-02
2.055748605522611516e-02 9.752574691828104492e-02
2.074770213171815009e-02 1.006053876138322117e-01
2.093967825589591880e-02 1.040642093427008863e-01
2.113343071328015188e-02 1.080645563487064309e-01
2.132897594007963568e-02 1.118016057020222442e-01
2.152633052458553450e-02 1.149659962169942845e-01
2.172551120857858092e-02 1.179510722749781693e-01
2.192653488874928697e-02 1.207889293020836113e-01
2.212941861813133224e-02 1.234937121579573888e-01
2.233417960754816023e-02 1.265150471150797429e-01
2.254083522707301182e-02 1.296590332955342151e-01
2.274940300750243408e-02 1.323071215174237147e-01
2.295990064184343440e-02 1.346325429514693417e-01
2.317234598681440494e-02 1.369526574967327437e-01
2.338675706435991430e-02 1.391609675079476804e-01
2.360315206317952982e-02 1.413219997858270183e-01
2.382154934027079160e-02 1.434212291643790216e-01
2.404196742248643215e-02 1.451859868050672242e-01
2.426442500810605668e-02 1.469191211316739631e-01
2.448894096842231527e-02 1.488493732328839136e-01
2.471553434934177854e-02 1.505289336744813911e-01
2.494422437300061746e-02 1.518542859804094536e-01
2.517503043939524690e-02 1.531002029722962621e-01
2.540797212802803351e-02 1.544231694948228206e-01
2.564306919956825179e-02 1.560557118352112471e-01
2.588034159752838903e-02 1.576107012633113091e-01
2.611980944995599685e-02 1.583080504830038371e-01
2.636149307114114479e-02 1.583309502087987264e-01
2.660541296333971892e-02 1.584605832605903153e-01
2.685158981851264517e-02 1.592962662280654473e-01
2.710004452008120401e-02 1.607003262451817127e-01
2.735079814469858900e-02 1.616974635577856367e-01
2.760387196403787588e-02 1.618476011554805527e-01
2.785928744659650277e-02 1.615438372058109751e-01
2.811706625951746613e-02 1.611333367320345045e-01
2.837723027042736781e-02 1.608243011540623491e-01
2.863980154929147287e-02 1.604392977281252353e-01
2.890480237028591678e-02 1.597816819832157675e-01
2.917225521368724955e-02 1.591163840930403528e-01
2.944218276777946230e-02 1.588429556545234156e-01
2.971460793077864565e-02 1.589885551896531302e-01
2.998955381277548446e-02 1.592813376960353078e-01
3.026704373769569315e-02 1.596507497721443569e-01
3.054710124527861351e-02 1.598780452124597129e-01
3.082975009307412084e-02 1.597037784320201881e-01
3.111501425845798752e-02 1.591808996960757949e-01
3.140291794066590869e-02 1.585210519244381333e-01
3.169348556284636020e-02 1.578893622939563646e-01
3.198674177413242392e-02 1.575006107024686519e-01
3.228271145173278872e-02 1.575816150916393155e-01
3.258141970304215262e-02 1.579404284585252394e-01
3.288289186777100526e-02 1.582906246314976506e-01
3.318715352009542208e-02 1.584884038899197489e-01
3.349423047082630139e-02 1.585167448883012253e-01
3.380414876959907111e-02 1.582677144860243079e-01
3.411693470708346276e-02 1.576227790464446443e-01
3.443261481721378997e-02 1.566155488611186697e-01
3.475121587943982154e-02 1.553453947712163108e-01
3.507276492099854759e-02 1.537240396812009080e-01
3.539728921920688026e-02 1.515841650844492461e-01
3.572481630377564998e-02 1.489815466988204662e-01
3.605537395914496651e-02 1.461115727121164720e-01
3.638899022684118773e-02 1.434035920903257155e-01
3.672569340785573205e-02 1.412423255094855390e-01
3.706551206504585944e-02 1.392437932882651386e-01
3.740847502555770532e-02 1.368975373577759891e-01
3.775461138327167870e-02 1.345543659406388537e-01
3.810395050127058508e-02 1.327740637008641422e-01
3.845652201433046730e-02 1.317118361849115848e-01
3.881235583143457374e-02 1.314082867027525359e-01
3.917148213831057185e-02 1.320118987542201472e-01
3.953393139999124284e-02 1.339636271991513639e-01
3.989973436339881718e-02 1.378560618415220762e-01
4.026892205995331875e-02 1.436506755223099230e-01
4.064152580820495214e-02 1.507173656959420183e-01
4.101757721649090110e-02 1.587705521357211658e-01
4.139710818561669753e-02 1.679199044637251226e-01
4.178015091156239008e-02 1.783705490782388214e-01
4.216673788821375529e-02 1.897305075628616111e-01
4.255690191011881479e-02 2.012182538599393833e-01
4.295067607526977665e-02 2.126055830045616990e-01
4.334809378791082413e-02 2.235987404178229332e-01
4.374918876137179335e-02 2.335243216618128892e-01
4.415399502092812872e-02 2.420171654738182687e-01
4.456254690668726842e-02 2.489659353629376515e-01
4.497487907650175171e-02 2.540515886260613643e-01
4.539102650890927682e-02 2.565454658646257324e-01
4.581102450609998017e-02 2.558842334072667923e-01
4.623490869691111727e-02 2.516878621042789033e-01
4.666271503984954078e-02 2.430994862984841853e-01
4.709447982614205913e-02 2.291523134635661541e-01
4.753023968281406414e-02 2.099600859717349333e-01
4.797003157579664973e-02 1.861476658449453536e-01
4.841389281306245074e-02 1.573919166963532734e-01
4.886186104779052797e-02 1.236688778927136356e-01
4.931397428156051449e-02 8.541968424153144335e-02
4.977027086757634250e-02 4.248919860697784184e-02
5.023078951391975189e-02 -4.746835225828660923e-03
5.069556928683396219e-02 -5.543348422052387509e-02
5.116464961403770217e-02 -1.089338501462544517e-01
5.163807028806986776e-02 -1.646512723633996034e-01
5.211587146966519674e-02 -2.217997163846988640e-01
5.259809369116114075e-02 -2.792264826466404615e-01
5.308477785993622605e-02 -3.359256402150862519e-01
5.357596526188031921e-02 -3.913754506886644724e-01
5.407169756489689505e-02 -4.448543928688968863e-01
5.457201682243782020e-02 -4.953260488824239305e-01
5.507696547707074258e-02 -5.420491376747089696e-01
5.558658636407956544e-02 -5.835829760791111376e-01
5.610092271509817263e-02 -6.182115175459795831e-01
5.662001816177784919e-02 -6.458388827195731263e-01
5.714391673948858441e-02 -6.673086216483575805e-01
5.767266289105461158e-02 -6.819218648505858127e-01
5.820630147052456571e-02 -6.882492761616585408e-01
5.874487774697647463e-02 -6.860449465985902773e-01
5.928843740835800652e-02 -6.755282806730210643e-01
5.983702656536217523e-02 -6.570104729386062603e-01
6.039069175533900991e-02 -6.311876402145575327e-01
6.094947994624332760e-02 -5.988074320764311675e-01
6.151343854061908090e-02 -5.601726475474199107e-01
6.208261537962055793e-02 -5.165759967700838118e-01
6.265705874707079570e-02 -4.699587566680766826e-01
6.323681737355757448e-02 -4.218657788926828411e-01
6.382194044056720139e-02 -3.741078228088788316e-01
6.441247758465670770e-02 -3.279563663249603911e-01
6.500847890166451537e-02 -2.838311504653099893e-01
6.560999495096016265e-02 -2.415223624382129564e-01
6.621707675973323437e-02 -2.031047998047384728e-01
6.682977582732212152e-02 -1.711904938428905343e-01
6.744814412958269334e-02 -1.460943872642336272e-01
6.807223412329750645e-02 -1.274198131949512702e-01
6.870209875062577298e-02 -1.157007578236525502e-01
6.933779144359443480e-02 -1.117685727725832440e-01
6.997936612863091266e-02 -1.153671217482341443e-01
7.062687723113772464e-02 -1.253302652749277435e-01
7.128037968010941805e-02 -1.401876434944827055e-01
7.193992891279228641e-02 -1.586822419401667517e-01
7.260558087938712157e-02 -1.789743463925653200e-01
7.327739204779559756e-02 -1.986509794853583144e-01
7.395541940841038331e-02 -2.168498987693881774e-01
7.463972047894983086e-02 -2.334172036123458305e-01
7.533035330933711415e-02 -2.472830391167774311e-01
7.602737648662480363e-02 -2.573241434305069686e-01
7.673084913996473799e-02 -2.622951081416629027e-01
7.744083094562408121e-02 -2.597734390067841792e-01
7.815738213204771745e-02 -2.468879053735763829e-01
7.888056348496745585e-02 -2.220353671125998019e-01
7.961043635255853068e-02 -1.849754006661356032e-01
8.034706265064388286e-02 -1.366190254366621282e-01
8.109050486794652790e-02 -7.923098072940600034e-02
8.184082607139045451e-02 -1.452072147270856185e-02
8.259808991145077550e-02 5.518311735033039345e-02
8.336236062755317255e-02 1.253702596837760475e-01
8.413370305352339817e-02 1.910906184204275993e-01
8.491218262308725118e-02 2.479098897044999805e-01
8.569786537542128935e-02 2.927770629314839779e-01
8.649081796075511197e-02 3.227480188910095693e-01
8.729110764602522610e-02 3.356659443926623410e-01
8.809880232058149574e-02 3.319156792080803497e-01
8.891397050194617402e-02 3.136307165725313872e-01
8.973668134162636478e-02 2.837922748824471819e-01
9.056700463098016352e-02 2.456051263148982811e-01
9.140501080713717141e-02 2.021256825913360089e-01
9.225077095897371571e-02 1.561765274999268038e-01
9.310435683314341460e-02 1.091824290411933657e-01
9.396584084016346150e-02 6.032993639457168850e-02
9.483529606055735028e-02 7.682184323197193722e-03
9.571279625105433286e-02 -5.004838847430527482e-02
9.659841585084624760e-02 -1.119381565300529430e-01
9.749222998790231520e-02 -1.743725761085955506e-01
9.839431448534229074e-02 -2.310710783776941946e-01
9.930474586786862401e-02 -2.738909390237873054e-01
1.002236013682581001e-01 -2.955134211049169624e-01
1.011509589339136261e-01 -2.911140624939129729e-01
1.020868972334765118e-01 -2.592884236258547470e-01
1.030314956635000612e-01 -2.025937977423400149e-01
1.039848343551848381e-01 -1.259014923314429879e-01
1.049469941811762563e-01 -3.875897040042310809e-02
1.059180567624251473e-01 4.627164060734368506e-02
1.068981044751116660e-01 1.184670822319606742e-01
1.078872204576332705e-01 1.694692268089243725e-01
1.088854886176578857e-01 1.944261717340015072e-01
1.098929936392411960e-01 1.931562515206020625e-01
1.109098209900108989e-01 1.693274227801441767e-01
1.119360569284169327e-01 1.300834069946963378e-01
1.129717885110488318e-01 8.579079390783958536e-02
1.140171036000208610e-01 4.602883286230791127e-02
1.150720908704253725e-01 1.631509717669854531e-02
1.161368398178553030e-01 -3.451957695753623840e-03
1.172114407659960583e-01 -1.738458691473694639e-02
1.182959848742878711e-01 -2.984751000814345190e-02
1.193905641456588368e-01 -4.240812214013280762e-02
1.204952714343296982e-01 -5.229721480180198750e-02
1.216102004536907116e-01 -5.356082733753655262e-02
1.227354457842514679e-01 -4.002389611575589423e-02
1.238711028816642246e-01 -8.195025675262599188e-03
1.250172680848215256e-01 4.019719133633729846e-02
1.261740386240287060e-01 9.793939199339120327e-02
1.273415126292520017e-01 1.546269422099252333e-01
1.285197891384431412e-01 2.001464675079142053e-01
1.297089681059406807e-01 2.278114854976877046e-01
1.309091504109492210e-01 2.353031451246397898e-01
1.321204378660972845e-01 2.252566677151223440e-01
1.333429332260739619e-01 2.041249815113979349e-01
1.345767401963457455e-01 1.787790838754690359e-01
1.358219634419541022e-01 1.543425693577875346e-01
1.370787085963940943e-01 1.333108648745203739e-01
1.383470822705755443e-01 1.154333489133497065e-01
1.396271920618668561e-01 9.901231777714339377e-02
1.409191465632226581e-01 8.283516514926007879e-02
1.422230553723957402e-01 6.718522842371690840e-02
1.435390291012345054e-01 5.378092860772709649e-02
1.448671793850661305e-01 4.480236296365490423e-02
1.462076188921667408e-01 4.109506536875276450e-02
1.475604613333192650e-01 4.138428606232855134e-02
1.489258214714594686e-01 4.352828513060514465e-02
1.503038151314115001e-01 4.536994312165108095e-02
1.516945592097135032e-01 4.524472722397092361e-02
1.530981716845338514e-01 4.250109152757899911e-02
1.545147716256795034e-01 3.775420900502431815e-02
1.559444792046968120e-01 3.242399105034082102e-02
1.573874157050657585e-01 2.789767656131335663e-02
1.588437035324885005e-01 2.468787134162391331e-02
1.603134662252732601e-01 2.247960069675701555e-02
1.617968284648141075e-01 2.058257240988033490e-02
1.632939160861678896e-01 1.831403513240937794e-02
1.648048560887288572e-01 1.532348556358410947e-02
1.663297766470022421e-01 1.171184067496179940e-02
1.678688071214773092e-01 7.887059131065677492e-03
1.694220780696012729e-01 4.303872216298599944e-03
1.709897212568544100e-01 1.266800348790879426e-03
1.725718696679281183e-01 -1.102393985899521867e-03
1.741686575180058927e-01 -2.791623641476557224e-03
1.757802202641490508e-01 -3.842203184912666540e-03
1.774066946167877357e-01 -4.329717964900120161e-03
1.790482185513180002e-01 -4.360328491238651440e-03
1.807049313198066387e-01 -4.080851468199454823e-03
1.823769734628039041e-01 -3.680233540006913086e-03
1.840644868212657215e-01 -3.314579003666845262e-03
1.857676145485862573e-01 -3.049127256492141329e-03
1.874865011227417610e-01 -2.887838145073166364e-03
1.892212923585466500e-01 -2.808356883826185982e-03
1.909721354200232812e-01 -2.777945236577097302e-03
1.927391788328859101e-01 -2.762560617604193757e-03
1.945225724971403058e-01 -2.733697148907652478e-03
1.963224676997999407e-01 -2.672725388216344415e-03
1.981390171277197521e-01 -2.572449643343501392e-03
1.999723748805487533e-01 -2.436099796939032291e-03
2.018226964838024939e-01 -2.274352287203092356e-03
2.036901389020563946e-01 -2.101454727848764761e-03
2.055748605522611239e-01 -1.931426755846214587e-03
2.074770213171814870e-01 -1.775105205686508536e-03
2.093967825589591880e-01 -1.638565313504727417e-03
2.113343071328015188e-01 -1.522956718486810634e-03
2.132897594007963638e-01 -1.425475752147358117e-03
2.152633052458553520e-01 -1.341009068612448616e-03
2.172551120857857954e-01 -1.263904412710634487e-03
2.192653488874928835e-01 -1.189441524547354620e-03
2.212941861813133015e-01 -1.114716826308347454e-03
2.233417960754816023e-01 -1.038853131372544092e-03
2.254083522707301113e-01 -9.626442506529564198e-04
2.274940300750243338e-01 -8.878806473785904761e-04
2.295990064184343371e-01 -8.166051223289906656e-04
2.317234598681440494e-01 -7.504883395398573862e-04
2.338675706435991430e-01 -6.904659890678993290e-04
2.360315206317953052e-01 -6.366791240161557642e-04
2.382154934027078952e-01 -5.886333911836387316e-04
2.404196742248643215e-01 -5.454782302854680603e-04
2.426442500810605807e-01 -5.063029279962609226e-04
2.448894096842231527e-01 -4.703500950565726066e-04
2.471553434934177784e-01 -4.371174714941265609e-04
2.494422437300061746e-01 -4.063464173237367407e-04
2.517503043939524621e-01 -3.779405158453338996e-04
2.540797212802803351e-01 -3.518652156734572629e-04
2.564306919956825248e-01 -3.280579865426763611e-04
2.588034159752838903e-01 -3.063882803464021204e-04
2.611980944995599963e-01 -2.866634039925604230e-04
2.636149307114114548e-01 -2.686587897623695580e-04
2.660541296333971961e-01 -2.521583166489085306e-04
2.685158981851264448e-01 -2.369833671493223556e-04
2.710004452008120124e-01 -2.230053674021080555e-04
2.735079814469859039e-01 -2.101368316463717316e-04
2.760387196403787935e-01 -1.983150162067880964e-04
2.785928744659650347e-01 -1.874854552553657252e-04
2.811706625951746474e-01 -1.775901443171479255e-04
2.837723027042736712e-01 -1.685617091887100778e-04
2.863980154929147148e-01 -1.603235518522144005e-04
2.890480237028591470e-01 -1.527997752292347951e-04
2.917225521368724817e-01 -1.459361179725488780e-04
2.944218276777946230e-01 -1.396771327585550151e-04
2.971460793077864704e-01 -1.339503198643721073e-04
2.998955381277548238e-01 -1.286847893470365761e-04
3.026704373769569245e-01 -1.238224364118612061e-04
3.054710124527861281e-01 -1.193135000132780973e-04
3.082975009307412084e-01 -1.151168057396394109e-04
3.111501425845799029e-01 -1.111974191846405843e-04
3.140291794066590869e-01 -1.075265336036510113e-04
3.169348556284636298e-01 -1.040802812295603977e-04
3.198674177413242115e-01 -1.008403431524253696e-04
3.228271145173279288e-01 -9.779036236101211076e-05
3.258141970304215262e-01 -9.491857058635653924e-05
3.288289186777104134e-01 -9.221302827780428527e-05
3.318715352009545816e-01 -8.966221187844969093e-05
3.349423047082633609e-01 -8.725427463650508133e-05
3.380414876959910719e-01 -8.497579945020475832e-05
3.411693470708350162e-01 -8.281330052289562595e-05
3.443261481721382467e-01 -8.075183640696898034e-05
3.475121587943982293e-01 -7.877827606300556859e-05
3.507276492099854481e-01 -7.688004959718098576e-05
3.539728921920687887e-01 -7.504661134662616760e-05
3.572481630377565276e-01 -7.327068762895560150e-05
3.605537395914496512e-01 -7.154618903807436077e-05
3.638899022684118911e-01 -6.987059332848469869e-05
3.672569340785573067e-01 -6.824227750169058692e-05
3.706551206504586360e-01 -6.666107180891876023e-05
3.740847502555770254e-01 -6.512607743294235470e-05
3.775461138327168009e-01 -6.363654460303740221e-05
3.810395050127058925e-01 -6.218982073662709519e-05
3.845652201433046868e-01 -6.078422630141914524e-05
3.881235583143457513e-01 -5.941613437947803965e-05
3.917148213831057602e-01 -5.808194894582286913e-05
3.953393139999124006e-01 -5.677982092720741035e-05
3.989973436339881996e-01 -5.550889283032875741e-05
4.026892205995331597e-01 -5.426543988760437927e-05
4.064152580820494798e-01 -5.304870475352497892e-05
4.101757721649089694e-01 -5.185997651291464415e-05
4.139710818561669892e-01 -5.069161387542800212e-05
4.178015091156238592e-01 -4.953971012562977534e-05
4.216673788821375668e-01 -4.841436632201960772e-05
4.255690191011881063e-01 -4.732132172448529908e-05
4.295067607526977249e-01 -4.625283977275355718e-05
4.334809378791081858e-01 -4.520018349256847804e-05
4.374918876137179335e-01 -4.415947025692937316e-05
4.415399502092812734e-01 -4.313800059348726088e-05
4.456254690668726703e-01 -4.214397761809610853e-05
4.497487907650175032e-01 -4.117684069602398588e-05
4.539102650890927682e-01 -4.023075670838896891e-05
4.581102450609997878e-01 -3.930202722916866496e-05
4.623490869691112004e-01 -3.838822574113999974e-05
4.666271503984954494e-01 -3.748647383520849652e-05
4.709447982614206052e-01 -3.659639620227563846e-05
4.753023968281406275e-01 -3.572203320431731474e-05
4.797003157579664556e-01 -3.486923796710409188e-05
4.841389281306244796e-01 -3.403950411506777507e-05
4.886186104779052797e-01 -3.323077351465669006e-05
4.931397428156051865e-01 -3.244037505960559355e-05
4.977027086757634389e-01 -3.166711033793913013e-05
