5.023078951391972766e-05 2.384063053991833034e-02
5.069556928683388889e-05 2.470402078799438864e-02
5.116464961403767209e-05 2.559285354840796362e-02
5.163807028806978715e-05 2.652161415713745474e-02
5.211587146966517408e-05 2.747442339183128399e-02
5.259809369116105792e-05 2.846088535906180980e-02
5.308477785993620074e-05 2.948769887031050391e-02
5.357596526188023334e-05 3.055631171776952010e-02
5.407169756489686838e-05 3.165412247244041993e-02
5.457201682243774209e-05 3.279293482143599836e-02
5.507696547707072019e-05 3.396905796094855379e-02
5.558658636407947621e-05 3.519224458693987617e-02
5.610092271509814368e-05 3.646757566371724990e-02
5.662001816177776272e-05 3.777219872512484894e-02
5.714391673948855254e-05 3.912702564779407810e-02
5.767266289105452040e-05 4.052794362715563675e-02
5.820630147052453362e-05 4.197888826728678885e-02
5.874487774697638518e-05 4.348572574515602307e-02
5.928843740835797296e-05 4.504447513292782201e-02
5.983702656536208243e-05 4.665122335950312726e-02
6.039069175533898090e-05 4.831361955941969322e-02
6.094947994624323197e-05 5.003909255341296852e-02
6.151343854061905325e-05 5.183075219140317186e-02
6.208261537962046349e-05 5.367731280043099018e-02
6.265705874707077272e-05 5.558767672891797712e-02
6.323681737355747149e-05 5.756408844505193911e-02
6.382194044056716117e-05 5.961116723836539649e-02
6.441247758465660166e-05 6.172900617727374029e-02
6.500847890166448447e-05 6.392369497041856807e-02
6.560999495096006865e-05 6.619002513196632631e-02
6.621707675973320618e-05 6.852683867475140023e-02
6.682977582732201624e-05 7.096460721588772336e-02
6.744814412958265366e-05 7.347622907884394927e-02
6.807223412329740388e-05 7.607404670693800053e-02
6.870209875062573948e-05 7.875150631152676162e-02
6.933779144359432660e-05 8.152924333851493954e-02
6.997936612863088740e-05 8.439846533382046323e-02
7.062687723113762230e-05 8.737799687130967663e-02
7.128037968010938271e-05 9.045169497529433056e-02
7.193992891279217604e-05 9.362980403960051434e-02
7.260558087938708525e-05 9.692982332705497861e-02
7.327739204779548296e-05 1.003277096272186253e-01
7.395541940841035122e-05 1.038389061548946612e-01
7.463972047894970900e-05 1.074807177659923008e-01
7.533035330933708054e-05 1.112547131669831407e-01
7.602737648662468122e-05 1.151535288077278479e-01
7.673084913996470135e-05 1.191667750924567670e-01
7.744083094562397159e-05 1.233186189503673591e-01
7.815738213204768861e-05 1.276002399746559990e-01
7.888056348496733539e-05 1.320446702271259320e-01
7.961043635255848851e-05 1.366474984063894560e-01
8.034706265064376881e-05 1.413903204996046770e-01
8.109050486794647857e-05 1.462886915704997293e-01
8.184082607139033080e-05 1.513393993663170456e-01
8.259808991145073235e-05 1.565768783808711984e-01
8.336236062755304006e-05 1.619949952999161225e-01
8.413370305352336012e-05 1.675622111491618937e-01
8.491218262308711999e-05 1.733241843018008266e-01
8.569786537542125422e-05 1.792949361981621414e-01
8.649081796075497601e-05 1.854399736453431202e-01
8.729110764602517904e-05 1.917791205130598420e-01
8.809880232058136021e-05 1.983223152827682245e-01
8.891397050194612133e-05 2.051082849786495799e-01
8.973668134162622167e-05 2.120831446363367068e-01
9.056700463098011755e-05 2.192846635664654209e-01
9.140501080713702852e-05 2.267410180204532388e-01
9.225077095897366963e-05 2.344225777550850709e-01
9.310435683314326931e-05 2.423325042031486687e-01
9.396584084016341878e-05 2.505275996552431828e-01
9.483529606055720999e-05 2.589659108837127355e-01
9.571279625105427573e-05 2.676717112273192534e-01
9.659841585084609408e-05 2.766683260377210130e-01
9.749222998790226565e-05 2.859241366161421327e-01
9.839431448534213939e-05 2.954979224379701841e-01
9.930474586786856308e-05 3.053156800551521943e-01
1.002236013682579583e-04 3.154892408963761441e-01
1.011509589339134820e-04 3.259724973188147801e-01
1.020868972334763565e-04 3.367763870282459160e-01
1.030314956634999056e-04 3.479185849401696951e-01
1.039848343551846730e-04 3.593912426543229288e-01
1.049469941811760989e-04 3.712073256826928236e-01
1.059180567624249856e-04 3.833939647853050747e-01
1.068981044751114967e-04 3.959619003794072056e-01
1.078872204576332200e-04 4.089046712105420811e-01
1.088854886176578347e-04 4.222476679495517637e-01
1.098929936392411427e-04 4.359685638406259889e-01
1.109098209900108428e-04 4.501032854450596199e-01
1.119360569284168759e-04 4.646750815148379399e-01
1.129717885110487723e-04 4.796907683692824276e-01
1.140171036000207905e-04 4.951274086722227130e-01
1.150720908704253189e-04 5.110321440831273598e-01
1.161368398178552329e-04 5.273863745843276885e-01
1.172114407659959940e-04 5.442174555840415540e-01
1.182959848742878010e-04 5.615407934840170867e-01
1.193905641456587704e-04 5.793562814697411634e-01
1.204952714343296340e-04 5.976560334996355861e-01
1.216102004536906569e-04 6.165093560722042509e-01
1.227354457842514009e-04 6.358770719733829457e-01
1.238711028816641597e-04 6.557716449971632278e-01
1.250172680848214582e-04 6.762399799939265987e-01
1.261740386240286192e-04 6.972579463576115133e-01
1.273415126292519537e-04 7.188563059263519683e-01
1.285197891384430753e-04 7.410631049602917075e-01
1.297089681059405996e-04 7.638490129522352845e-01
1.309091504109491746e-04 7.872644429440620595e-01
1.321204378660972237e-04 8.112927601477034623e-01
1.333429332260738904e-04 8.359521824089273245e-01
1.345767401963456707e-04 8.612528091683898657e-01
1.358219634419540367e-04 8.872407763499741140e-01
1.370787085963940223e-04 9.138563575026940056e-01
1.383470822705754793e-04 9.412168032408708696e-01
1.396271920618667869e-04 9.692116337980509755e-01
1.409191465632225878e-04 9.979370844450743405e-01
1.422230553723956845e-04 1.027370251896395859e+00
1.435390291012344252e-04 1.057529967423708861e+00
1.448671793850660400e-04 1.088459098832265548e+00
1.462076188921666593e-04 1.120105763025532886e+00
1.475604613333191787e-04 1.152521319677615175e+00
1.489258214714593792e-04 1.185709520339300882e+00
1.503038151314114394e-04 1.219708951820145604e+00
1.516945592097134355e-04 1.254467619965442315e+00
1.530981716845337536e-04 1.290030861756584324e+00
1.545147716256794134e-04 1.326414429150195140e+00
1.559444792046967400e-04 1.363585681642749625e+00
1.573874157050656830e-04 1.401629285022380822e+00
1.588437035324884346e-04 1.440460728904466858e+00
1.603134662252731857e-04 1.480147115992714646e+00
1.617968284648140247e-04 1.520672977500430401e+00
1.632939160861678171e-04 1.562059427371628617e+00
1.648048560887287726e-04 1.604300167770195573e+00
1.663297766470021616e-04 1.647430165341881469e+00
1.678688071214772372e-04 1.691405557013485605e+00
1.694220780696011769e-04 1.736234758072908946e+00
1.709897212568543161e-04 1.781925215358855841e+00
1.725718696679280292e-04 1.828524618586653272e+00
1.741686575180057981e-04 1.875980487650529493e+00
1.757802202641489621e-04 1.924307538325868538e+00
1.774066946167876340e-04 1.973558800421756576e+00
1.790482185513179233e-04 2.023642742418411800e+00
1.807049313198065489e-04 2.074576056546749481e+00
1.823769734628037913e-04 2.126413773340241065e+00
1.840644868212656232e-04 2.179092042703733245e+00
1.857676145485861856e-04 2.232618238125560595e+00
1.874865011227416648e-04 2.286984950511083969e+00
1.892212923585465481e-04 2.342210613574881251e+00
1.909721354200231774e-04 2.398266773025098164e+00
1.927391788328858225e-04 2.455096262468766000e+00
1.945225724971402217e-04 2.512764263068006709e+00
1.963224676997998364e-04 2.571238722992183590e+00
1.981390171277196339e-04 2.630470543866686217e+00
1.999723748805486438e-04 2.690523871758272456e+00
2.018226964838024009e-04 2.751303037712927946e+00
2.036901389020562758e-04 2.812848806191311724e+00
2.055748605522610226e-04 2.875118994090466451e+00
2.074770213171813838e-04 2.938102292177612984e+00
2.093967825589591067e-04 3.001788520011573702e+00
2.113343071328014028e-04 3.066128335042195285e+00
2.132897594007962582e-04 3.131073270422420229e+00
2.152633052458552464e-04 3.196673422523142793e+00
2.172551120857856867e-04 3.262873837786920195e+00
2.192653488874927710e-04 3.329620430943862175e+00
2.212941861813132042e-04 3.396898987412030557e+00
2.233417960754814700e-04 3.464668734936196426e+00
2.254083522707299957e-04 3.532946869173240412e+00
2.274940300750242182e-04 3.601652592056383995e+00
2.295990064184342335e-04 3.670748046859003466e+00
2.317234598681439486e-04 3.740274892924404071e+00
2.338675706435990400e-04 3.810172208742300004e+00
2.360315206317952072e-04 3.880452508314648608e+00
2.382154934027077783e-04 3.951051281182820230e+00
2.404196742248642152e-04 4.021961563658203787e+00
2.426442500810604638e-04 4.093171888466717867e+00
2.448894096842230486e-04 4.164640799365395551e+00
2.471553434934176704e-04 4.236289045461366420e+00
2.494422437300060683e-04 4.308185081546400674e+00
2.517503043939523389e-04 4.380214505197083774e+00
2.540797212802799600e-04 4.452414525230079967e+00
2.564306919956823639e-04 4.524701347883743452e+00
2.588034159752835108e-04 4.597093032142586466e+00
2.611980944995598449e-04 4.669527759205456263e+00
2.636149307114110576e-04 4.741983263436753582e+00
2.660541296333970591e-04 4.814477370017235636e+00
2.685158981851260332e-04 4.886978562370218881e+00
2.710004452008118992e-04 4.959537738171438725e+00
2.735079814469854585e-04 5.032175759235280488e+00
2.760387196403786352e-04 5.104875476867462680e+00
2.785928744659646244e-04 5.177644380050843154e+00
2.811706625951744943e-04 5.250497651412189271e+00
2.837723027042732206e-04 5.323466686717922336e+00
2.863980154929145596e-04 5.396558907804010374e+00
2.890480237028587147e-04 5.469772772345899980e+00
2.917225521368723654e-04 5.543122910980844864e+00
2.944218276777941460e-04 5.616663860331123637e+00
2.971460793077862809e-04 5.690399466911143733e+00
2.998955381277543806e-04 5.764361949324393386e+00
3.026704373769567558e-04 5.838604402216923894e+00
3.054710124527856862e-04 5.913216789773356297e+00
3.082975009307410805e-04 5.988293315020706942e+00
3.111501425845793981e-04 6.063944468226856621e+00
3.140291794066589742e-04 6.140254425044370912e+00
3.169348556284631532e-04 6.217334747979217369e+00
3.198674177413240549e-04 6.295319279352104225e+00
3.228271145173274015e-04 6.374196343917027718e+00
3.258141970304213376e-04 6.454180730221100504e+00
3.288289186777098899e-04 6.535317691722861255e+00
3.318715352009544311e-04 6.617744471501412207e+00
3.349423047082628730e-04 6.701507918783887519e+00
3.380414876959908759e-04 6.786834323974465732e+00
3.411693470708344737e-04 6.873808940797818678e+00
3.443261481721376959e-04 6.962620590970886703e+00
3.475121587943980571e-04 7.053501484464573146e+00
3.507276492099853089e-04 7.146682157377413525e+00
3.539728921920686291e-04 7.242314808618623978e+00
3.572481630377563155e-04 7.340578203694340331e+00
3.605537395914494461e-04 7.441653553768428964e+00
3.638899022684116756e-04 7.545694223614961338e+00
3.672569340785571189e-04 7.652868401691890199e+00
3.706551206504584361e-04 7.763362238892922207e+00
3.740847502555768537e-04 7.877340298451265710e+00
3.775461138327166157e-04 7.994914748080267586e+00
3.810395050127056535e-04 8.116393382441961180e+00
3.845652201433044800e-04 8.241983322939621104e+00
3.881235583143455314e-04 8.371974110744771380e+00
3.917148213831055581e-04 8.506554355476826146e+00
3.953393139999122029e-04 8.645903101314914352e+00
3.989973436339879658e-04 8.790247363535282688e+00
4.026892205995329641e-04 8.939683909815741458e+00
4.064152580820493067e-04 9.094313385536738181e+00
4.101757721649087638e-04 9.254279188440275306e+00
4.139710818561667671e-04 9.419664907636695617e+00
4.178015091156236623e-04 9.590636562021789047e+00
4.216673788821373339e-04 9.767406527892820378e+00
4.255690191011879072e-04 9.950193556550564367e+00
4.295067607526975085e-04 1.013911909019389768e+01
4.334809378791080114e-04 1.033432534488268928e+01
4.374918876137176907e-04 1.053582832233384536e+01
4.415399502092810661e-04 1.074359477351944925e+01
4.456254690668724240e-04 1.095757148667752645e+01
4.497487907650172460e-04 1.117769480748555111e+01
4.539102650890925188e-04 1.140392313134364777e+01
4.581102450609995588e-04 1.163634882687046179e+01
4.623490869691109775e-04 1.187508028379613734e+01
4.666271503984952018e-04 1.212016954780302669e+01
4.709447982614203398e-04 1.237154244335895470e+01
4.753023968281404267e-04 1.262898400446304414e+01
4.797003157579662197e-04 1.289226050268545443e+01
4.841389281306242276e-04 1.316107897217586675e+01
4.886186104779050065e-04 1.343512712069031068e+01
4.931397428156048934e-04 1.371416445773768444e+01
4.977027086757631865e-04 1.399811337211642481e+01
5.023078951391972630e-04 1.428694409162118717e+01
5.069556928683394310e-04 1.458039929901623744e+01
5.116464961403767615e-04 1.487810021730269483e+01
5.163807028806984001e-04 1.517954976513069809e+01
5.211587146966517679e-04 1.548407375278326370e+01
5.259809369116111213e-04 1.579108586292905514e+01
5.308477785993620480e-04 1.610012759665428561e+01
5.357596526188028755e-04 1.641083480569166397e+01
5.407169756489687380e-04 1.672300760322998414e+01
5.457201682243779765e-04 1.703603805917684610e+01
5.507696547707071613e-04 1.734919905734861345e+01
5.558658636407953855e-04 1.766152016290070392e+01
5.610092271509814097e-04 1.797198558108466315e+01
5.662001816177782100e-04 1.827962036873504204e+01
5.714391673948855796e-04 1.858376059875254427e+01
5.767266289105457732e-04 1.888382674562978281e+01
5.820630147052453362e-04 1.917909179820116705e+01
5.874487774697645295e-04 1.946844135147300392e+01
5.928843740835797703e-04 1.975055149074349359e+01
5.983702656536214748e-04 2.002396347958696765e+01
6.039069175533897955e-04 2.028725136181166278e+01
6.094947994624330245e-04 2.053935823361110380e+01
6.151343854061905054e-04 2.077948873016303821e+01
6.208261537962052583e-04 2.100651298318494042e+01
6.265705874707077272e-04 2.121896497284601324e+01
6.323681737355754196e-04 2.141517058758987346e+01
6.382194044056716930e-04 2.159335475578412300e+01
6.441247758465667213e-04 2.175210104659009502e+01
6.500847890166448718e-04 2.189046620238578100e+01
6.560999495096013099e-04 2.200752879539769680e+01
6.621707675973320618e-04 2.210209292973951989e+01
6.682977582732208943e-04 2.217264947773102790e+01
6.744814412958265908e-04 2.221765841758336180e+01
6.807223412329747435e-04 2.223595327555956302e+01
6.870209875062573135e-04 2.222708371571168229e+01
6.933779144359439707e-04 2.219091188243972823e+01
6.997936612863087926e-04 2.212707347898363253e+01
7.062687723113768735e-04 2.203499538710315875e+01
7.128037968010938813e-04 2.191421255409373003e+01
7.193992891279217062e-04 2.176490624270050489e+01
7.260558087938709338e-04 2.158806330949177266e+01
7.327739204779548567e-04 2.138511969449694661e+01
7.395541940841035122e-04 2.115734658162468662e+01
7.463972047894970900e-04 2.090573655520519836e+01
7.533035330933707512e-04 2.063189436190329218e+01
7.602737648662468394e-04 2.033822972883284663e+01
7.673084913996469593e-04 2.002806377029439133e+01
7.744083094562396888e-04 1.970467809141282700e+01
7.815738213204768319e-04 1.937105681034266524e+01
7.888056348496733268e-04 1.903029202248422891e+01
7.961043635255849122e-04 1.868621741062055364e+01
8.034706265064376881e-04 1.834362279541789320e+01
8.109050486794647586e-04 1.800739313682280951e+01
8.184082607139033351e-04 1.768178726517852795e+01
8.259808991145073777e-04 1.737079375681731719e+01
8.336236062755303464e-04 1.707885028412251671e+01
8.413370305352335741e-04 1.681126088290579546e+01
8.491218262308711457e-04 1.657312354330806770e+01
8.569786537542125422e-04 1.636844244117414959e+01
8.649081796075497059e-04 1.620064386780300936e+01
8.729110764602518446e-04 1.607361985649783165e+01
8.809880232058135479e-04 1.599165431407861959e+01
8.891397050194612675e-04 1.595833145943909415e+01
8.973668134162622167e-04 1.597574851723309131e+01
9.056700463098011755e-04 1.604550629227308889e+01
9.140501080713703394e-04 1.616974778544848590e+01
9.225077095897367234e-04 1.635080936999606749e+01
9.310435683314326931e-04 1.658951521658741157e+01
9.396584084016341336e-04 1.688529320831345615e+01
9.483529606055720457e-04 1.723799133827634478e+01
9.571279625105428386e-04 1.764844582956727947e+01
9.659841585084609408e-04 1.811666140466887853e+01
9.749222998790225752e-04 1.864099162378965957e+01
9.839431448534212855e-04 1.921997513891834330e+01
9.930474586786856850e-04 1.985379439095799015e+01
1.002236013682579474e-03 2.054276372306000553e+01
1.011509589339135715e-03 2.128557998686872565e+01
1.020868972334763565e-03 2.208128286236420834e+01
1.030314956635000221e-03 2.293105717228153395e+01
1.039848343551846811e-03 2.383667579293648586e+01
1.049469941811762182e-03 2.479861662116895360e+01
1.059180567624249964e-03 2.581810383810032405e+01
1.068981044751116105e-03 2.689863549552381983e+01
1.078872204576332037e-03 2.804411947397173321e+01
1.088854886176579377e-03 2.925758448998270822e+01
1.098929936392411318e-03 3.054275354315650404e+01
1.109098209900109648e-03 3.190485136979906500e+01
1.119360569284168650e-03 3.334915488695229868e+01
1.129717885110488942e-03 3.487944102569992566e+01
1.140171036000207959e-03 3.649997978245534824e+01
1.150720908704254246e-03 3.821567709672689261e+01
1.161368398178552275e-03 4.002882412696483527e+01
1.172114407659961268e-03 4.194005694591365341e+01
1.182959848742877983e-03 4.394975417423556507e+01
1.193905641456588897e-03 4.605597202463572160e+01
1.204952714343296340e-03 4.825298100693933634e+01
1.216102004536907897e-03 5.053263524619694635e+01
1.227354457842514063e-03 5.288449822855695714e+01
1.238711028816642844e-03 5.529396732772859480e+01
1.250172680848214528e-03 5.774225624859762007e+01
1.261740386240287493e-03 6.020887796804560566e+01
1.273415126292519375e-03 6.266941588553483200e+01
1.285197891384430753e-03 6.509502642893890823e+01
1.297089681059406105e-03 6.745774316287364059e+01
1.309091504109491638e-03 6.972830803374129971e+01
1.321204378660972237e-03 7.187528892052924334e+01
1.333429332260738795e-03 7.387087467918762229e+01
1.345767401963456761e-03 7.569169092074929495e+01
1.358219634419540259e-03 7.731629911047386372e+01
1.370787085963940223e-03 7.873228799873881201e+01
1.383470822705754793e-03 7.993650001009535799e+01
1.396271920618668031e-03 8.093205280374266408e+01
1.409191465632225878e-03 8.173548317717616385e+01
1.422230553723956683e-03 8.237548753852723848e+01
1.435390291012344360e-03 8.288773078084460622e+01
1.448671793850660455e-03 8.332055614062572602e+01
1.462076188921666809e-03 8.373130549808678325e+01
1.475604613333191895e-03 8.417871219827073048e+01
1.489258214714593792e-03 8.472753970356161801e+01
1.503038151314114394e-03 8.543882874053930720e+01
1.516945592097134138e-03 8.636418360936596628e+01
1.530981716845337699e-03 8.754835465713759390e+01
1.545147716256794297e-03 8.901719312654620353e+01
1.559444792046967400e-03 9.077781405414837934e+01
1.573874157050656830e-03 9.281863987536367233e+01
1.588437035324884346e-03 9.510374218062091245e+01
1.603134662252731803e-03 9.757840659828832486e+01
1.617968284648140355e-03 1.001696344426061529e+02
1.632939160861678063e-03 1.027929329429985756e+02
1.648048560887287834e-03 1.053630636126925282e+02
1.663297766470021562e-03 1.077944320921331354e+02
1.678688071214772372e-03 1.100164917041910400e+02
1.694220780696011714e-03 1.119806424864239034e+02
1.709897212568543216e-03 1.136659730681172960e+02
1.725718696679280238e-03 1.150870746149567481e+02
1.741686575180057981e-03 1.162882902695214966e+02
1.757802202641489675e-03 1.173483400542561981e+02
1.774066946167876394e-03 1.183663230118121703e+02
1.790482185513179178e-03 1.194538317920836619e+02
1.807049313198065598e-03 1.207219411948485828e+02
1.823769734628038130e-03 1.222619666041559867e+02
1.840644868212656287e-03 1.241366355443176417e+02
1.857676145485861801e-03 1.263615521840677332e+02
1.874865011227416648e-03 1.289041601200868854e+02
1.892212923585465589e-03 1.316799073037718699e+02
1.909721354200231936e-03 1.345617973484239087e+02
1.927391788328858225e-03 1.373914926077507630e+02
1.945225724971402000e-03 1.400019926000667567e+02
1.963224676997998418e-03 1.422371441272107120e+02
1.981390171277196393e-03 1.439738612179499455e+02
1.999723748805486492e-03 1.451408264455456560e+02
2.018226964838023847e-03 1.457250852154315339e+02
2.036901389020562975e-03 1.457726069175407417e+02
2.055748605522610389e-03 1.453744761041437243e+02
2.074770213171814055e-03 1.446460332494705767e+02
2.093967825589591013e-03 1.436971942464435585e+02
2.113343071328013974e-03 1.426064870386866801e+02
2.132897594007962527e-03 1.413970363146598288e+02
2.152633052458552410e-03 1.400287528168840083e+02
2.172551120857856705e-03 1.384010961397902975e+02
2.192653488874927656e-03 1.363762382709024052e+02
2.212941861813132096e-03 1.338154185383716595e+02
2.233417960754814809e-03 1.306209183929292408e+02
2.254083522707299794e-03 1.267744900538044135e+02
2.274940300750242020e-03 1.223622655480589856e+02
2.295990064184342226e-03 1.175814234991225931e+02
2.317234598681439540e-03 1.127159391045225476e+02
2.338675706435990129e-03 1.080918874561317296e+02
2.360315206317949686e-03 1.040151963984409633e+02
2.382154934027077946e-03 1.007082540434217464e+02
2.404196742248639659e-03 9.825744273584254529e+01
2.426442500810604367e-03 9.658912437876192314e+01
2.448894096842227884e-03 9.547790362389584118e+01
2.471553434934176379e-03 9.458757478410923625e+01
2.494422437300057756e-03 9.353539176641115205e+01
2.517503043939523389e-03 9.196183744480920552e+01
2.540797212802799708e-03 8.959029767858194759e+01
2.564306919956823531e-03 8.626074544483945772e+01
2.588034159752835000e-03 8.193479860192751119e+01
2.611980944995598557e-03 7.667880930786967042e+01
2.636149307114110576e-03 7.063707018915440017e+01
2.660541296333970591e-03 6.401252765186448812e+01
2.685158981851260441e-03 5.706516937534482281e+01
2.710004452008118667e-03 5.012465062603402544e+01
2.735079814469854910e-03 4.360191403652099496e+01
2.760387196403786460e-03 3.797534430147268125e+01
2.785928744659646027e-03 3.373212066082223259e+01
2.811706625951745052e-03 3.126065689110782131e+01
2.837723027042732531e-03 3.071797053479862782e+01
2.863980154929145813e-03 3.191838835237837912e+01
2.890480237028587255e-03 3.430046799399827506e+01
2.917225521368723654e-03 3.701538455640391589e+01
2.944218276777941460e-03 3.913788224286206230e+01
2.971460793077862917e-03 3.994975507030771666e+01
2.998955381277543589e-03 3.919944840162082045e+01
3.026704373769567667e-03 3.722760454030563437e+01
3.054710124527856754e-03 3.487922030970447906e+01
3.082975009307410696e-03 3.319935622969833844e+01
3.111501425845793981e-03 3.300164955542759060e+01
3.140291794066589742e-03 3.446864898763669061e+01
3.169348556284631423e-03 3.695396297407979347e+01
3.198674177413240657e-03 3.909146888548844601e+01
3.228271145173274449e-03 3.919706113954766380e+01
3.258141970304213268e-03 3.582022837666970361e+01
3.288289186777099225e-03 2.822894461523682708e+01
3.318715352009544203e-03 1.663232681928082002e+01
3.349423047082628838e-03 2.059657582668246611e+00
3.380414876959908759e-03 -1.403206863435918628e+01
3.411693470708344628e-03 -3.022790358198510319e+01
3.443261481721380645e-03 -4.548692987954606082e+01
3.475121587943980680e-03 -5.921128189996153424e+01
3.507276492099856667e-03 -7.107841707128181952e+01
3.539728921920686291e-03 -8.079296982414804518e+01
3.572481630377566733e-03 -8.794753050577330100e+01
3.605537395914494569e-03 -9.209374258755387643e+01
3.638899022684120767e-03 -9.298208112222000921e+01
3.672569340785571297e-03 -9.080869800931088776e+01
3.706551206504587938e-03 -8.628870205989112208e+01
3.740847502555768103e-03 -8.047173650787783572e+01
3.775461138327169952e-03 -7.436574581862390687e+01
3.810395050127056860e-03 -6.854714222763335840e+01
3.845652201433048811e-03 -6.295176006728369345e+01
3.881235583143455205e-03 -5.695150499600897120e+01
3.917148213831059267e-03 -4.967208281425392613e+01
3.953393139999122029e-03 -4.037809528040941132e+01
3.989973436339883453e-03 -2.871456110994367705e+01
4.026892205995329967e-03 -1.468468629086767763e+01
4.064152580820497296e-03 1.550385953220969171e+00
4.101757721649087855e-03 1.975559745779706589e+01
4.139710818561672008e-03 3.926092137470245547e+01
4.178015091156236406e-03 5.811773579899376330e+01
4.216673788821373448e-03 7.228706725059245741e+01
4.255690191011879397e-03 7.580751313142430092e+01
4.295067607526975410e-03 6.267604038873226102e+01
4.334809378791079464e-03 3.009047598759518749e+01
4.374918876137176907e-03 -1.871342817073263021e+01
4.415399502092810444e-03 -7.436199251023994350e+01
4.456254690668724240e-03 -1.250611730891996416e+02
4.497487907650172569e-03 -1.624966419612105426e+02
4.539102650890925079e-03 -1.860462462414282072e+02
4.581102450609995588e-03 -2.019226636852322372e+02
4.623490869691109124e-03 -2.174482670763198939e+02
4.666271503984952343e-03 -2.348108422930957602e+02
4.709447982614203831e-03 -2.495714990672862541e+02
4.753023968281404159e-03 -2.553627449324815188e+02
4.797003157579662197e-03 -2.504986069936639979e+02
4.841389281306242819e-03 -2.400000996823579555e+02
4.886186104779049848e-03 -2.305734407965748858e+02
4.931397428156049367e-03 -2.230928507308731241e+02
4.977027086757631648e-03 -2.102677877808944800e+02
5.023078951391972413e-03 -1.827246000699682043e+02
5.069556928683393443e-03 -1.385828716250458115e+02
5.116464961403767615e-03 -8.780995627309499696e+01
5.163807028806984001e-03 -4.719141103653976188e+01
5.211587146966517245e-03 -3.019744395217001909e+01
5.259809369116111646e-03 -4.006809221494750517e+01
5.308477785993619830e-03 -7.068089284958149676e+01
5.357596526188028972e-03 -1.127143544039532799e+02
5.407169756489686729e-03 -1.590961554396713495e+02
5.457201682243779765e-03 -2.058605664571131229e+02
5.507696547707071830e-03 -2.491632246483942481e+02
5.558658636407953421e-03 -2.823461074934073167e+02
5.610092271509814314e-03 -2.967712996352260575e+02
5.662001816177782317e-03 -2.866474552476343547e+02
5.714391673948855145e-03 -2.534241596630950255e+02
5.767266289105458382e-03 -2.043553346864459286e+02
5.820630147052453796e-03 -1.456824751930825244e+02
5.874487774697644861e-03 -7.828959736194985908e+01
5.928843740835797703e-03 -2.218243187526979909e+00
5.983702656536214748e-03 7.491144164448589038e+01
6.039069175533898388e-03 1.376032861977903394e+02
6.094947994624329811e-03 1.735519392039658158e+02
6.151343854061904620e-03 1.845275322097205901e+02
6.208261537962052150e-03 1.847210208175175694e+02
6.265705874707076621e-03 1.885667604899045955e+02
6.323681737355753979e-03 2.003821082704209289e+02
6.382194044056716496e-03 2.136831625404604722e+02
6.441247758465666780e-03 2.183669800145697195e+02
6.500847890166448935e-03 2.086328159694180044e+02
6.560999495096013316e-03 1.834875941757829594e+02
6.621707675973320835e-03 1.389392155726348221e+02
6.682977582732208509e-03 6.643045012456533982e+01
6.744814412958265691e-03 -2.958862892976567238e+01
6.807223412329747002e-03 -1.150134462874964640e+02
6.870209875062573135e-03 -1.454500294987352049e+02
6.933779144359439491e-03 -1.072958401134928010e+02
6.997936612863088143e-03 -2.093546934025985706e+01
7.062687723113769168e-03 9.887734791009634705e+01
7.128037968010938162e-03 2.517732661277828186e+02
7.193992891279224651e-03 4.082893396295651769e+02
7.260558087938708688e-03 5.028945467445685154e+02
7.327739204779555940e-03 5.025048748910535892e+02
7.395541940841034688e-03 4.436572098771496826e+02
7.463972047894978923e-03 3.703253718600662978e+02
7.533035330933707946e-03 2.801077108096509960e+02
7.602737648662476200e-03 1.676136089763678854e+02
7.673084913996469809e-03 6.940275055734133502e+01
7.744083094562404478e-03 1.906739613100099007e+01
7.815738213204768969e-03 -3.003908069519624746e+00
7.888056348496741074e-03 -3.372646074776025671e+01
7.961043635255848905e-03 -6.876146263834510819e+01
8.034706265064384470e-03 -7.505892462176225877e+01
8.109050486794647586e-03 -5.177682319504339858e+01
8.184082607139040941e-03 -4.250453628098003378e+01
8.259808991145072693e-03 -6.701674806808705398e+01
8.336236062755311704e-03 -8.258711270218898903e+01
8.413370305352335307e-03 -6.523132800140825793e+01
8.491218262308719913e-03 -7.250030991868869990e+01
8.569786537542124771e-03 -1.487420633709059530e+02
8.649081796075507034e-03 -2.452202975599915931e+02
8.729110764602518446e-03 -3.085145486623092665e+02
8.809880232058144370e-03 -3.435810701678860255e+02
8.891397050194612892e-03 -3.452436305319835697e+02
8.973668134162631274e-03 -2.959058705969118819e+02
9.056700463098012188e-03 -2.325107004408623084e+02
9.140501080713712284e-03 -1.951087026165935185e+02
9.225077095897368101e-03 -1.646714974099871540e+02
9.310435683314336255e-03 -1.360868849309061943e+02
9.396584084016341987e-03 -1.429303335908869599e+02
9.483529606055730865e-03 -1.692619018595816556e+02
9.571279625105427735e-03 -1.586990475374784637e+02
9.659841585084620250e-03 -1.056089171857413476e+02
9.749222998790225969e-03 -4.612820263272276833e+01
9.839431448534224564e-03 8.151065609392937006e+00
9.930474586786856850e-03 7.343496247440600655e+01
1.002236013682581035e-02 1.473999731360431724e+02
1.011509589339136365e-02 1.879915354049834093e+02
1.020868972334764216e-02 1.572399774073606409e+02
1.030314956634999571e-02 7.026415713170931099e+01
1.039848343551847375e-02 -2.911785780452139960e+01
1.049469941811761488e-02 -1.078119277930620683e+02
1.059180567624250398e-02 -1.370679187942476744e+02
1.068981044751115585e-02 -9.942945195250565860e+01
1.078872204576332774e-02 -1.349389648773396289e+00
1.088854886176578857e-02 1.117835379594383483e+02
1.098929936392411925e-02 1.654985626708772770e+02
1.109098209900108954e-02 1.596795220300027154e+02
1.119360569284169257e-02 1.187075728935403163e+02
1.129717885110488422e-02 -2.781955875438875125e+01
1.140171036000208610e-02 -3.033865286120118299e+02
1.150720908704253725e-02 -6.057264577547941826e+02
1.161368398178552926e-02 -8.258405112804192640e+02
1.172114407659960618e-02 -9.371492817714719195e+02
1.182959848742878677e-02 -9.703040775644840323e+02
1.193905641456588333e-02 -9.277792610197609520e+02
1.204952714343296948e-02 -8.250942051288448056e+02
1.216102004536907116e-02 -7.402440490158415969e+02
1.227354457842514714e-02 -7.272670859238861567e+02
1.238711028816642280e-02 -7.590667763522815221e+02
1.250172680848215222e-02 -8.219760269463937448e+02
1.261740386240286886e-02 -9.578713225499716373e+02
1.273415126292520155e-02 -1.131226042373546306e+03
1.285197891384431447e-02 -1.221295700217331841e+03
1.297089681059406668e-02 -1.186585237308128171e+03
1.309091504109492245e-02 -1.075164515040321476e+03
1.321204378660972845e-02 -9.095187256068824126e+02
1.333429332260739446e-02 -6.983613165936196765e+02
1.345767401963457455e-02 -4.926758689097068782e+02
1.358219634419540953e-02 -3.540896194098314140e+02
1.370787085963940874e-02 -2.571069757136331759e+02
1.383470822705755443e-02 -1.450230203442724246e+02
1.396271920618668769e-02 9.524749994912529161e+00
1.409191465632226616e-02 2.134908441131648260e+02
1.422230553723957507e-02 4.240293882135784997e+02
1.435390291012345054e-02 6.039916871366825717e+02
1.448671793850661235e-02 7.999086029808145213e+02
1.462076188921667373e-02 1.085548244496456846e+03
1.475604613333192545e-02 1.440092999172437885e+03
1.489258214714594616e-02 1.735004784550986642e+03
1.503038151314115174e-02 1.863827043747147854e+03
1.516945592097134962e-02 1.787136254531919803e+03
1.530981716845338306e-02 1.588842068545823395e+03
1.545147716256795034e-02 1.404858349841094196e+03
1.559444792046968224e-02 1.270057012921241949e+03
1.573874157050657654e-02 1.123509100484006012e+03
1.588437035324885213e-02 9.163691907523585769e+02
1.603134662252732670e-02 6.290121050732080903e+02
1.617968284648141006e-02 2.920696057197648088e+02
1.632939160861678757e-02 -9.033401933501963299e+00
1.648048560887288572e-02 -1.936451452576442875e+02
1.663297766470022560e-02 -2.913278083415463016e+02
1.678688071214773370e-02 -3.939029519654654905e+02
1.694220780696012452e-02 -5.197949978618335081e+02
1.709897212568544170e-02 -7.085882521627922870e+02
1.725718696679280975e-02 -1.029047576226050751e+03
1.741686575180058719e-02 -1.400873470271216092e+03
1.757802202641490716e-02 -1.650109933467431347e+03
1.774066946167877218e-02 -1.647034088897471520e+03
1.790482185513180002e-02 -1.389712591844946928e+03
1.807049313198066595e-02 -9.538230034672658348e+02
1.823769734628039041e-02 -4.621889973554161770e+02
1.840644868212657284e-02 -1.567206293850198051e+01
1.857676145485862712e-02 3.626649108611630936e+02
1.874865011227417472e-02 6.434835747527919239e+02
1.892212923585466500e-02 8.000745772344421312e+02
1.909721354200233021e-02 7.658414902347694806e+02
1.927391788328858963e-02 5.108522799206799618e+02
1.945225724971403128e-02 9.225699175568935573e+01
1.963224676997999199e-02 -5.467833309586449104e+02
1.981390171277197521e-02 -1.400308486939771456e+03
1.999723748805487533e-02 -2.261296920613784550e+03
2.018226964838025148e-02 -2.739853578181732701e+03
2.036901389020563669e-02 -2.401486097665687339e+03
2.055748605522611516e-02 -1.450384375697569567e+03
2.074770213171815009e-02 -6.039169452352398366e+02
2.093967825589591880e-02 -3.232712701296031810e+02
2.113343071328015188e-02 -5.703399230092795733e+02
2.132897594007963568e-02 -9.014459442264378595e+02
2.152633052458553450e-02 -8.405786575021521685e+02
2.172551120857858092e-02 -3.083212112434891878e+02
2.192653488874928697e-02 3.977470542840973167e+02
2.212941861813133224e-02 9.483757029043928242e+02
2.233417960754816023e-02 1.166175685894062781e+03
2.254083522707301182e-02 1.219233650753134498e+03
2.274940300750243408e-02 1.252749414882312067e+03
2.295990064184343440e-02 1.212956424339851083e+03
2.317234598681440494e-02 1.063581734450845033e+03
2.338675706435991430e-02 6.814284975840644165e+02
2.360315206317952982e-02 -7.946232769461897760e+01
2.382154934027079160e-02 -1.182495574221940160e+03
2.404196742248643215e-02 -2.067199074631165786e+03
2.426442500810605668e-02 -2.136438493718946575e+03
2.448894096842231527e-02 -1.351740277581423697e+03
2.471553434934177854e-02 -6.166098522982571239e+01
2.494422437300061746e-02 1.592405434474869708e+03
2.517503043939524690e-02 3.343185115460158158e+03
2.540797212802803351e-02 4.353719281719133505e+03
2.564306919956825179e-02 4.114628724592314029e+03
2.588034159752838903e-02 3.387979517146179660e+03
2.611980944995599685e-02 3.382232803418462026e+03
2.636149307114114479e-02 4.198475944915679975e+03
2.660541296333971892e-02 4.942028818550390497e+03
2.685158981851264517e-02 4.777373630984811825e+03
2.710004452008120401e-02 3.666700002106860211e+03
2.735079814469858900e-02 2.385895863471892426e+03
2.760387196403787588e-02 1.406180980079409437e+03
2.785928744659650277e-02 3.868314556848500843e+02
2.811706625951746613e-02 -1.042369040422053331e+03
2.837723027042736781e-02 -2.488886503996905958e+03
2.863980154929147287e-02 -3.121693993517829313e+03
2.890480237028591678e-02 -2.478657154971692762e+03
2.917225521368724955e-02 -1.105246602745415657e+03
2.944218276777946230e-02 1.136845835855981193e+02
2.971460793077864565e-02 1.115465355699788461e+03
2.998955381277548446e-02 2.234155978939923898e+03
3.026704373769569315e-02 3.498765812601388006e+03
3.054710124527861351e-02 4.379238975099740856e+03
3.082975009307412084e-02 4.154186537528014924e+03
3.111501425845798752e-02 2.761953091134828355e+03
3.140291794066590869e-02 6.983810215177379632e+02
3.169348556284636020e-02 -1.667255530861387570e+03
3.198674177413242392e-02 -3.506883088000543466e+03
3.228271145173278872e-02 -3.987314527580856520e+03
3.258141970304215262e-02 -3.548640286634663880e+03
3.288289186777100526e-02 -3.210829412404880713e+03
3.318715352009542208e-02 -3.442831515747205231e+03
3.349423047082630139e-02 -4.097236571918107984e+03
3.380414876959907111e-02 -4.546660155250179741e+03
3.411693470708346276e-02 -4.332566011459370202e+03
3.443261481721378997e-02 -4.011227922848597245e+03
3.475121587943982154e-02 -4.681077349543491437e+03
3.507276492099854759e-02 -6.102646946966618998e+03
3.539728921920688026e-02 -7.192552090537772528e+03
3.572481630377564998e-02 -7.619130201363223023e+03
3.605537395914496651e-02 -7.296836482932973922e+03
3.638899022684118773e-02 -6.594969324527671233e+03
3.672569340785573205e-02 -6.310361045692652624e+03
3.706551206504585944e-02 -6.328060903669686013e+03
3.740847502555770532e-02 -5.960976251379972382e+03
3.775461138327167870e-02 -4.939086936253048407e+03
3.810395050127058508e-02 -3.472632474994237782e+03
3.845652201433046730e-02 -2.020309393110037490e+03
3.881235583143457374e-02 -7.820313432936629852e+02
3.917148213831057185e-02 2.312445572963431459e+02
3.953393139999124284e-02 6.309578402845706933e+02
3.989973436339881718e-02 1.898303587668024761e+02
4.026892205995331875e-02 -6.040881708630644198e+02
4.064152580820495214e-02 -9.483092810533668171e+02
4.101757721649090110e-02 -5.112459027269349576e+02
4.139710818561669753e-02 2.294392244639835496e+02
4.178015091156239008e-02 2.538251533928108472e+02
4.216673788821375529e-02 -5.353414523630081021e+02
4.255690191011881479e-02 -7.240071065882938228e+02
4.295067607526977665e-02 2.802143196922827428e+02
4.334809378791082413e-02 1.362805309771804332e+03
4.374918876137179335e-02 1.187673174321010038e+03
4.415399502092812872e-02 -1.466064232204067821e+02
4.456254690668726842e-02 -9.379349608498120006e+02
4.497487907650175171e-02 1.404084657879986935e+02
4.539102650890927682e-02 1.863014404801898991e+03
4.581102450609998017e-02 1.762520036359670939e+03
4.623490869691111727e-02 2.881476642078596342e+02
4.666271503984954078e-02 -5.629559888404160120e+02
4.709447982614205913e-02 -4.948532125408969478e+02
4.753023968281406414e-02 6.046758003489521798e+02
4.797003157579664973e-02 2.527304447717817766e+03
4.841389281306245074e-02 4.583471860204834229e+03
4.886186104779052797e-02 5.548315321245896484e+03
4.931397428156051449e-02 4.818654652239311872e+03
4.977027086757634250e-02 2.912717611111381302e+03
5.023078951391975189e-02 3.954636242182588148e+02
5.069556928683396219e-02 -1.518969701602213036e+03
5.116464961403770217e-02 -1.931933793645730702e+03
5.163807028806986776e-02 -1.397835647608826775e+03
5.211587146966519674e-02 -4.666090286160028882e+02
5.259809369116114075e-02 1.227146782498130051e+03
5.308477785993622605e-02 3.495475342941464532e+03
5.357596526188031921e-02 5.949606312856558361e+03
5.407169756489689505e-02 7.451543323706204319e+03
5.457201682243782020e-02 7.713945829037034855e+03
5.507696547707074258e-02 8.590512228166255227e+03
5.558658636407956544e-02 1.088059011852203184e+04
5.610092271509817263e-02 1.345328897718881126e+04
5.662001816177784919e-02 1.441113742038687997e+04
5.714391673948858441e-02 1.352047467831568974e+04
5.767266289105461158e-02 1.282922507449503610e+04
5.820630147052456571e-02 1.253158444887185942e+04
5.874487774697647463e-02 1.081774527992887306e+04
5.928843740835800652e-02 8.265491286246669915e+03
5.983702656536217523e-02 6.319440108986936139e+03
6.039069175533900991e-02 4.129391414294535025e+03
6.094947994624332760e-02 1.281051179024046178e+03
6.151343854061908090e-02 -3.906751021692108452e+02
6.208261537962055793e-02 -1.131845352744770025e+03
6.265705874707079570e-02 -2.064877864603295166e+03
6.323681737355757448e-02 -3.221424544168432021e+03
6.382194044056720139e-02 -4.899944263098843294e+03
6.441247758465670770e-02 -5.948949464939415520e+03
6.500847890166451537e-02 -6.154802596306989471e+03
6.560999495096016265e-02 -6.982071920933139154e+03
6.621707675973323437e-02 -8.646827035311311192e+03
6.682977582732212152e-02 -1.028036097403862914e+04
6.744814412958269334e-02 -1.194967316406882674e+04
6.807223412329750645e-02 -1.284452867780964152e+04
6.870209875062577298e-02 -1.288747513136906491e+04
6.933779144359443480e-02 -1.303397056241912105e+04
6.997936612863091266e-02 -1.190837765189996935e+04
7.062687723113772464e-02 -8.935187575290927271e+03
7.128037968010941805e-02 -5.800059199992398135e+03
7.193992891279228641e-02 -3.056862277112894390e+03
7.260558087938712157e-02 -1.659385475510817514e+03
7.327739204779559756e-02 -2.999738533800928053e+03
7.395541940841038331e-02 -4.887731325927574289e+03
7.463972047894983086e-02 -4.805620810292026363e+03
7.533035330933711415e-02 -3.611081298069313561e+03
7.602737648662480363e-02 -3.135219264005773766e+03
7.673084913996473799e-02 -3.189937383348054937e+03
7.744083094562408121e-02 -2.433569273619087653e+03
7.815738213204771745e-02 -1.591720793985652108e+03
7.888056348496745585e-02 -1.053166469486155620e+03
7.961043635255853068e-02 9.327547260699581102e+02
8.034706265064388286e-02 3.484672012257572078e+03
8.109050486794652790e-02 4.200317406199670586e+03
8.184082607139045451e-02 3.958434061857652523e+03
8.259808991145077550e-02 3.872314092583412275e+03
8.336236062755317255e-02 3.257463040600069235e+03
8.413370305352339817e-02 2.398083253709364726e+03
8.491218262308725118e-02 1.405385032846684680e+03
8.569786537542128935e-02 9.556734288743808747e+02
8.649081796075511197e-02 3.527932378153849641e+03
8.729110764602522610e-02 6.444861707526493774e+03
8.809880232058149574e-02 6.074429348800439584e+03
8.891397050194617402e-02 4.101684051668570646e+03
8.973668134162636478e-02 2.166058223526876645e+03
9.056700463098016352e-02 1.327540445843598945e+03
9.140501080713717141e-02 1.208602144819504474e+03
9.225077095897371571e-02 9.265599505804104865e+02
9.310435683314341460e-02 6.043418444544629438e+02
9.396584084016346150e-02 3.307699970006689227e+01
9.483529606055735028e-02 -6.757771802380660802e+02
9.571279625105433286e-02 -1.288945754524356971e+03
9.659841585084624760e-02 -2.062162987955636709e+03
9.749222998790231520e-02 -3.363559543420190039e+03
9.839431448534229074e-02 -4.467940549429528801e+03
9.930474586786862401e-02 -4.559648649823585401e+03
1.002236013682581001e-01 -5.404539177422377179e+03
1.011509589339136261e-01 -8.190923174027500863e+03
1.020868972334765118e-01 -8.422525740873032191e+03
1.030314956635000612e-01 -3.609718038553511178e+03
1.039848343551848381e-01 3.051349032832213197e+03
1.049469941811762563e-01 9.343469727345782303e+03
1.059180567624251473e-01 1.316600222479452532e+04
1.068981044751116660e-01 1.132892692685612565e+04
1.078872204576332705e-01 6.172036168681103845e+03
1.088854886176578857e-01 3.629636858724193189e+03
1.098929936392411960e-01 4.883103817076960695e+03
1.109098209900108989e-01 5.865119747967036346e+03
1.119360569284169327e-01 4.277714256361795378e+03
1.129717885110488318e-01 2.004703292889412296e+03
1.140171036000208610e-01 7.008591159877529435e+02
1.150720908704253725e-01 4.495461140691470519e+02
1.161368398178553030e-01 3.684517371103871142e+02
1.172114407659960583e-01 1.237628442870003482e+02
1.182959848742878711e-01 -1.853850460733475529e+02
1.193905641456588368e-01 -6.577701524522375394e+02
1.204952714343296982e-01 -1.170464463666448410e+03
1.216102004536907116e-01 -1.467306374690891971e+03
1.227354457842514679e-01 -1.466574939623930049e+03
1.238711028816642246e-01 -1.268888831265923727e+03
1.250172680848215256e-01 -6.676388604316343844e+02
1.261740386240287060e-01 1.158936983698185031e+03
1.273415126292520017e-01 3.013391491397031587e+03
1.285197891384431412e-01 2.960986774353231340e+03
1.297089681059406807e-01 1.799342127978690996e+03
1.309091504109492210e-01 9.076269341175453746e+02
1.321204378660972845e-01 4.804289616046559104e+02
1.333429332260739619e-01 8.322677918135886443e+01
1.345767401963457455e-01 -2.320471073584624264e+02
1.358219634419541022e-01 -3.664388116687859451e+02
1.370787085963940943e-01 -5.000148800387950132e+02
1.383470822705755443e-01 -7.128421494741137394e+02
1.396271920618668561e-01 -1.008845539972914025e+03
1.409191465632226581e-01 -1.286539236240936361e+03
1.422230553723957402e-01 -1.426645657488844336e+03
1.435390291012345054e-01 -1.484124222046095156e+03
1.448671793850661305e-01 -1.606199736272838436e+03
1.462076188921667408e-01 -1.624978051747211111e+03
1.475604613333192650e-01 -1.134248437844768887e+03
1.489258214714594686e-01 -2.133853979961135678e+02
1.503038151314115001e-01 4.781504557243798672e+02
1.516945592097135032e-01 4.485693793571558103e+02
1.530981716845338514e-01 -1.637004527154518883e+02
1.545147716256795034e-01 -6.571879395926646339e+02
1.559444792046968120e-01 -6.431949209365377556e+02
1.573874157050657585e-01 -3.961198709967287073e+02
1.588437035324885005e-01 -2.187500137245045551e+02
1.603134662252732601e-01 -1.725339765392439517e+02
1.617968284648141075e-01 -1.642229560574965603e+02
1.632939160861678896e-01 -1.297427471612593308e+02
1.648048560887288572e-01 -6.682206421391943252e+01
1.663297766470022421e-01 3.086443060894748402e+00
1.678688071214773092e-01 5.374015884187323877e+01
1.694220780696012729e-01 5.951139308886695289e+01
1.709897212568544100e-01 3.981186000600345665e+00
1.725718696679281183e-01 -7.354437267240132314e+01
1.741686575180058927e-01 -8.508884818342423273e+01
1.757802202641490508e-01 -2.857625324679076328e+01
1.774066946167877357e-01 2.533189203512140608e+01
1.790482185513180002e-01 4.939820100890145227e+01
1.807049313198066387e-01 5.377886001129590454e+01
1.823769734628039041e-01 5.131706528450001059e+01
1.840644868212657215e-01 4.841949252456434749e+01
1.857676145485862573e-01 4.668474827913391323e+01
1.874865011227417610e-01 4.594681872155150870e+01
1.892212923585466500e-01 4.570467582108317117e+01
1.909721354200232812e-01 4.548018829727157453e+01
1.927391788328859101e-01 4.488924244585769685e+01
1.945225724971403058e-01 4.367152435323549042e+01
1.963224676997999407e-01 4.171278864775271700e+01
1.981390171277197521e-01 3.905745965385646912e+01
1.999723748805487533e-01 3.588643180782685249e+01
2.018226964838024939e-01 3.245467828791734632e+01
2.036901389020563946e-01 2.902276768128109907e+01
2.055748605522611239e-01 2.580787765056801675e+01
2.074770213171814870e-01 2.295075014837011906e+01
2.093967825589591880e-01 2.050307704637178219e+01
2.113343071328015188e-01 1.844229362555032026e+01
2.132897594007963638e-01 1.669829248507851105e+01
2.152633052458553520e-01 1.517571043236957173e+01
2.172551120857857954e-01 1.377501172439664323e+01
2.192653488874928835e-01 1.241810574028385084e+01
2.212941861813133015e-01 1.106602387897291706e+01
2.233417960754816023e-01 9.718616929846996655e+00
2.254083522707301113e-01 8.400587133792708272e+00
2.274940300750243338e-01 7.144594038242459533e+00
2.295990064184343371e-01 5.979881948578843698e+00
2.317234598681440494e-01 4.925955761076063588e+00
2.338675706435991430e-01 3.990394270346774963e+00
2.360315206317953052e-01 3.169178502091146044e+00
2.382154934027078952e-01 2.448602682175947010e+00
2.404196742248643215e-01 1.809942570172214715e+00
2.426442500810605807e-01 1.235284687862248987e+00
2.448894096842231527e-01 7.119439353396829206e-01
2.471553434934177784e-01 2.332527848005736537e-01
2.494422437300061746e-01 -2.027289001482053266e-01
2.517503043939524621e-01 -5.958292341360030830e-01
2.540797212802803351e-01 -9.456932014256467234e-01
2.564306919956825248e-01 -1.253099731475503908e+00
2.588034159752838903e-01 -1.520613621046082109e+00
2.611980944995599963e-01 -1.751919572392362845e+00
2.636149307114114548e-01 -1.950843875878240707e+00
2.660541296333971961e-01 -2.121017834259684598e+00
2.685158981851264448e-01 -2.265884376627897101e+00
2.710004452008120124e-01 -2.388313405045276117e+00
2.735079814469859039e-01 -2.490389989282603800e+00
2.760387196403787935e-01 -2.573765511471541423e+00
2.785928744659650347e-01 -2.640157919741278114e+00
2.811706625951746474e-01 -2.691621168043486723e+00
2.837723027042736712e-01 -2.730173843334943395e+00
2.863980154929147148e-01 -2.757939227043900043e+00
2.890480237028591470e-01 -2.776440261877465510e+00
2.917225521368724817e-01 -2.786749861981958620e+00
2.944218276777946230e-01 -2.789557225955654918e+00
2.971460793077864704e-01 -2.785670438230152257e+00
2.998955381277548238e-01 -2.775744616722651159e+00
3.026704373769569245e-01 -2.760311451218084855e+00
3.054710124527861281e-01 -2.739776146439415694e+00
3.082975009307412084e-01 -2.714493344659412166e+00
3.111501425845799029e-01 -2.684930972578162045e+00
3.140291794066590869e-01 -2.651577105344313345e+00
3.169348556284636298e-01 -2.614997956092488973e+00
3.198674177413242115e-01 -2.575821805168397205e+00
3.228271145173279288e-01 -2.534609424545824385e+00
3.258141970304215262e-01 -2.491920825735145950e+00
3.288289186777104134e-01 -2.448299043599456493e+00
3.318715352009545816e-01 -2.404107460991204537e+00
3.349423047082633609e-01 -2.359623367575580666e+00
3.380414876959910719e-01 -2.315038245475609546e+00
3.411693470708350162e-01 -2.270468619611567984e+00
3.443261481721382467e-01 -2.225895038507275547e+00
3.475121587943982293e-01 -2.181313246430519381e+00
3.507276492099854481e-01 -2.136750108317568841e+00
3.539728921920687887e-01 -2.092223132297770238e+00
3.572481630377565276e-01 -2.047768293984995491e+00
3.605537395914496512e-01 -2.003420294358792653e+00
3.638899022684118911e-01 -1.959307340619896198e+00
3.672569340785573067e-01 -1.915623424172239186e+00
3.706551206504586360e-01 -1.872435668786585294e+00
3.740847502555770254e-01 -1.829927207772561681e+00
3.775461138327168009e-01 -1.788122619136399027e+00
3.810395050127058925e-01 -1.747069794494205741e+00
3.845652201433046868e-01 -1.706841180422154602e+00
3.881235583143457513e-01 -1.667368786552279269e+00
3.917148213831057602e-01 -1.628604215836483737e+00
3.953393139999124006e-01 -1.590544867470775392e+00
3.989973436339881996e-01 -1.553189878718902905e+00
4.026892205995331597e-01 -1.516515465208714275e+00
4.064152580820494798e-01 -1.480486855132922219e+00
4.101757721649089694e-01 -1.445179045632583037e+00
4.139710818561669892e-01 -1.410478706658026882e+00
4.178015091156238592e-01 -1.376363840137536654e+00
4.216673788821375668e-01 -1.342991932478156292e+00
4.255690191011881063e-01 -1.310487309204233730e+00
4.295067607526977249e-01 -1.278704487923449262e+00
4.334809378791081858e-01 -1.247457777742442708e+00
4.374918876137179335e-01 -1.216714630854534462e+00
4.415399502092812734e-01 -1.186604686220692928e+00
4.456254690668726703e-01 -1.157214681330741346e+00
4.497487907650175032e-01 -1.128606347760723994e+00
4.539102650890927682e-01 -1.100607529582146915e+00
4.581102450609997878e-01 -1.073243509652450411e+00
4.623490869691112004e-01 -1.046404389036440064e+00
4.666271503984954494e-01 -1.020076331135300496e+00
4.709447982614206052e-01 -9.942591152401500931e-01
4.753023968281406275e-01 -9.689669819964965569e-01
4.797003157579664556e-01 -9.442545657804998216e-01
4.841389281306244796e-01 -9.202071641666244028e-01
4.886186104779052797e-01 -8.968012535597467139e-01
4.931397428156051865e-01 -8.739469769388877873e-01
4.977027086757634389e-01 -8.515959352333972721e-01
