5.023078951391972766e-05 8.553429861146036243e-07
5.069556928683388889e-05 8.849934334589093199e-07
5.116464961403767209e-05 9.154382700801452728e-07
5.163807028806978715e-05 9.468022192224154834e-07
5.211587146966517408e-05 9.793528223610711511e-07
5.259809369116105792e-05 1.012884470089905841e-06
5.308477785993620074e-05 1.047461252475256395e-06
5.357596526188023334e-05 1.083064202822926609e-06
5.407169756489686838e-05 1.119837217286589644e-06
5.457201682243774209e-05 1.157802933691131772e-06
5.507696547707072019e-05 1.196705378756863897e-06
5.558658636407947621e-05 1.236950929298035481e-06
5.610092271509814368e-05 1.278348596245835429e-06
5.662001816177776272e-05 1.321066055294336901e-06
5.714391673948855254e-05 1.365213179215082124e-06
5.767266289105452040e-05 1.410588715327910731e-06
5.820630147052453362e-05 1.457426415063075381e-06
5.874487774697638518e-05 1.505525530864076408e-06
5.928843740835797296e-05 1.555296431115607961e-06
5.983702656536208243e-05 1.606135202884732445e-06
6.039069175533898090e-05 1.658437117213226718e-06
6.094947994624323197e-05 1.712522570072903957e-06
6.151343854061905325e-05 1.767968534261180754e-06
6.208261537962046349e-05 1.825179048983823610e-06
6.265705874707077272e-05 1.884006283758814582e-06
6.323681737355747149e-05 1.944396169692893220e-06
6.382194044056716117e-05 2.006753353011060219e-06
6.441247758465660166e-05 2.070605835299817704e-06
6.500847890166448447e-05 2.136312161783066025e-06
6.560999495096006865e-05 2.204157958162193432e-06
6.621707675973320618e-05 2.273520269091560518e-06
6.682977582732201624e-05 2.344890939306710677e-06
6.744814412958265366e-05 2.417994729075192190e-06
6.807223412329740388e-05 2.493348412224246658e-06
6.870209875062573948e-05 2.570211491882281634e-06
6.933779144359432660e-05 2.649429968626202846e-06
6.997936612863088740e-05 2.730819395451053852e-06
7.062687723113762230e-05 2.814354629374204924e-06
7.128037968010938271e-05 2.899371615057994424e-06
7.193992891279217604e-05 2.987129485824836316e-06
7.260558087938708525e-05 3.076894386534027903e-06
7.327739204779548296e-05 3.169179816564687353e-06
7.395541940841035122e-05 3.263431425512686518e-06
7.463972047894970900e-05 3.360432818752773301e-06
7.533035330933708054e-05 3.459699606862808238e-06
7.602737648662468122e-05 3.560996706440875560e-06
7.673084913996470135e-05 3.664561673285626094e-06
7.744083094562397159e-05 3.770521988416582108e-06
7.815738213204768861e-05 3.879093907637707257e-06
7.888056348496733539e-05 3.990148811765319950e-06
7.961043635255848851e-05 4.103290447027377724e-06
8.034706265064376881e-05 4.218675779036669183e-06
8.109050486794647857e-05 4.336342499488412323e-06
8.184082607139033080e-05 4.456359716814770519e-06
8.259808991145073235e-05 4.578053474957130129e-06
8.336236062755304006e-05 4.702258635804922538e-06
8.413370305352336012e-05 4.828514890193450500e-06
8.491218262308711999e-05 4.956866941669232437e-06
8.569786537542125422e-05 5.087066491803139343e-06
8.649081796075497601e-05 5.219214610617853990e-06
8.729110764602517904e-05 5.353528850686149110e-06
8.809880232058136021e-05 5.489231065587697113e-06
8.891397050194612133e-05 5.626717228322384212e-06
8.973668134162622167e-05 5.765936970512820210e-06
9.056700463098011755e-05 5.906226466839039034e-06
9.140501080713702852e-05 6.048081888569742422e-06
9.225077095897366963e-05 6.190726231052834362e-06
9.310435683314326931e-05 6.334448484809519532e-06
9.396584084016341878e-05 6.478499472828412291e-06
9.483529606055720999e-05 6.623746973794073729e-06
9.571279625105427573e-05 6.769218272917275404e-06
9.659841585084609408e-05 6.914225559199355853e-06
9.749222998790226565e-05 7.059370952144834370e-06
9.839431448534213939e-05 7.204248340919394132e-06
9.930474586786856308e-05 7.348416970810985938e-06
1.002236013682579583e-04 7.491906289869772025e-06
1.011509589339134820e-04 7.633624127578257556e-06
1.020868972334763565e-04 7.773997973924766619e-06
1.030314956634999056e-04 7.912540534554312677e-06
1.039848343551846730e-04 8.048379232453853742e-06
1.049469941811760989e-04 8.181348230589890433e-06
1.059180567624249856e-04 8.311522448249229354e-06
1.068981044751114967e-04 8.436862309787697471e-06
1.078872204576332200e-04 8.559061928242413093e-06
1.088854886176578347e-04 8.675272903010508544e-06
1.098929936392411427e-04 8.787388584598098453e-06
1.109098209900108428e-04 8.892236637565879829e-06
1.119360569284168759e-04 8.991048934117573920e-06
1.129717885110487723e-04 9.082021470793030988e-06
1.140171036000207905e-04 9.165329044362477640e-06
1.150720908704253189e-04 9.238238442319869522e-06
1.161368398178552329e-04 9.300696847620906332e-06
1.172114407659959940e-04 9.350881245703621120e-06
1.182959848742878010e-04 9.389626684476157540e-06
1.193905641456587704e-04 9.414576231385684912e-06
1.204952714343296340e-04 9.424590560979059127e-06
1.216102004536906569e-04 9.418121370547256020e-06
1.227354457842514009e-04 9.394500062115952903e-06
1.238711028816641597e-04 9.352558463266343397e-06
1.250172680848214582e-04 9.288762302486443983e-06
1.261740386240286192e-04 9.202597450710389227e-06
1.273415126292519537e-04 9.093922898713349261e-06
1.285197891384430753e-04 8.958764492895261350e-06
1.297089681059405996e-04 8.795678790875085675e-06
1.309091504109491746e-04 8.603639060993035074e-06
1.321204378660972237e-04 8.379848335150341050e-06
1.333429332260738904e-04 8.122290387659801504e-06
1.345767401963456707e-04 7.828635543906085299e-06
1.358219634419540367e-04 7.497673636408735634e-06
1.370787085963940223e-04 7.124092109756272702e-06
1.383470822705754793e-04 6.707457091076941971e-06
1.396271920618667869e-04 6.244791221594900182e-06
1.409191465632225878e-04 5.733151244457294634e-06
1.422230553723956845e-04 5.170145350219079384e-06
1.435390291012344252e-04 4.550741534120800031e-06
1.448671793850660400e-04 3.872516622769386422e-06
1.462076188921666593e-04 3.132530213818600471e-06
1.475604613333191787e-04 2.326840083964822758e-06
1.489258214714593792e-04 1.451524228215491959e-06
1.503038151314114394e-04 5.020224728666589243e-07
1.516945592097134355e-04 -5.240038066717211842e-07
1.530981716845337536e-04 -1.634460917124658451e-06
1.545147716256794134e-04 -2.831890372991326024e-06
1.559444792046967400e-04 -4.120936965858472077e-06
1.573874157050656830e-04 -5.507806302406249929e-06
1.588437035324884346e-04 -6.995445246284983378e-06
1.603134662252731857e-04 -8.590976362551164348e-06
1.617968284648140247e-04 -1.029849470830615204e-05
1.632939160861678171e-04 -1.212703125046106858e-05
1.648048560887287726e-04 -1.407892313054351462e-05
1.663297766470021616e-04 -1.616307151647627805e-05
1.678688071214772372e-04 -1.838412558579582371e-05
1.694220780696011769e-04 -2.075167720914769851e-05
1.709897212568543161e-04 -2.326935146037794529e-05
1.725718696679280292e-04 -2.594587950271859525e-05
1.741686575180057981e-04 -2.878985218798947143e-05
1.757802202641489621e-04 -3.180886697249100183e-05
1.774066946167876340e-04 -3.500962549644203212e-05
1.790482185513179233e-04 -3.840350173046185587e-05
1.807049313198065489e-04 -4.199654569434561581e-05
1.823769734628037913e-04 -4.579916966650018234e-05
1.840644868212656232e-04 -4.982007654619055652e-05
1.857676145485861856e-04 -5.406881967510927242e-05
1.874865011227416648e-04 -5.855655853821644356e-05
1.892212923585465481e-04 -6.329234406958090804e-05
1.909721354200231774e-04 -6.828639399534996621e-05
1.927391788328858225e-04 -7.355123358769976162e-05
1.945225724971402217e-04 -7.909363086828204929e-05
1.963224676997998364e-04 -8.492496128715895242e-05
1.981390171277196339e-04 -9.105709362741249660e-05
1.999723748805486438e-04 -9.749993347502562626e-05
2.018226964838024009e-04 -1.042661941295905842e-04
2.036901389020562758e-04 -1.113676320901520899e-04
2.055748605522610226e-04 -1.188143811477575116e-04
2.074770213171813838e-04 -1.266204751847007553e-04
2.093967825589591067e-04 -1.347979874408172676e-04
2.113343071328014028e-04 -1.433593239994445366e-04
2.132897594007962582e-04 -1.523178264675721801e-04
2.152633052458552464e-04 -1.616858498432331747e-04
2.172551120857856867e-04 -1.714769922212037686e-04
2.192653488874927710e-04 -1.817046339840500254e-04
2.212941861813132042e-04 -1.923809757728506199e-04
2.233417960754814700e-04 -2.035206827068434263e-04
2.254083522707299957e-04 -2.151373041408331343e-04
2.274940300750242182e-04 -2.272448052822280613e-04
2.295990064184342335e-04 -2.398551370190858830e-04
2.317234598681439486e-04 -2.529791385034317239e-04
2.338675706435990400e-04 -2.666256719584641751e-04
2.360315206317952072e-04 -2.808084871983331215e-04
2.382154934027077783e-04 -2.955352745439656140e-04
2.404196742248642152e-04 -3.108195253963783608e-04
2.426442500810604638e-04 -3.266738219015668057e-04
2.448894096842230486e-04 -3.431047333963035397e-04
2.471553434934176704e-04 -3.601260894897442832e-04
2.494422437300060683e-04 -3.777471627521130021e-04
2.517503043939523389e-04 -3.959742053122047379e-04
2.540797212802799600e-04 -4.148236557754768719e-04
2.564306919956823639e-04 -4.342996769129977381e-04
2.588034159752835108e-04 -4.544120078386551932e-04
2.611980944995598449e-04 -4.751654939499207826e-04
2.636149307114110576e-04 -4.965676979322334412e-04
2.660541296333970591e-04 -5.186215704368927430e-04
2.685158981851260332e-04 -5.413277974792680362e-04
2.710004452008118992e-04 -5.646840452164488336e-04
2.735079814469854585e-04 -5.886869685540907114e-04
2.760387196403786352e-04 -6.133321879320256971e-04
2.785928744659646244e-04 -6.386162845592701894e-04
2.811706625951744943e-04 -6.645354644519098266e-04
2.837723027042732206e-04 -6.910853619410151647e-04
2.863980154929145596e-04 -7.182615834667169848e-04
2.890480237028587147e-04 -7.460502178709233975e-04
2.917225521368723654e-04 -7.744454729446116582e-04
2.944218276777941460e-04 -8.034400117113690626e-04
2.971460793077862809e-04 -8.330193510508617210e-04
2.998955381277543806e-04 -8.631678180128716030e-04
3.026704373769567558e-04 -8.938671067092947330e-04
3.054710124527856862e-04 -9.250943313657934231e-04
3.082975009307410805e-04 -9.568188371272169515e-04
3.111501425845793981e-04 -9.890095406035882657e-04
3.140291794066589742e-04 -1.021634308578857992e-03
3.169348556284631532e-04 -1.054663982405197294e-03
3.198674177413240549e-04 -1.088063225000648762e-03
3.228271145173274015e-04 -1.121799101680543255e-03
3.258141970304213376e-04 -1.155838793448110777e-03
3.288289186777098899e-04 -1.190146136344899129e-03
3.318715352009544311e-04 -1.224675862276564543e-03
3.349423047082628730e-04 -1.259391613763082788e-03
3.380414876959908759e-04 -1.294248536024800948e-03
3.411693470708344737e-04 -1.329198605824445699e-03
3.443261481721376959e-04 -1.364178846085824844e-03
3.475121587943980571e-04 -1.399129686407766821e-03
3.507276492099853089e-04 -1.433993132680620340e-03
3.539728921920686291e-04 -1.468704270084035144e-03
3.572481630377563155e-04 -1.503204389627740400e-03
3.605537395914494461e-04 -1.537438038356005350e-03
3.638899022684116756e-04 -1.571341192220525275e-03
3.672569340785571189e-04 -1.604854661308545427e-03
3.706551206504584361e-04 -1.637920848868538353e-03
3.740847502555768537e-04 -1.670477263457765225e-03
3.775461138327166157e-04 -1.702456626065642449e-03
3.810395050127056535e-04 -1.733788347284352964e-03
3.845652201433044800e-04 -1.764388971014723036e-03
3.881235583143455314e-04 -1.794176058614993475e-03
3.917148213831055581e-04 -1.823078107205549237e-03
3.953393139999122029e-04 -1.851022368346200457e-03
3.989973436339879658e-04 -1.877944858015235998e-03
4.026892205995329641e-04 -1.903780591412937819e-03
4.064152580820493067e-04 -1.928470824836558267e-03
4.101757721649087638e-04 -1.951952106406320674e-03
4.139710818561667671e-04 -1.974171602626012718e-03
4.178015091156236623e-04 -1.995058635677468637e-03
4.216673788821373339e-04 -2.014536076722743107e-03
4.255690191011879072e-04 -2.032519900060686998e-03
4.295067607526975085e-04 -2.048936343343050071e-03
4.334809378791080114e-04 -2.063737311284309477e-03
4.374918876137176907e-04 -2.076869554666289745e-03
4.415399502092810661e-04 -2.088286063642765932e-03
4.456254690668724240e-04 -2.097947415653563831e-03
4.497487907650172460e-04 -2.105816749790905950e-03
4.539102650890925188e-04 -2.111860584428147929e-03
4.581102450609995588e-04 -2.116010964651499071e-03
4.623490869691109775e-04 -2.118192184501698286e-03
4.666271503984952018e-04 -2.118345840772234163e-03
4.709447982614203398e-04 -2.116435437251512619e-03
4.753023968281404267e-04 -2.112428841012989680e-03
4.797003157579662197e-04 -2.106309132302098749e-03
4.841389281306242276e-04 -2.098069265580873848e-03
4.886186104779050065e-04 -2.087707323261283471e-03
4.931397428156048934e-04 -2.075185769204323290e-03
4.977027086757631865e-04 -2.060439496945104271e-03
5.023078951391972630e-04 -2.043403183715814756e-03
5.069556928683394310e-04 -2.024034294724435037e-03
5.116464961403767615e-04 -2.002315710662389784e-03
5.163807028806984001e-04 -1.978245843069411595e-03
5.211587146966517679e-04 -1.951831619620211268e-03
5.259809369116111213e-04 -1.923084706248724251e-03
5.308477785993620480e-04 -1.891984255957733724e-03
5.357596526188028755e-04 -1.858459359428329353e-03
5.407169756489687380e-04 -1.822432902683252497e-03
5.457201682243779765e-04 -1.783872833121431366e-03
5.507696547707071613e-04 -1.742775862318353451e-03
5.558658636407953855e-04 -1.699150284256976430e-03
5.610092271509814097e-04 -1.653021699511538715e-03
5.662001816177782100e-04 -1.604405692938278526e-03
5.714391673948855796e-04 -1.553250846015625988e-03
5.767266289105457732e-04 -1.499469299391516155e-03
5.820630147052453362e-04 -1.443014352199901680e-03
5.874487774697645295e-04 -1.383885481157985046e-03
5.928843740835797703e-04 -1.322128526817060784e-03
5.983702656536214748e-04 -1.257800356401461185e-03
6.039069175533897955e-04 -1.190940098505937055e-03
6.094947994624330245e-04 -1.121524252620531743e-03
6.151343854061905054e-04 -1.049489691480927443e-03
6.208261537962052583e-04 -9.748289580952709376e-04
6.265705874707077272e-04 -8.975979838543370623e-04
6.323681737355754196e-04 -8.179003946297872755e-04
6.382194044056716930e-04 -7.358541553596351830e-04
6.441247758465667213e-04 -6.515352846950100410e-04
6.500847890166448718e-04 -5.649485670205549792e-04
6.560999495096013099e-04 -4.761093629616703271e-04
6.621707675973320618e-04 -3.851145448388986468e-04
6.682977582732208943e-04 -2.921340929933401794e-04
6.744814412958265908e-04 -1.973718436711028733e-04
6.807223412329747435e-04 -1.009909231374625158e-04
6.870209875062573135e-04 -3.077895235830328583e-06
6.933779144359439707e-04 9.629726804079450557e-05
6.997936612863087926e-04 1.969773993500196954e-04
7.062687723113768735e-04 2.987181278015810129e-04
7.128037968010938813e-04 4.012432150128198522e-04
7.193992891279217062e-04 5.043234269599685630e-04
7.260558087938709338e-04 6.078342013430312451e-04
7.327739204779548567e-04 7.116492788907337113e-04
7.395541940841035122e-04 8.155378086473136830e-04
7.463972047894970900e-04 9.191910990129256546e-04
7.533035330933707512e-04 1.022297554932454725e-03
7.602737648662468394e-04 1.124648523063464731e-03
7.673084913996469593e-04 1.226114573838448700e-03
7.744083094562396888e-04 1.326506033228387138e-03
7.815738213204768319e-04 1.425516840652196662e-03
7.888056348496733268e-04 1.522801851406672654e-03
7.961043635255849122e-04 1.618096191346785929e-03
8.034706265064376881e-04 1.711268797310039553e-03
8.109050486794647586e-04 1.802161096128780757e-03
8.184082607139033351e-04 1.890478850772316435e-03
8.259808991145073777e-04 1.975864276814271944e-03
8.336236062755303464e-04 2.058044020679406731e-03
8.413370305352335741e-04 2.136902050851970623e-03
8.491218262308711457e-04 2.212307062350254462e-03
8.569786537542125422e-04 2.283974755467264948e-03
8.649081796075497059e-04 2.351571288565610426e-03
8.729110764602518446e-04 2.414897035807337614e-03
8.809880232058135479e-04 2.473927125813097250e-03
8.891397050194612675e-04 2.528592664613000997e-03
8.973668134162622167e-04 2.578673381659716927e-03
9.056700463098011755e-04 2.623976057120496353e-03
9.140501080713703394e-04 2.664551369966499522e-03
9.225077095897367234e-04 2.700615306611942826e-03
9.310435683314326931e-04 2.732257640788623640e-03
9.396584084016341336e-04 2.759485910258397626e-03
9.483529606055720457e-04 2.782529591679394881e-03
9.571279625105428386e-04 2.801951548609780875e-03
9.659841585084609408e-04 2.818306505945365921e-03
9.749222998790225752e-04 2.832003460068354111e-03
9.839431448534212855e-04 2.843610381422763053e-03
9.930474586786856850e-04 2.854101353747625323e-03
1.002236013682579474e-03 2.864577737622882141e-03
1.011509589339135715e-03 2.875914468013117224e-03
1.020868972334763565e-03 2.889094588647426413e-03
1.030314956635000221e-03 2.905520037923392269e-03
1.039848343551846811e-03 2.926705461429913308e-03
1.049469941811762182e-03 2.953875611867276801e-03
1.059180567624249964e-03 2.988311609273595557e-03
1.068981044751116105e-03 3.031657769571961380e-03
1.078872204576332037e-03 3.085508470590771473e-03
1.088854886176579377e-03 3.151098652610944198e-03
1.098929936392411318e-03 3.229659346885511376e-03
1.109098209900109648e-03 3.322583378689952273e-03
1.119360569284168650e-03 3.431042705371107910e-03
1.129717885110488942e-03 3.555703686305966820e-03
1.140171036000207959e-03 3.697216616239927273e-03
1.150720908704254246e-03 3.856214049478683473e-03
1.161368398178552275e-03 4.032718693260142241e-03
1.172114407659961268e-03 4.226296739769303153e-03
1.182959848742877983e-03 4.436519999247034822e-03
1.193905641456588897e-03 4.662571653620883882e-03
1.204952714343296340e-03 4.902903478740177831e-03
1.216102004536907897e-03 5.155734704502289330e-03
1.227354457842514063e-03 5.419155756995465596e-03
1.238711028816642844e-03 5.690619216657930371e-03
1.250172680848214528e-03 5.967134635064769675e-03
1.261740386240287493e-03 6.245816377591635431e-03
1.273415126292519375e-03 6.523397121113714767e-03
1.285197891384430753e-03 6.796141005681925751e-03
1.297089681059406105e-03 7.060754586174290345e-03
1.309091504109491638e-03 7.314009101303122797e-03
1.321204378660972237e-03 7.552423911154794792e-03
1.333429332260738795e-03 7.773225664629262142e-03
1.345767401963456761e-03 7.974293420146952305e-03
1.358219634419540259e-03 8.153634935323400210e-03
1.370787085963940223e-03 8.310354177790840041e-03
1.383470822705754793e-03 8.444601104867043365e-03
1.396271920618668031e-03 8.556939783387762163e-03
1.409191465632225878e-03 8.649290547220481185e-03
1.422230553723956683e-03 8.724740259538534687e-03
1.435390291012344360e-03 8.786689060780587465e-03
1.448671793850660455e-03 8.839725091133603802e-03
1.462076188921666809e-03 8.889142822585465939e-03
1.475604613333191895e-03 8.939974389909080554e-03
1.489258214714593792e-03 8.997871565506394484e-03
1.503038151314114394e-03 9.067905668194825228e-03
1.516945592097134138e-03 9.154083603410224923e-03
1.530981716845337699e-03 9.259975238363686578e-03
1.545147716256794297e-03 9.387282535815659468e-03
1.559444792046967400e-03 9.536129791397646160e-03
1.573874157050656830e-03 9.705283002584044402e-03
1.588437035324884346e-03 9.891344011602448000e-03
1.603134662252731803e-03 1.008965117349878808e-02
1.617968284648140355e-03 1.029415594993683854e-02
1.632939160861678063e-03 1.049796814940037737e-02
1.648048560887287834e-03 1.069457006356853805e-02
1.663297766470021562e-03 1.087736253381602416e-02
1.678688071214772372e-03 1.104125208002453007e-02
1.694220780696011714e-03 1.118305356527666411e-02
1.709897212568543216e-03 1.130180736407427472e-02
1.725718696679280238e-03 1.139956494140699321e-02
1.741686575180057981e-03 1.148053448614767304e-02
1.757802202641489675e-03 1.155173988434140403e-02
1.774066946167876394e-03 1.162157607711611189e-02
1.790482185513179178e-03 1.169928380673640640e-02
1.807049313198065598e-03 1.179395108929719854e-02
1.823769734628038130e-03 1.191281651155935359e-02
1.840644868212656287e-03 1.206086427599026983e-02
1.857676145485861801e-03 1.223912059140057004e-02
1.874865011227416648e-03 1.244490415354325766e-02
1.892212923585465589e-03 1.267139809020577899e-02
1.909721354200231936e-03 1.290866110163255837e-02
1.927391788328858225e-03 1.314445204776007459e-02
1.945225724971402000e-03 1.336620382858147611e-02
1.963224676997998418e-03 1.356259295743507398e-02
1.981390171277196393e-03 1.372533642492129898e-02
1.999723748805486492e-03 1.385078017601466295e-02
2.018226964838023847e-03 1.394033103566465377e-02
2.036901389020562975e-03 1.400058111773098621e-02
2.055748605522610389e-03 1.404205676785127456e-02
2.074770213171814055e-03 1.407752872675783334e-02
2.093967825589591013e-03 1.411942432401758728e-02
2.113343071328013974e-03 1.417763079367446305e-02
2.132897594007962527e-03 1.425727134899937992e-02
2.152633052458552410e-03 1.435785068325441498e-02
2.172551120857856705e-03 1.447314769485220053e-02
2.192653488874927656e-03 1.459277148802802862e-02
2.212941861813132096e-03 1.470485837305806655e-02
2.233417960754814809e-03 1.479923728571362791e-02
2.254083522707299794e-03 1.487042891154063788e-02
2.274940300750242020e-03 1.491966898218865037e-02
2.295990064184342226e-03 1.495572591855793589e-02
2.317234598681439540e-03 1.499332393437557802e-02
2.338675706435990129e-03 1.505011446601765314e-02
2.360315206317949686e-03 1.514249002550787163e-02
2.382154934027077946e-03 1.528138985907402138e-02
2.404196742248639659e-03 1.546908524785225135e-02
2.426442500810604367e-03 1.569826950137221538e-02
2.448894096842227884e-03 1.595358986447652228e-02
2.471553434934176379e-03 1.621544603259359590e-02
2.494422437300057756e-03 1.646514576839945218e-02
2.517503043939523389e-03 1.668972977478133668e-02
2.540797212802799708e-03 1.688526015978479566e-02
2.564306919956823531e-03 1.705702177793080171e-02
2.588034159752835000e-03 1.721682654837888848e-02
2.611980944995598557e-03 1.737843205523322346e-02
2.636149307114110576e-03 1.755237937802577378e-02
2.660541296333970591e-03 1.774246779098565333e-02
2.685158981851260441e-03 1.794536805046073602e-02
2.710004452008118667e-03 1.815350249082897660e-02
2.735079814469854910e-03 1.836004281873618998e-02
2.760387196403786460e-03 1.856364723417605264e-02
2.785928744659646027e-03 1.877058568251449219e-02
2.811706625951745052e-03 1.899239339638101806e-02
2.837723027042732531e-03 1.923969403252107080e-02
2.863980154929145813e-03 1.951443342907164397e-02
2.890480237028587255e-03 1.980463672359213806e-02
2.917225521368723654e-03 2.008518742585536573e-02
2.944218276777941460e-03 2.032578667285121418e-02
2.971460793077862917e-03 2.050394914547212788e-02
2.998955381277543589e-03 2.061823154117295789e-02
3.026704373769567667e-03 2.069490517529234963e-02
3.054710124527856754e-03 2.078331226404512774e-02
3.082975009307410696e-03 2.093954749419445899e-02
3.111501425845793981e-03 2.120402164598650385e-02
3.140291794066589742e-03 2.158229208492814730e-02
3.169348556284631423e-03 2.203864143921814567e-02
3.198674177413240657e-03 2.250698293029456884e-02
3.228271145173274449e-03 2.291627720422130185e-02
3.258141970304213268e-03 2.322004125809431704e-02
3.288289186777099225e-03 2.341600522127149780e-02
3.318715352009544203e-03 2.354646262556124234e-02
3.349423047082628838e-03 2.367854875689348257e-02
3.380414876959908759e-03 2.387327269652298953e-02
3.411693470708344628e-03 2.415889866571907171e-02
3.443261481721380645e-03 2.452178348002575364e-02
3.475121587943980680e-03 2.491871430655525493e-02
3.507276492099856667e-03 2.530253724522811554e-02
3.539728921920686291e-03 2.564677912500731155e-02
3.572481630377566733e-03 2.595636927927699039e-02
3.605537395914494569e-03 2.625953346914199765e-02
3.638899022684120767e-03 2.658809986455360277e-02
3.672569340785571297e-03 2.695911189047693265e-02
3.706551206504587938e-03 2.736756801862059649e-02
3.740847502555768103e-03 2.779236188206539102e-02
3.775461138327169952e-03 2.820987014935122383e-02
3.810395050127056860e-03 2.860654717861488630e-02
3.845652201433048811e-03 2.898540779631262124e-02
3.881235583143455205e-03 2.936618184126982278e-02
3.917148213831059267e-03 2.978010626629642305e-02
3.953393139999122029e-03 3.025894672972480326e-02
3.989973436339883453e-03 3.081924993517548214e-02
4.026892205995329967e-03 3.144756527106722793e-02
4.064152580820497296e-03 3.209846133755223790e-02
4.101757721649087855e-03 3.271469426156514704e-02
4.139710818561672008e-03 3.326343824360573215e-02
4.178015091156236406e-03 3.376411559200128559e-02
4.216673788821373448e-03 3.428037885773582705e-02
4.255690191011879397e-03 3.487177883704459247e-02
4.295067607526975410e-03 3.553840082926219834e-02
4.334809378791079464e-03 3.620775834965337531e-02
4.374918876137176907e-03 3.678566275447094081e-02
4.415399502092810444e-03 3.723699134578072056e-02
4.456254690668724240e-03 3.762576669149978598e-02
4.497487907650172569e-03 3.807214285793502490e-02
4.539102650890925079e-03 3.865916617011827539e-02
4.581102450609995588e-03 3.937433814912136981e-02
4.623490869691109124e-03 4.014100840290476396e-02
4.666271503984952343e-03 4.090313558880026568e-02
4.709447982614203831e-03 4.166931160750144553e-02
4.753023968281404159e-03 4.246907642389445570e-02
4.797003157579662197e-03 4.328094642039452544e-02
4.841389281306242819e-03 4.403423149907344236e-02
4.886186104779049848e-03 4.470104770090983087e-02
4.931397428156049367e-03 4.537082047457518391e-02
4.977027086757631648e-03 4.619578152110499769e-02
5.023078951391972413e-03 4.724065079128754452e-02
5.069556928683393443e-03 4.840088925440177992e-02
5.116464961403767615e-03 4.949448252389443415e-02
5.163807028806984001e-03 5.043151800757218750e-02
5.211587146966517245e-03 5.126939431652399043e-02
5.259809369116111646e-03 5.210553428625133016e-02
5.308477785993619830e-03 5.296457284815790645e-02
5.357596526188028972e-03 5.382739902860003006e-02
5.407169756489686729e-03 5.473171568855613595e-02
5.457201682243779765e-03 5.575937739787214381e-02
5.507696547707071830e-03 5.689952649842398846e-02
5.558658636407953421e-03 5.799433146220762253e-02
5.610092271509814314e-03 5.889146075301055633e-02
5.662001816177782317e-03 5.962878643313335170e-02
5.714391673948855145e-03 6.040235700714077782e-02
5.767266289105458382e-03 6.135544131021881259e-02
5.820630147052453796e-03 6.246296489272123997e-02
5.874487774697644861e-03 6.362300772184149855e-02
5.928843740835797703e-03 6.477417551307558530e-02
5.983702656536214748e-03 6.588568487275435481e-02
6.039069175533898388e-03 6.692345119007624132e-02
6.094947994624329811e-03 6.790761378047245611e-02
6.151343854061904620e-03 6.894350812918476068e-02
6.208261537962052150e-03 7.010097233539154538e-02
6.265705874707076621e-03 7.129401559753174855e-02
6.323681737355753979e-03 7.236769427458758508e-02
6.382194044056716496e-03 7.328321287417731422e-02
6.441247758465666780e-03 7.414415768998289247e-02
6.500847890166448935e-03 7.507243967831811471e-02
6.560999495096013316e-03 7.612937103181076359e-02
6.621707675973320835e-03 7.730500775511003897e-02
6.682977582732208509e-03 7.849809228318883891e-02
6.744814412958265691e-03 7.956890622672235791e-02
6.807223412329747002e-03 8.050419445327929024e-02
6.870209875062573135e-03 8.145800469927023946e-02
6.933779144359439491e-03 8.253864086536075173e-02
6.997936612863088143e-03 8.364300919291378644e-02
7.062687723113769168e-03 8.459709615621327505e-02
7.128037968010938162e-03 8.537996774204120731e-02
7.193992891279224651e-03 8.614574351962991927e-02
7.260558087938708688e-03 8.710619715457323942e-02
7.327739204779555940e-03 8.839274935528228239e-02
7.395541940841034688e-03 8.990997152533462822e-02
7.463972047894978923e-03 9.134921318560730585e-02
7.533035330933707946e-03 9.247680468577085255e-02
7.602737648662476200e-03 9.335816738457301811e-02
7.673084913996469809e-03 9.419762668478498524e-02
7.744083094562404478e-03 9.506552049554323203e-02
7.815738213204768969e-03 9.587440330292282265e-02
7.888056348496741074e-03 9.652621507238749732e-02
7.961043635255848905e-03 9.706695125960192183e-02
8.034706265064384470e-03 9.773495098053734675e-02
8.109050486794647586e-03 9.869824471356317130e-02
8.184082607139040941e-03 9.972012608787965415e-02
8.259808991145072693e-03 1.003566061951281368e-01
8.336236062755311704e-03 1.004817743706231531e-01
8.413370305352335307e-03 1.003905647428831455e-01
8.491218262308719913e-03 1.004751596220133936e-01
8.569786537542124771e-03 1.008876121841466716e-01
8.649081796075507034e-03 1.014427271925481405e-01
8.729110764602518446e-03 1.019505604961079143e-01
8.809880232058144370e-03 1.024773950069165079e-01
8.891397050194612892e-03 1.030257660618170423e-01
8.973668134162631274e-03 1.033550505744617598e-01
9.056700463098012188e-03 1.032853956947598767e-01
9.140501080713712284e-03 1.029057500191194463e-01
9.225077095897368101e-03 1.025766266229461154e-01
9.310435683314336255e-03 1.025729937860910407e-01
9.396584084016341987e-03 1.027625046614511345e-01
9.483529606055730865e-03 1.030578850480694947e-01
9.571279625105427735e-03 1.034855396569778485e-01
9.659841585084620250e-03 1.036476528967781585e-01
9.749222998790225969e-03 1.031021166252812649e-01
9.839431448534224564e-03 1.020012753056835364e-01
9.930474586786856850e-03 1.008771267492774848e-01
1.002236013682581035e-02 9.990572229715176389e-02
1.011509589339136365e-02 9.872717087679803993e-02
1.020868972334764216e-02 9.728406726535809845e-02
1.030314956634999571e-02 9.578854623013233205e-02
1.039848343551847375e-02 9.402244947985703705e-02
1.049469941811761488e-02 9.189952523313793531e-02
1.059180567624250398e-02 8.997409943259465637e-02
1.068981044751115585e-02 8.864670193531970499e-02
1.078872204576332774e-02 8.744491551120073258e-02
1.088854886176578857e-02 8.579892749284141751e-02
1.098929936392411925e-02 8.369936551256100532e-02
1.109098209900108954e-02 8.115890297915279161e-02
1.119360569284169257e-02 7.821212710662919787e-02
1.129717885110488422e-02 7.526578501741222615e-02
1.140171036000208610e-02 7.269747604122896167e-02
1.150720908704253725e-02 7.025870388382052245e-02
1.161368398178552926e-02 6.752077231408178115e-02
1.172114407659960618e-02 6.436854265486911808e-02
1.182959848742878677e-02 6.083336349103888457e-02
1.193905641456588333e-02 5.730133661281154589e-02
1.204952714343296948e-02 5.437815356744669926e-02
1.216102004536907116e-02 5.192351081662848616e-02
1.227354457842514714e-02 4.910720934512601693e-02
1.238711028816642280e-02 4.541344759194725078e-02
1.250172680848215222e-02 4.080066481798233502e-02
1.261740386240286886e-02 3.589012524523409881e-02
1.273415126292520155e-02 3.168681055710573929e-02
1.285197891384431447e-02 2.819296266252773256e-02
1.297089681059406668e-02 2.421444715284067767e-02
1.309091504109492245e-02 1.905634507061314958e-02
1.321204378660972845e-02 1.309350761766786726e-02
1.333429332260739446e-02 7.252421717829926791e-03
1.345767401963457455e-02 2.193047507900894137e-03
1.358219634419540953e-02 -2.895671532297333216e-03
1.370787085963940874e-02 -9.444504359322637016e-03
1.383470822705755443e-02 -1.763391253519643043e-02
1.396271920618668769e-02 -2.641794126519131716e-02
1.409191465632226616e-02 -3.472084247438472077e-02
1.422230553723957507e-02 -4.268964960835756189e-02
1.435390291012345054e-02 -5.157404439315493860e-02
1.448671793850661235e-02 -6.163920127741146643e-02
1.462076188921667373e-02 -7.169492607537625295e-02
1.475604613333192545e-02 -8.096441250471825279e-02
1.489258214714594616e-02 -9.012997460483404555e-02
1.503038151314115174e-02 -1.004810024133114543e-01
1.516945592097134962e-02 -1.123494552143954883e-01
1.530981716845338306e-02 -1.243912950191623928e-01
1.545147716256795034e-02 -1.356819907862016616e-01
1.559444792046968224e-02 -1.470964513451469557e-01
1.573874157050657654e-02 -1.598449056099478238e-01
1.588437035324885213e-02 -1.732936713507010895e-01
1.603134662252732670e-02 -1.855027683888120782e-01
1.617968284648141006e-02 -1.968286683208799459e-01
1.632939160861678757e-02 -2.098112387305443860e-01
1.648048560887288572e-02 -2.253931094864558282e-01
1.663297766470022560e-02 -2.416839190014758998e-01
1.678688071214773370e-02 -2.567506764397236574e-01
1.694220780696012452e-02 -2.714380936939071454e-01
1.709897212568544170e-02 -2.870779381020356902e-01
1.725718696679280975e-02 -3.026896439042474629e-01
1.741686575180058719e-02 -3.168605591897005747e-01
1.757802202641490716e-02 -3.310905874878345423e-01
1.774066946167877218e-02 -3.471649002327549804e-01
1.790482185513180002e-02 -3.637955684268928125e-01
1.807049313198066595e-02 -3.793915708889940563e-01
1.823769734628039041e-02 -3.949357552394388016e-01
1.840644868212657284e-02 -4.120466108586531839e-01
1.857676145485862712e-02 -4.297383245893475201e-01
1.874865011227417472e-02 -4.462804438598083623e-01
1.892212923585466500e-02 -4.627207465806041919e-01
1.909721354200233021e-02 -4.803061868955671443e-01
1.927391788328858963e-02 -4.973684294120280791e-01
1.945225724971403128e-02 -5.130162637913420198e-01
1.963224676997999199e-02 -5.288165594576212936e-01
1.981390171277197521e-02 -5.454747981056830008e-01
1.999723748805487533e-02 -5.613958862959014251e-01
2.018226964838025148e-02 -5.761852146697380439e-01
2.036901389020563669e-02 -5.908892753422446686e-01
2.055748605522611516e-02 -6.050655728502081221e-01
2.074770213171815009e-02 -6.182509942784070178e-01
2.093967825589591880e-02 -6.322597301200316711e-01
2.113343071328015188e-02 -6.475898303403664347e-01
2.132897594007963568e-02 -6.618637730982616096e-01
2.152633052458553450e-02 -6.740443785680012567e-01
2.172551120857858092e-02 -6.850570693420797719e-01
2.192653488874928697e-02 -6.949142928439493438e-01
2.212941861813133224e-02 -7.034245861644627951e-01
2.233417960754816023e-02 -7.115505927529860442e-01
2.254083522707301182e-02 -7.189759397184523060e-01
2.274940300750243408e-02 -7.247380709638429064e-01
2.295990064184343440e-02 -7.297936744979881540e-01
2.317234598681440494e-02 -7.348095227727027279e-01
2.338675706435991430e-02 -7.391355868721675160e-01
2.360315206317952982e-02 -7.427348658900038147e-01
2.382154934027079160e-02 -7.454020522847416563e-01
2.404196742248643215e-02 -7.459875206832979888e-01
2.426442500810605668e-02 -7.448914751573398885e-01
2.448894096842231527e-02 -7.429698235715578303e-01
2.471553434934177854e-02 -7.399333593250383423e-01
2.494422437300061746e-02 -7.356789435586933434e-01
2.517503043939524690e-02 -7.305147301191395881e-01
2.540797212802803351e-02 -7.249698587250916759e-01
2.564306919956825179e-02 -7.194790111456317305e-01
2.588034159752838903e-02 -7.124837260592012944e-01
2.611980944995599685e-02 -7.013911046656315929e-01
2.636149307114114479e-02 -6.862000969660240202e-01
2.660541296333971892e-02 -6.698237440571020995e-01
2.685158981851264517e-02 -6.550126352317111600e-01
2.710004452008120401e-02 -6.409661635011784098e-01
2.735079814469858900e-02 -6.244679610556040927e-01
2.760387196403787588e-02 -6.038966896911419635e-01
2.785928744659650277e-02 -5.804543297439650473e-01
2.811706625951746613e-02 -5.562930660027567420e-01
2.837723027042736781e-02 -5.319163892765302881e-01
2.863980154929147287e-02 -5.062341497076850994e-01
2.890480237028591678e-02 -4.789950223033839216e-01
2.917225521368724955e-02 -4.515528667947379393e-01
2.944218276777946230e-02 -4.262436434267123375e-01
2.971460793077864565e-02 -4.026647594761881277e-01
2.998955381277548446e-02 -3.786331522422594631e-01
3.026704373769569315e-02 -3.539147260320852362e-01
3.054710124527861351e-02 -3.287354717929186210e-01
3.082975009307412084e-02 -3.034429285001395415e-01
3.111501425845798752e-02 -2.781298605115941625e-01
3.140291794066590869e-02 -2.537790209759577809e-01
3.169348556284636020e-02 -2.310134059451914024e-01
3.198674177413242392e-02 -2.099985096632510650e-01
3.228271145173278872e-02 -1.920927845250022248e-01
3.258141970304215262e-02 -1.779091399553208441e-01
3.288289186777100526e-02 -1.672635152352086874e-01
3.318715352009542208e-02 -1.580031769444757705e-01
3.349423047082630139e-02 -1.482167489994482834e-01
3.380414876959907111e-02 -1.379499453013770249e-01
3.411693470708346276e-02 -1.280099241921930364e-01
3.443261481721378997e-02 -1.187107564025074863e-01
3.475121587943982154e-02 -1.103134065141199854e-01
3.507276492099854759e-02 -1.024779004306638763e-01
3.539728921920688026e-02 -9.448100431233941165e-02
3.572481630377564998e-02 -8.634371005475391381e-02
3.605537395914496651e-02 -7.832345446341056061e-02
3.638899022684118773e-02 -7.159187022791207999e-02
3.672569340785573205e-02 -6.770806774493817737e-02
3.706551206504585944e-02 -6.680517481060319063e-02
3.740847502555770532e-02 -6.854602411416922669e-02
3.775461138327167870e-02 -7.393662475279226542e-02
3.810395050127058508e-02 -8.406724340738858103e-02
3.845652201433046730e-02 -9.898777103253493526e-02
3.881235583143457374e-02 -1.182670547455199617e-01
3.917148213831057185e-02 -1.419886322240055399e-01
3.953393139999124284e-02 -1.715804078091776042e-01
3.989973436339881718e-02 -2.094418362074430551e-01
4.026892205995331875e-02 -2.552265906523973893e-01
4.064152580820495214e-02 -3.056700900753553940e-01
4.101757721649090110e-02 -3.584626155023502569e-01
4.139710818561669753e-02 -4.131044081084312425e-01
4.178015091156239008e-02 -4.703448837910419456e-01
4.216673788821375529e-02 -5.279751890800569170e-01
4.255690191011881479e-02 -5.820299722468827985e-01
4.295067607526977665e-02 -6.319974896140539977e-01
4.334809378791082413e-02 -6.771335889548962816e-01
4.374918876137179335e-02 -7.140086687641794549e-01
4.415399502092812872e-02 -7.403058282120265066e-01
4.456254690668726842e-02 -7.551672891048589742e-01
4.497487907650175171e-02 -7.582050222612557455e-01
4.539102650890927682e-02 -7.480833780491096263e-01
4.581102450609998017e-02 -7.222605305202547399e-01
4.623490869691111727e-02 -6.776624179469773468e-01
4.666271503984954078e-02 -6.106930414359111881e-01
4.709447982614205913e-02 -5.193871191503360851e-01
4.753023968281406414e-02 -4.061588693398194283e-01
4.797003157579664973e-02 -2.741555449111075515e-01
4.841389281306245074e-02 -1.222377020305867451e-01
4.886186104779052797e-02 4.888620499845956063e-02
4.931397428156051449e-02 2.364741199127717852e-01
4.977027086757634250e-02 4.395572615912634595e-01
5.023078951391975189e-02 6.549173519236473062e-01
5.069556928683396219e-02 8.794539766479955167e-01
5.116464961403770217e-02 1.111634127090009194e+00
5.163807028806986776e-02 1.348098509648573140e+00
5.211587146966519674e-02 1.582866565698923589e+00
5.259809369116114075e-02 1.809492197685635739e+00
5.308477785993622605e-02 2.024337408563275709e+00
5.357596526188031921e-02 2.227171610132373303e+00
5.407169756489689505e-02 2.416475247103819779e+00
5.457201682243782020e-02 2.585219984803784676e+00
5.507696547707074258e-02 2.727839737140345555e+00
5.558658636407956544e-02 2.839935468355072601e+00
5.610092271509817263e-02 2.915760694366082539e+00
5.662001816177784919e-02 2.954080743107726725e+00
5.714391673948858441e-02 2.960200340028114496e+00
5.767266289105461158e-02 2.933448541828981959e+00
5.820630147052456571e-02 2.866953934389671499e+00
5.874487774697647463e-02 2.760471728274775494e+00
5.928843740835800652e-02 2.618995957472735281e+00
5.983702656536217523e-02 2.445857402552937820e+00
6.039069175533900991e-02 2.244553633943232374e+00
6.094947994624332760e-02 2.020531323833164361e+00
6.151343854061908090e-02 1.779551307358298695e+00
6.208261537962055793e-02 1.530648886950532805e+00
6.265705874707079570e-02 1.283091357818620493e+00
6.323681737355757448e-02 1.046195640238793301e+00
6.382194044056720139e-02 8.304001576608684987e-01
6.441247758465670770e-02 6.389094966946714527e-01
6.500847890166451537e-02 4.718275887998419349e-01
6.560999495096016265e-02 3.305206357935182582e-01
6.621707675973323437e-02 2.233210808730312635e-01
6.682977582732212152e-02 1.594361424166427788e-01
6.744814412958269334e-02 1.383155460640440593e-01
6.807223412329750645e-02 1.552074951545666104e-01
6.870209875062577298e-02 2.066812987607182239e-01
6.933779144359443480e-02 2.905908826335361628e-01
6.997936612863091266e-02 3.998453649232966423e-01
7.062687723113772464e-02 5.259691194816641380e-01
7.128037968010941805e-02 6.639439531184077037e-01
7.193992891279228641e-02 8.080136194762028712e-01
7.260558087938712157e-02 9.499241238299253043e-01
7.327739204779559756e-02 1.082815372021294742e+00
7.395541940841038331e-02 1.206039968191686684e+00
7.463972047894983086e-02 1.319874061440623025e+00
7.533035330933711415e-02 1.418941503672504822e+00
7.602737648662480363e-02 1.495800107932662382e+00
7.673084913996473799e-02 1.540585255186371016e+00
7.744083094562408121e-02 1.538817366209560111e+00
7.815738213204771745e-02 1.478799391559830534e+00
7.888056348496745585e-02 1.354905622898299189e+00
7.961043635255853068e-02 1.165746314893925328e+00
8.034706265064388286e-02 9.171516113308399998e-01
8.109050486794652790e-02 6.251874197704707647e-01
8.184082607139045451e-02 3.049627793080210147e-01
8.259808991145077550e-02 -2.807233514984160128e-02
8.336236062755317255e-02 -3.526647475920148267e-01
8.413370305352339817e-02 -6.470222995498166041e-01
8.491218262308725118e-02 -8.883569047573175448e-01
8.569786537542128935e-02 -1.062530162954900881e+00
8.649081796075511197e-02 -1.162018017518882562e+00
8.729110764602522610e-02 -1.183695797940413907e+00
8.809880232058149574e-02 -1.134472988453687492e+00
8.891397050194617402e-02 -1.028337855964857495e+00
8.973668134162636478e-02 -8.819054565983770466e-01
9.056700463098016352e-02 -7.100030758038859968e-01
9.140501080713717141e-02 -5.229474596352255977e-01
9.225077095897371571e-02 -3.294009833658480546e-01
9.310435683314341460e-02 -1.323134285124441534e-01
9.396584084016346150e-02 7.146010434026757452e-02
9.483529606055735028e-02 2.838330125450709285e-01
9.571279625105433286e-02 4.985573338580290281e-01
9.659841585084624760e-02 6.975059886316299362e-01
9.749222998790231520e-02 8.523495174513592287e-01
9.839431448534229074e-02 9.303381892703342926e-01
9.930474586786862401e-02 9.018851988858958002e-01
1.002236013682581001e-01 7.496242029753442671e-01
1.011509589339136261e-01 4.750959927902072555e-01
1.020868972334765118e-01 9.881100097414602379e-02
1.030314956635000612e-01 -3.443148891060817673e-01
1.039848343551848381e-01 -8.106317557595449363e-01
1.049469941811762563e-01 -1.243112712762966199e+00
1.059180567624251473e-01 -1.581349555679644192e+00
1.068981044751116660e-01 -1.782290449009768629e+00
1.078872204576332705e-01 -1.828089590216546600e+00
1.088854886176578857e-01 -1.727313410361709378e+00
1.098929936392411960e-01 -1.510274280686558557e+00
1.109098209900108989e-01 -1.219539672770384886e+00
1.119360569284169327e-01 -9.068314233758750786e-01
1.129717885110488318e-01 -6.239459156896245418e-01
1.140171036000208610e-01 -4.054012856804512510e-01
1.150720908704253725e-01 -2.594635494272927168e-01
1.161368398178553030e-01 -1.655678086135074778e-01
1.172114407659960583e-01 -9.030917862018351949e-02
1.182959848742878711e-01 -1.197609277136331765e-02
1.193905641456588368e-01 6.701109069962113418e-02
1.204952714343296982e-01 1.206611006757258853e-01
1.216102004536907116e-01 1.126259821197600625e-01
1.227354457842514679e-01 1.478390535170702805e-02
1.238711028816642246e-01 -1.786878878165394646e-01
1.250172680848215256e-01 -4.448088938454676233e-01
1.261740386240287060e-01 -7.361387201010205494e-01
1.273415126292520017e-01 -9.959795610287854872e-01
1.285197891384431412e-01 -1.178173828882113749e+00
1.297089681059406807e-01 -1.260440056914914342e+00
1.309091504109492210e-01 -1.244893197645033478e+00
1.321204378660972845e-01 -1.154711152754520631e+00
1.333429332260739619e-01 -1.025792069575190313e+00
1.345767401963457455e-01 -8.908424543177400068e-01
1.358219634419541022e-01 -7.693391210761727494e-01
1.370787085963940943e-01 -6.668928937120799372e-01
1.383470822705755443e-01 -5.781288499679432258e-01
1.396271920618668561e-01 -4.946390324867629418e-01
1.409191465632226581e-01 -4.139040386654390669e-01
1.422230553723957402e-01 -3.413009908930838554e-01
1.435390291012345054e-01 -2.864537354510365841e-01
1.448671793850661305e-01 -2.568262965525527908e-01
1.462076188921667408e-01 -2.513412720998543515e-01
1.475604613333192650e-01 -2.596797149343997857e-01
1.489258214714594686e-01 -2.688583125861386258e-01
1.503038151314115001e-01 -2.684109330225111778e-01
1.516945592097135032e-01 -2.533821752325091659e-01
1.530981716845338514e-01 -2.253257559673577382e-01
1.545147716256795034e-01 -1.908077320467469196e-01
1.559444792046968120e-01 -1.584164160218138329e-01
1.573874157050657585e-01 -1.346387650549064341e-01
1.588437035324885005e-01 -1.201306881109226732e-01
1.603134662252732601e-01 -1.111220375197968235e-01
1.617968284648141075e-01 -1.027161406028876678e-01
1.632939160861678896e-01 -9.100210722307323918e-02
1.648048560887288572e-01 -7.443979459589460113e-02
1.663297766470022421e-01 -5.403295159279050686e-02
1.678688071214773092e-01 -3.226089262220244169e-02
1.694220780696012729e-01 -1.167406883086302867e-02
1.709897212568544100e-01 6.021261425871313015e-03
1.725718696679281183e-01 1.998170845584322855e-02
1.741686575180058927e-01 2.983317130169703749e-02
1.757802202641490508e-01 3.563440135361518879e-02
1.774066946167877357e-01 3.783445123844911967e-02
1.790482185513180002e-01 3.713751760016847925e-02
1.807049313198066387e-01 3.454658544254819025e-02
1.823769734628039041e-01 3.127703115079634444e-02
1.840644868212657215e-01 2.827772293910054552e-02
1.857676145485862573e-01 2.594420563832382925e-02
1.874865011227417610e-01 2.430787668946057453e-02
1.892212923585466500e-01 2.323681421792959945e-02
1.909721354200232812e-01 2.252955530759854011e-02
1.927391788328859101e-01 2.197182373277803760e-02
1.945225724971403058e-01 2.138048219205765724e-02
1.963224676997999407e-01 2.063208334086558127e-02
1.981390171277197521e-01 1.967404492105272532e-02
1.999723748805487533e-01 1.851954864673792736e-02
2.018226964838024939e-01 1.722967517373462029e-02
2.036901389020563946e-01 1.588952849011310980e-02
2.055748605522611239e-01 1.458442049920769326e-02
2.074770213171814870e-01 1.338104525546236941e-02
2.093967825589591880e-01 1.231712651995740815e-02
2.113343071328015188e-01 1.139989760671208420e-02
2.132897594007963638e-01 1.061178584303164828e-02
2.152633052458553520e-01 9.920475646237490383e-03
2.172551120857857954e-01 9.289893683836923308e-03
2.192653488874928835e-01 8.689474131460065906e-03
2.212941861813133015e-01 8.099827089573435890e-03
2.233417960754816023e-01 7.514200453586389328e-03
2.254083522707301113e-01 6.936373419917853979e-03
2.274940300750243338e-01 6.376524436563369390e-03
2.295990064184343371e-01 5.846597880672461424e-03
2.317234598681440494e-01 5.356365376812535252e-03
2.338675706435991430e-01 4.911109473169593224e-03
2.360315206317953052e-01 4.511218247310424742e-03
2.382154934027078952e-01 4.153138585051668365e-03
2.404196742248643215e-01 3.831105255064338154e-03
2.426442500810605807e-01 3.538989570795854789e-03
2.448894096842231527e-01 3.271639472407886912e-03
2.471553434934177784e-01 3.025521297957045087e-03
2.494422437300061746e-01 2.798654125571862182e-03
2.517503043939524621e-01 2.590097097595241322e-03
2.540797212802803351e-01 2.399320135779797920e-03
2.564306919956825248e-01 2.225640137087198447e-03
2.588034159752838903e-01 2.067969617803045931e-03
2.611980944995599963e-01 1.924852820876104403e-03
2.636149307114114548e-01 1.794658935683864781e-03
2.660541296333971961e-01 1.675829732705725076e-03
2.685158981851264448e-01 1.567065388085704929e-03
2.710004452008120124e-01 1.467390070287606738e-03
2.735079814469859039e-01 1.376102675457046339e-03
2.760387196403787935e-01 1.292665268794081310e-03
2.785928744659650347e-01 1.216601923810234787e-03
2.811706625951746474e-01 1.147422288978308886e-03
2.837723027042736712e-01 1.084589764830414665e-03
2.863980154929147148e-01 1.027519726974547142e-03
2.890480237028591470e-01 9.756484483429196143e-04
2.917225521368724817e-01 9.285683789280040502e-04
2.944218276777946230e-01 8.858744270231394330e-04
2.971460793077864704e-01 8.470416571746583164e-04
2.998955381277548238e-01 8.115636491844348960e-04
3.026704373769569245e-01 7.790193449999549720e-04
3.054710124527861281e-01 7.490502460026959896e-04
3.082975009307412084e-01 7.213565775699224813e-04
3.111501425845799029e-01 6.956804229722373745e-04
3.140291794066590869e-01 6.718087795130710379e-04
3.169348556284636298e-01 6.495596315281212127e-04
3.198674177413242115e-01 6.287883915898048780e-04
3.228271145173279288e-01 6.093660864759778200e-04
3.258141970304215262e-01 5.911937387957313548e-04
3.288289186777104134e-01 5.741749696663855929e-04
3.318715352009545816e-01 5.582207162229034731e-04
3.349423047082633609e-01 5.432393191095708472e-04
3.380414876959910719e-01 5.291359274640864557e-04
3.411693470708350162e-01 5.158128755152242709e-04
3.443261481721382467e-01 5.031674827428569757e-04
3.475121587943982293e-01 4.911085434745616606e-04
3.507276492099854481e-01 4.795493037757613940e-04
3.539728921920687887e-01 4.684175599670676129e-04
3.572481630377565276e-01 4.576598194138063562e-04
3.605537395914496512e-01 4.472337668914351267e-04
3.638899022684118911e-01 4.371186328945123631e-04
3.672569340785573067e-01 4.273008113477817435e-04
3.706551206504586360e-01 4.177746156568882510e-04
3.740847502555770254e-01 4.085329897824484095e-04
3.775461138327168009e-01 3.995685978350272988e-04
3.810395050127058925e-01 3.908642181607722066e-04
3.845652201433046868e-01 3.824063582135995274e-04
3.881235583143457513e-01 3.741718701652743824e-04
3.917148213831057602e-01 3.661360016667366602e-04
3.953393139999124006e-01 3.582861438787619639e-04
3.989973436339881996e-01 3.506123651960402210e-04
4.026892205995331597e-01 3.430943946819309145e-04
4.064152580820494798e-01 3.357259343212183091e-04
4.101757721649089694e-01 3.285141617944339356e-04
4.139710818561669892e-01 3.214222561416157030e-04
4.178015091156238592e-01 3.144279412238345931e-04
4.216673788821375668e-01 3.075841509322217054e-04
4.255690191011881063e-01 3.009195819660910641e-04
4.295067607526977249e-01 2.943945436065342042e-04
4.334809378791081858e-01 2.879645916137187718e-04
4.374918876137179335e-01 2.816065507662550318e-04
4.415399502092812734e-01 2.753561458262827823e-04
4.456254690668726703e-01 2.692537955524998590e-04
4.497487907650175032e-01 2.632966699239570147e-04
4.539102650890927682e-01 2.574571036488786492e-04
4.581102450609997878e-01 2.517193900608458395e-04
4.623490869691112004e-01 2.460727410918179159e-04
4.666271503984954494e-01 2.405029782494357167e-04
4.709447982614206052e-01 2.350064302146085728e-04
4.753023968281406275e-01 2.296000900927743025e-04
4.797003157579664556e-01 2.243123619520139098e-04
4.841389281306244796e-01 2.191519933207802329e-04
4.886186104779052797e-01 2.141127116462134743e-04
4.931397428156051865e-01 2.091807076558303911e-04
4.977027086757634389e-01 2.043489078722898267e-04
