5.023078951391972766e-05 6.303095988306453244e-06
5.069556928683388889e-05 6.529831099995746505e-06
5.116464961403767209e-05 6.764504754602487206e-06
5.163807028806978715e-05 7.007489988900217226e-06
5.211587146966517408e-05 7.258907601942554561e-06
5.259809369116105792e-05 7.519184553637843888e-06
5.308477785993620074e-05 7.788526146922731253e-06
5.357596526188023334e-05 8.067225970019010386e-06
5.407169756489686838e-05 8.355713461464758419e-06
5.457201682243774209e-05 8.654303498711441681e-06
5.507696547707072019e-05 8.963001282067831015e-06
5.558658636407947621e-05 9.282622329087070613e-06
5.610092271509814368e-05 9.613264205713392745e-06
5.662001816177776272e-05 9.955440627093950035e-06
5.714391673948855254e-05 1.030950697620720124e-05
5.767266289105452040e-05 1.067571417804545316e-05
5.820630147052453362e-05 1.105465459145195003e-05
5.874487774697638518e-05 1.144644434384188789e-05
5.928843740835797296e-05 1.185209707770764084e-05
5.983702656536208243e-05 1.227132407229523398e-05
6.039069175533898090e-05 1.270481874084193603e-05
6.094947994624323197e-05 1.315349492299947891e-05
6.151343854061905325e-05 1.361718876253496265e-05
6.208261537962046349e-05 1.409690289745545078e-05
6.265705874707077272e-05 1.459298889035310349e-05
6.323681737355747149e-05 1.510586341814207595e-05
6.382194044056716117e-05 1.563640248224737705e-05
6.441247758465660166e-05 1.618477502648857990e-05
6.500847890166448447e-05 1.675180385151374407e-05
6.560999495096006865e-05 1.733812300981078501e-05
6.621707675973320618e-05 1.794407844205292199e-05
6.682977582732201624e-05 1.857062546227297411e-05
6.744814412958265366e-05 1.921808596370582734e-05
6.807223412329740388e-05 1.988756834184124877e-05
6.870209875062573948e-05 2.057928453659034159e-05
6.933779144359432660e-05 2.129420896221351274e-05
6.997936612863088740e-05 2.203326363044577228e-05
7.062687723113762230e-05 2.279709411947248194e-05
7.128037968010938271e-05 2.358594801919760051e-05
7.193992891279217604e-05 2.440139056291473473e-05
7.260558087938708525e-05 2.524391472244481477e-05
7.327739204779548296e-05 2.611466674047056754e-05
7.395541940841035122e-05 2.701400369869062123e-05
7.463972047894970900e-05 2.794346831824863196e-05
7.533035330933708054e-05 2.890353250677558347e-05
7.602737648662468122e-05 2.989509919728573198e-05
7.673084913996470135e-05 3.091903753122149129e-05
7.744083094562397159e-05 3.197625925164379379e-05
7.815738213204768861e-05 3.306811512639729598e-05
7.888056348496733539e-05 3.419529200927190639e-05
7.961043635255848851e-05 3.535870250334260305e-05
8.034706265064376881e-05 3.655937548973540129e-05
8.109050486794647857e-05 3.779851740038978454e-05
8.184082607139033080e-05 3.907755977107826406e-05
8.259808991145073235e-05 4.039675503165225526e-05
8.336236062755304006e-05 4.175792996463821506e-05
8.413370305352336012e-05 4.316204312739759950e-05
8.491218262308711999e-05 4.461031996255743388e-05
8.569786537542125422e-05 4.610397265336891421e-05
8.649081796075497601e-05 4.764400351430554567e-05
8.729110764602517904e-05 4.923205002172824065e-05
8.809880232058136021e-05 5.086901990797741739e-05
8.891397050194612133e-05 5.255655662166101112e-05
8.973668134162622167e-05 5.429580958465140086e-05
9.056700463098011755e-05 5.608791735016130142e-05
9.140501080713702852e-05 5.793485805689844721e-05
9.225077095897366963e-05 5.983735972732741722e-05
9.310435683314326931e-05 6.179726680317470513e-05
9.396584084016341878e-05 6.381562395837431917e-05
9.483529606055720999e-05 6.589461327291528260e-05
9.571279625105427573e-05 6.803522353909151549e-05
9.659841585084609408e-05 7.023863545883625447e-05
9.749222998790226565e-05 7.250691283582346379e-05
9.839431448534213939e-05 7.484173696670587915e-05
9.930474586786856308e-05 7.724416594343752010e-05
1.002236013682579583e-04 7.971661993347671212e-05
1.011509589339134820e-04 8.225997127575130068e-05
1.020868972334763565e-04 8.487644128012789523e-05
1.030314956634999056e-04 8.756769776360368864e-05
1.039848343551846730e-04 9.033516510923584859e-05
1.049469941811760989e-04 9.317986806625338353e-05
1.059180567624249856e-04 9.610478064623941008e-05
1.068981044751114967e-04 9.911080752166009987e-05
1.078872204576332200e-04 1.022004332961471622e-04
1.088854886176578347e-04 1.053742671633953540e-04
1.098929936392411427e-04 1.086366971243753920e-04
1.109098209900108428e-04 1.119862605803345808e-04
1.119360569284168759e-04 1.154266642108226436e-04
1.129717885110487723e-04 1.189587132083671020e-04
1.140171036000207905e-04 1.225848045361011148e-04
1.150720908704253189e-04 1.263054987779311795e-04
1.161368398178552329e-04 1.301218367022645981e-04
1.172114407659959940e-04 1.340350934054514371e-04
1.182959848742878010e-04 1.380483224941214584e-04
1.193905641456587704e-04 1.421621966213324276e-04
1.204952714343296340e-04 1.463780498666492080e-04
1.216102004536906569e-04 1.506973235906965667e-04
1.227354457842514009e-04 1.551208710846599078e-04
1.238711028816641597e-04 1.596510772928558654e-04
1.250172680848214582e-04 1.642873765152178423e-04
1.261740386240286192e-04 1.690319337960254640e-04
1.273415126292519537e-04 1.738871384082456230e-04
1.285197891384430753e-04 1.788508501789876320e-04
1.297089681059405996e-04 1.839252613876498179e-04
1.309091504109491746e-04 1.891127568786298539e-04
1.321204378660972237e-04 1.944123344904941759e-04
1.333429332260738904e-04 1.998246901205679815e-04
1.345767401963456707e-04 2.053505344196147940e-04
1.358219634419540367e-04 2.109910212952905903e-04
1.370787085963940223e-04 2.167449229552961170e-04
1.383470822705754793e-04 2.226136199711254674e-04
1.396271920618667869e-04 2.285969007958563279e-04
1.409191465632225878e-04 2.346944597454358940e-04
1.422230553723956845e-04 2.409072590709459324e-04
1.435390291012344252e-04 2.472329775503567502e-04
1.448671793850660400e-04 2.536708053081641228e-04
1.462076188921666593e-04 2.602211307664333137e-04
1.475604613333191787e-04 2.668818642042097757e-04
1.489258214714593792e-04 2.736531582179183172e-04
1.503038151314114394e-04 2.805328721280318511e-04
1.516945592097134355e-04 2.875183194794980399e-04
1.530981716845337536e-04 2.946061665066873896e-04
1.545147716256794134e-04 3.017943219224755789e-04
1.559444792046967400e-04 3.090799560900641882e-04
1.573874157050656830e-04 3.164591738249732957e-04
1.588437035324884346e-04 3.239333909103571342e-04
1.603134662252731857e-04 3.314961727097589551e-04
1.617968284648140247e-04 3.391417271944696774e-04
1.632939160861678171e-04 3.468652421918983386e-04
1.648048560887287726e-04 3.546676604183165754e-04
1.663297766470021616e-04 3.625416757706695359e-04
1.678688071214772372e-04 3.704795531671633353e-04
1.694220780696011769e-04 3.784735053735399386e-04
1.709897212568543161e-04 3.865217357695687741e-04
1.725718696679280292e-04 3.946163286293391591e-04
1.741686575180057981e-04 4.027500149867895918e-04
1.757802202641489621e-04 4.109158345226634622e-04
1.774066946167876340e-04 4.191044524165339277e-04
1.790482185513179233e-04 4.273056521672250656e-04
1.807049313198065489e-04 4.355111846799068092e-04
1.823769734628037913e-04 4.437113492973419806e-04
1.840644868212656232e-04 4.518974745693024077e-04
1.857676145485861856e-04 4.600587204816331812e-04
1.874865011227416648e-04 4.681807765020003470e-04
1.892212923585465481e-04 4.762527476196977373e-04
1.909721354200231774e-04 4.842625226763552196e-04
1.927391788328858225e-04 4.921959856374917217e-04
1.945225724971402217e-04 5.000457598856854766e-04
1.963224676997998364e-04 5.077988791889657223e-04
1.981390171277196339e-04 5.154392296459657866e-04
1.999723748805486438e-04 5.229550502492019042e-04
2.018226964838024009e-04 5.303309140731517777e-04
2.036901389020562758e-04 5.375511556864254930e-04
2.055748605522610226e-04 5.446019818092311636e-04
2.074770213171813838e-04 5.514664715977429755e-04
2.093967825589591067e-04 5.581266638882925821e-04
2.113343071328014028e-04 5.645646957889026603e-04
2.132897594007962582e-04 5.707614628931429032e-04
2.152633052458552464e-04 5.767009124110528302e-04
2.172551120857856867e-04 5.823641896837513819e-04
2.192653488874927710e-04 5.877293553344394407e-04
2.212941861813132042e-04 5.927765420034769757e-04
2.233417960754814700e-04 5.974879495719182280e-04
2.254083522707299957e-04 6.018420876859566964e-04
2.274940300750242182e-04 6.058156761743057825e-04
2.295990064184342335e-04 6.093920448795708128e-04
2.317234598681439486e-04 6.125574150870480771e-04
2.338675706435990400e-04 6.152973520862856918e-04
2.360315206317952072e-04 6.175941874330768272e-04
2.382154934027077783e-04 6.194343475233866740e-04
2.404196742248642152e-04 6.207974686993592440e-04
2.426442500810604638e-04 6.216653107577303989e-04
2.448894096842230486e-04 6.220229174337640107e-04
2.471553434934176704e-04 6.218501727109845834e-04
2.494422437300060683e-04 6.211305609548611320e-04
2.517503043939523389e-04 6.198472444040070998e-04
2.540797212802799600e-04 6.179817936771334324e-04
2.564306919956823639e-04 6.155211282268032574e-04
2.588034159752835108e-04 6.124463437658430459e-04
2.611980944995598449e-04 6.087438775217206754e-04
2.636149307114110576e-04 6.044007585685864719e-04
2.660541296333970591e-04 5.994097879092281705e-04
2.685158981851260332e-04 5.937714408452784585e-04
2.710004452008118992e-04 5.874905559797507105e-04
2.735079814469854585e-04 5.805709996336083992e-04
2.760387196403786352e-04 5.730139026800331898e-04
2.785928744659646244e-04 5.648228008521436957e-04
2.811706625951744943e-04 5.560021800776019122e-04
2.837723027042732206e-04 5.465580591789442368e-04
2.863980154929145596e-04 5.364941146032381307e-04
2.890480237028587147e-04 5.258185396690709867e-04
2.917225521368723654e-04 5.145386184055099994e-04
2.944218276777941460e-04 5.026683777362073906e-04
2.971460793077862809e-04 4.902201190724812373e-04
2.998955381277543806e-04 4.772098489763138690e-04
3.026704373769567558e-04 4.636590072433559805e-04
3.054710124527856862e-04 4.496054850356340010e-04
3.082975009307410805e-04 4.350990724648553403e-04
3.111501425845793981e-04 4.201862912800615043e-04
3.140291794066589742e-04 4.049097652279324069e-04
3.169348556284631532e-04 3.893160117876724659e-04
3.198674177413240549e-04 3.734495339426679474e-04
3.228271145173274015e-04 3.573538448364519684e-04
3.258141970304213376e-04 3.410775044348178238e-04
3.288289186777098899e-04 3.246702855475951653e-04
3.318715352009544311e-04 3.081824691449762291e-04
3.349423047082628730e-04 2.916660493541184981e-04
3.380414876959908759e-04 2.751806504888969370e-04
3.411693470708344737e-04 2.587917690106246796e-04
3.443261481721376959e-04 2.425866763769559742e-04
3.475121587943980571e-04 2.266589099009835493e-04
3.507276492099853089e-04 2.110988213855639255e-04
3.539728921920686291e-04 1.959854073877376136e-04
3.572481630377563155e-04 1.813978923472939014e-04
3.605537395914494461e-04 1.674114041517165286e-04
3.638899022684116756e-04 1.541009709098756957e-04
3.672569340785571189e-04 1.415354574258302384e-04
3.706551206504584361e-04 1.297895645103779776e-04
3.740847502555768537e-04 1.189280663294197776e-04
3.775461138327166157e-04 1.090267443756240022e-04
3.810395050127056535e-04 1.001789119360257463e-04
3.845652201433044800e-04 9.249579427452592597e-05
3.881235583143455314e-04 8.608015204553201040e-05
3.917148213831055581e-04 8.101660496441589500e-05
3.953393139999122029e-04 7.738165883677877645e-05
3.989973436339879658e-04 7.523666792416729165e-05
4.026892205995329641e-04 7.463691627783523028e-05
4.064152580820493067e-04 7.562627544487850520e-05
4.101757721649087638e-04 7.824733763432178480e-05
4.139710818561667671e-04 8.253190089014805764e-05
4.178015091156236623e-04 8.853356388880663454e-05
4.216673788821373339e-04 9.633777226301125298e-05
4.255690191011879072e-04 1.060221221101531342e-04
4.295067607526975085e-04 1.176393307373430606e-04
4.334809378791080114e-04 1.312143070236559505e-04
4.374918876137176907e-04 1.467560056379510459e-04
4.415399502092810661e-04 1.642522604668820161e-04
4.456254690668724240e-04 1.836804757582211523e-04
4.497487907650172460e-04 2.050058571144186580e-04
4.539102650890925188e-04 2.282078941354357142e-04
4.581102450609995588e-04 2.533182318559945166e-04
4.623490869691109775e-04 2.803920019021530446e-04
4.666271503984952018e-04 3.094513569830907411e-04
4.709447982614203398e-04 3.404686470889685293e-04
4.753023968281404267e-04 3.733983600794882449e-04
4.797003157579662197e-04 4.081618246948831683e-04
4.841389281306242276e-04 4.446661224940907996e-04
4.886186104779050065e-04 4.828151367465085306e-04
4.931397428156048934e-04 5.225710719254208006e-04
4.977027086757631865e-04 5.639743925106660777e-04
5.023078951391972630e-04 6.070739987018431956e-04
5.069556928683394310e-04 6.518608225695331953e-04
5.116464961403767615e-04 6.982732072057270915e-04
5.163807028806984001e-04 7.462262140633511452e-04
5.211587146966517679e-04 7.956030413004020960e-04
5.259809369116111213e-04 8.462972617876614052e-04
5.308477785993620480e-04 8.982817809864328739e-04
5.357596526188028755e-04 9.516416434480092076e-04
5.407169756489687380e-04 1.006472288446705766e-03
5.457201682243779765e-04 1.062794774860749717e-03
5.507696547707071613e-04 1.120566810529959696e-03
5.558658636407953855e-04 1.179710789089129588e-03
5.610092271509814097e-04 1.240123366380151138e-03
5.662001816177782100e-04 1.301758428116384873e-03
5.714391673948855796e-04 1.364715534841677309e-03
5.767266289105457732e-04 1.429173180069432400e-03
5.820630147052453362e-04 1.495247140910920414e-03
5.874487774697645295e-04 1.562944866776417923e-03
5.928843740835797703e-04 1.632206194546904823e-03
5.983702656536214748e-04 1.702937903664132526e-03
6.039069175533897955e-04 1.775097580329267066e-03
6.094947994624330245e-04 1.848810161704776299e-03
6.151343854061905054e-04 1.924293672230633018e-03
6.208261537962052583e-04 2.001669910056008174e-03
6.265705874707077272e-04 2.080918826322782945e-03
6.323681737355754196e-04 2.161933860141387800e-03
6.382194044056716930e-04 2.244588636612989373e-03
6.441247758465667213e-04 2.328869416444008956e-03
6.500847890166448718e-04 2.414936862779853543e-03
6.560999495096013099e-04 2.502948616071676811e-03
6.621707675973320618e-04 2.592894762544767882e-03
6.682977582732208943e-04 2.684614394903819378e-03
6.744814412958265908e-04 2.777888014397456810e-03
6.807223412329747435e-04 2.872592417073003505e-03
6.870209875062573135e-04 2.968809413551231225e-03
6.933779144359439707e-04 3.066664832263700860e-03
6.997936612863087926e-04 3.166103319996076918e-03
7.062687723113768735e-04 3.266888835310790499e-03
7.128037968010938813e-04 3.368728780849856216e-03
7.193992891279217062e-04 3.471444618413644257e-03
7.260558087938709338e-04 3.575105684959022957e-03
7.327739204779548567e-04 3.679794816011817266e-03
7.395541940841035122e-04 3.785365634972566451e-03
7.463972047894970900e-04 3.891501655981912788e-03
7.533035330933707512e-04 3.997893938579387581e-03
7.602737648662468394e-04 4.104459757615645972e-03
7.673084913996469593e-04 4.211314603923524760e-03
7.744083094562396888e-04 4.318434605171305764e-03
7.815738213204768319e-04 4.425533056479032112e-03
7.888056348496733268e-04 4.532227059710463787e-03
7.961043635255849122e-04 4.638328858011626747e-03
8.034706265064376881e-04 4.743924044399940379e-03
8.109050486794647586e-04 4.849043002446924537e-03
8.184082607139033351e-04 4.953393750239852393e-03
8.259808991145073777e-04 5.056522907301102231e-03
8.336236062755303464e-04 5.158151650996247069e-03
8.413370305352335741e-04 5.258330121113607286e-03
8.491218262308711457e-04 5.357046116014057592e-03
8.569786537542125422e-04 5.453913473026357137e-03
8.649081796075497059e-04 5.548390709935999143e-03
8.729110764602518446e-04 5.640204268201830760e-03
8.809880232058135479e-04 5.729419492432363467e-03
8.891397050194612675e-04 5.815950056704822548e-03
8.973668134162622167e-04 5.899305971275051359e-03
9.056700463098011755e-04 5.978990398410854654e-03
9.140501080713703394e-04 6.054983247311283324e-03
9.225077095897367234e-04 6.127548363837338752e-03
9.310435683314326931e-04 6.196586432914210144e-03
9.396584084016341336e-04 6.261704880269895052e-03
9.483529606055720457e-04 6.322919995461422256e-03
9.571279625105428386e-04 6.380885638545860487e-03
9.659841585084609408e-04 6.436134312332192700e-03
9.749222998790225752e-04 6.488741938652571595e-03
9.839431448534212855e-04 6.539024312052808992e-03
9.930474586786856850e-04 6.588117084723603238e-03
1.002236013682579474e-03 6.637308650192312066e-03
1.011509589339135715e-03 6.687277567821489632e-03
1.020868972334763565e-03 6.738825704514027348e-03
1.030314956635000221e-03 6.793625873528322777e-03
1.039848343551846811e-03 6.853541684457384320e-03
1.049469941811762182e-03 6.919694724477301606e-03
1.059180567624249964e-03 6.993306154874542359e-03
1.068981044751116105e-03 7.076425771579887558e-03
1.078872204576332037e-03 7.171024507629790434e-03
1.088854886176579377e-03 7.278287953173084336e-03
1.098929936392411318e-03 7.399481739320970183e-03
1.109098209900109648e-03 7.536436215214363347e-03
1.119360569284168650e-03 7.690642010819295250e-03
1.129717885110488942e-03 7.862635688131093537e-03
1.140171036000207959e-03 8.053209000487284233e-03
1.150720908704254246e-03 8.263505618263954772e-03
1.161368398178552275e-03 8.493584256011078859e-03
1.172114407659961268e-03 8.742833219790644220e-03
1.182959848742877983e-03 9.011167613030472354e-03
1.193905641456588897e-03 9.298079720614988580e-03
1.204952714343296340e-03 9.601773592427002499e-03
1.216102004536907897e-03 9.920433322491666386e-03
1.227354457842514063e-03 1.025247150750662264e-02
1.238711028816642844e-03 1.059516916765360257e-02
1.250172680848214528e-03 1.094514277766233876e-02
1.261740386240287493e-03 1.129961868134161419e-02
1.273415126292519375e-03 1.165512862631266737e-02
1.285197891384430753e-03 1.200719269695023177e-02
1.297089681059406105e-03 1.235230719679954875e-02
1.309091504109491638e-03 1.268694857695695961e-02
1.321204378660972237e-03 1.300669328940634237e-02
1.333429332260738795e-03 1.330822149799544725e-02
1.345767401963456761e-03 1.358905891694075010e-02
1.358219634419540259e-03 1.384626090731996134e-02
1.370787085963940223e-03 1.407841810907293351e-02
1.383470822705754793e-03 1.428549935180528641e-02
1.396271920618668031e-03 1.446740072180790343e-02
1.409191465632225878e-03 1.462595015562521625e-02
1.422230553723956683e-03 1.476456116577832579e-02
1.435390291012344360e-03 1.488653226450692944e-02
1.448671793850660455e-03 1.499702106042043875e-02
1.462076188921666809e-03 1.510221050480554592e-02
1.475604613333191895e-03 1.520757594462163707e-02
1.489258214714593792e-03 1.531995161246560259e-02
1.503038151314114394e-03 1.544540565323663898e-02
1.516945592097134138e-03 1.558850017388256105e-02
1.530981716845337699e-03 1.575391381719282863e-02
1.545147716256794297e-03 1.594371688793771308e-02
1.559444792046967400e-03 1.615816421739577069e-02
1.573874157050656830e-03 1.639625292907618062e-02
1.588437035324884346e-03 1.665395297320766688e-02
1.603134662252731803e-03 1.692604461957052803e-02
1.617968284648140355e-03 1.720553122359436832e-02
1.632939160861678063e-03 1.748424924525479943e-02
1.648048560887287834e-03 1.775489745764010155e-02
1.663297766470021562e-03 1.800960396707865230e-02
1.678688071214772372e-03 1.824250070010633579e-02
1.694220780696011714e-03 1.844998818093314744e-02
1.709897212568543216e-03 1.863094415738050791e-02
1.725718696679280238e-03 1.878807226533627320e-02
1.741686575180057981e-03 1.892623235070420296e-02
1.757802202641489675e-03 1.905387389119191088e-02
1.774066946167876394e-03 1.918079300445504204e-02
1.790482185513179178e-03 1.931774687798262086e-02
1.807049313198065598e-03 1.947534160080378537e-02
1.823769734628038130e-03 1.966171795152306737e-02
1.840644868212656287e-03 1.988256321329228901e-02
1.857676145485861801e-03 2.013854489229062461e-02
1.874865011227416648e-03 2.042616155250918594e-02
1.892212923585465589e-03 2.073686031405690133e-02
1.909721354200231936e-03 2.105855200008800721e-02
1.927391788328858225e-03 2.137635656973376971e-02
1.945225724971402000e-03 2.167513072645623276e-02
1.963224676997998418e-03 2.194121428090349546e-02
1.981390171277196393e-03 2.216453199170892452e-02
1.999723748805486492e-03 2.234059529155408078e-02
2.018226964838023847e-03 2.247085144142552462e-02
2.036901389020562975e-03 2.256296865913788585e-02
2.055748605522610389e-03 2.262925580662080230e-02
2.074770213171814055e-03 2.268477258966233520e-02
2.093967825589591013e-03 2.274415458506684473e-02
2.113343071328013974e-03 2.281915506055531839e-02
2.132897594007962527e-03 2.291590234320220812e-02
2.152633052458552410e-03 2.303402844395186291e-02
2.172551120857856705e-03 2.316640202056545125e-02
2.192653488874927656e-03 2.330105014594086726e-02
2.212941861813132096e-03 2.342440455313186259e-02
2.233417960754814809e-03 2.352510779948759762e-02
2.254083522707299794e-03 2.359758299347552990e-02
2.274940300750242020e-03 2.364445636911088541e-02
2.295990064184342226e-03 2.367767551288339073e-02
2.317234598681439540e-03 2.371651697158738692e-02
2.338675706435990129e-03 2.378394867676471638e-02
2.360315206317949686e-03 2.390147431220820615e-02
2.382154934027077946e-03 2.408393659361198966e-02
2.404196742248639659e-03 2.433532949605461335e-02
2.426442500810604367e-03 2.464745873759885755e-02
2.448894096842227884e-03 2.500148399926183790e-02
2.471553434934176379e-03 2.537227598364817649e-02
2.494422437300057756e-03 2.573457118670039248e-02
2.517503043939523389e-03 2.606890875803490049e-02
2.540797212802799708e-03 2.636598981515501927e-02
2.564306919956823531e-03 2.662746175458050035e-02
2.588034159752835000e-03 2.686336564997789111e-02
2.611980944995598557e-03 2.708743528811466059e-02
2.636149307114110576e-03 2.731151656107215844e-02
2.660541296333970591e-03 2.754176131972222233e-02
2.685158981851260441e-03 2.777825496082697229e-02
2.710004452008118667e-03 2.801817781789227649e-02
2.735079814469854910e-03 2.826108809498907928e-02
2.760387196403786460e-03 2.851353177598195052e-02
2.785928744659646027e-03 2.879034902534672452e-02
2.811706625951745052e-03 2.911062101752940126e-02
2.837723027042732531e-03 2.948927960952408764e-02
2.863980154929145813e-03 2.992733619152247379e-02
2.890480237028587255e-03 3.040582444411229004e-02
2.917225521368723654e-03 3.088772979678107433e-02
2.944218276777941460e-03 3.132900457779838610e-02
2.971460793077862917e-03 3.169572527355397906e-02
2.998955381277543589e-03 3.198134492928448452e-02
3.026704373769567667e-03 3.221536699471223147e-02
3.054710124527856754e-03 3.245758898584982094e-02
3.082975009307410696e-03 3.277743215031370116e-02
3.111501425845793981e-03 3.322558128459563581e-02
3.140291794066589742e-03 3.380976334792465399e-02
3.169348556284631423e-03 3.448667907668286764e-02
3.198674177413240657e-03 3.517576033160259991e-02
3.228271145173274449e-03 3.579132951194789053e-02
3.258141970304213268e-03 3.627987616390650899e-02
3.288289186777099225e-03 3.664465458408885240e-02
3.318715352009544203e-03 3.694540003609918244e-02
3.349423047082628838e-03 3.727214096084217193e-02
3.380414876959908759e-03 3.770403675380327307e-02
3.411693470708344628e-03 3.827378213805084778e-02
3.443261481721380645e-03 3.895513774529904549e-02
3.475121587943980680e-03 3.968000557461393712e-02
3.507276492099856667e-03 4.037494527730591670e-02
3.539728921920686291e-03 4.099834336375596244e-02
3.572481630377566733e-03 4.155957608921526797e-02
3.605537395914494569e-03 4.211049048361837494e-02
3.638899022684120767e-03 4.271631558295644476e-02
3.672569340785571297e-03 4.342282744286345836e-02
3.706551206504587938e-03 4.423586509857378724e-02
3.740847502555768103e-03 4.512157387112653711e-02
3.775461138327169952e-03 4.602517673712056001e-02
3.810395050127056860e-03 4.689764574427228438e-02
3.845652201433048811e-03 4.771891013269946580e-02
3.881235583143455205e-03 4.850944161627910450e-02
3.917148213831059267e-03 4.932494847281797268e-02
3.953393139999122029e-03 5.023301240531100054e-02
3.989973436339883453e-03 5.127914116191592542e-02
4.026892205995329967e-03 5.245831651189150624e-02
4.064152580820497296e-03 5.371227773264618949e-02
4.101757721649087855e-03 5.496227541429381941e-02
4.139710818561672008e-03 5.616151407289741299e-02
4.178015091156236406e-03 5.732966080024285566e-02
4.216673788821373448e-03 5.853573088711869210e-02
4.255690191011879397e-03 5.983246507599837560e-02
4.295067607526975410e-03 6.119365327785240838e-02
4.334809378791079464e-03 6.251600295621140280e-02
4.374918876137176907e-03 6.369956258115022640e-02
4.415399502092810444e-03 6.474696575518514019e-02
4.456254690668724240e-03 6.578681852299468613e-02
4.497487907650172569e-03 6.698320761951571944e-02
4.539102650890925079e-03 6.840110596030957169e-02
4.581102450609995588e-03 6.995407685254668995e-02
4.623490869691109124e-03 7.149458794596043332e-02
4.666271503984952343e-03 7.296497514202744672e-02
4.709447982614203831e-03 7.445392494380416448e-02
4.753023968281404159e-03 7.609364967661202961e-02
4.797003157579662197e-03 7.790648672757606585e-02
4.841389281306242819e-03 7.977767150578468636e-02
4.886186104779049848e-03 8.159696944939781593e-02
4.931397428156049367e-03 8.340952740046540803e-02
4.977027086757631648e-03 8.538710265005347577e-02
5.023078951391972413e-03 8.763316120849827529e-02
5.069556928683393443e-03 9.004576102834756235e-02
5.116464961403767615e-03 9.241035243841885793e-02
5.163807028806984001e-03 9.461969812615796116e-02
5.211587146966517245e-03 9.675703391575810053e-02
5.259809369116111646e-03 9.895330018499563784e-02
5.308477785993619830e-03 1.012227000799637983e-01
5.357596526188028972e-03 1.034999084871637276e-01
5.407169756489686729e-03 1.058063513696806401e-01
5.457201682243779765e-03 1.082735741934694462e-01
5.507696547707071830e-03 1.109571165334754944e-01
5.558658636407953421e-03 1.137068591913904109e-01
5.610092271509814314e-03 1.163169305444967105e-01
5.662001816177782317e-03 1.187799108551723382e-01
5.714391673948855145e-03 1.212951999590448221e-01
5.767266289105458382e-03 1.240163466992919988e-01
5.820630147052453796e-03 1.268878924557186316e-01
5.874487774697644861e-03 1.297724066002477195e-01
5.928843740835797703e-03 1.326451827520024329e-01
5.983702656536214748e-03 1.355816467782785528e-01
6.039069175533898388e-03 1.386248418994217579e-01
6.094947994624329811e-03 1.417700349076783661e-01
6.151343854061904620e-03 1.450356749913859766e-01
6.208261537962052150e-03 1.484345476582403789e-01
6.265705874707076621e-03 1.518886184152010710e-01
6.323681737355753979e-03 1.552816720947025886e-01
6.382194044056716496e-03 1.585972941108698686e-01
6.441247758465666780e-03 1.619178614082312229e-01
6.500847890166448935e-03 1.653043881695547834e-01
6.560999495096013316e-03 1.687716082971490172e-01
6.621707675973320835e-03 1.723475855123009215e-01
6.682977582732208509e-03 1.760414668637063085e-01
6.744814412958265691e-03 1.797884411952739014e-01
6.807223412329747002e-03 1.835454357175134721e-01
6.870209875062573135e-03 1.873908340787902860e-01
6.933779144359439491e-03 1.913998172784946161e-01
6.997936612863088143e-03 1.954862264191321586e-01
7.062687723113769168e-03 1.995184284816492182e-01
7.128037968010938162e-03 2.035387805647324022e-01
7.193992891279224651e-03 2.077315912668977471e-01
7.260558087938708688e-03 2.122111224833586884e-01
7.327739204779555940e-03 2.169143869493875831e-01
7.395541940841034688e-03 2.216300623887684507e-01
7.463972047894978923e-03 2.261188869227087894e-01
7.533035330933707946e-03 2.303399891028786173e-01
7.602737648662476200e-03 2.345616457613130534e-01
7.673084913996469809e-03 2.390959216605085258e-01
7.744083094562404478e-03 2.439530350467213615e-01
7.815738213204768969e-03 2.489035260553528750e-01
7.888056348496741074e-03 2.537963495136759673e-01
7.961043635255848905e-03 2.586703875033344313e-01
8.034706265064384470e-03 2.636294002539807391e-01
8.109050486794647586e-03 2.686787405764694547e-01
8.184082607139040941e-03 2.736632829203505257e-01
8.259808991145072693e-03 2.784361391460234980e-01
8.336236062755311704e-03 2.830724579893644788e-01
8.413370305352335307e-03 2.877949943557471801e-01
8.491218262308719913e-03 2.927664447407840598e-01
8.569786537542124771e-03 2.979807097088493228e-01
8.649081796075507034e-03 3.032317393739255573e-01
8.729110764602518446e-03 3.083255440016896554e-01
8.809880232058144370e-03 3.133298222776353947e-01
8.891397050194612892e-03 3.183767931001348916e-01
8.973668134162631274e-03 3.234605582920174194e-01
9.056700463098012188e-03 3.286110273330014042e-01
9.140501080713712284e-03 3.339663560690023791e-01
9.225077095897368101e-03 3.396315471761648941e-01
9.310435683314336255e-03 3.454906975672396574e-01
9.396584084016341987e-03 3.512801793844704257e-01
9.483529606055730865e-03 3.570445112556803191e-01
9.571279625105427735e-03 3.629913955784240254e-01
9.659841585084620250e-03 3.689289330949755419e-01
9.749222998790225969e-03 3.745827221894885151e-01
9.839431448534224564e-03 3.800873170932401734e-01
9.930474586786856850e-03 3.856897333106860115e-01
1.002236013682581035e-02 3.912501838903275631e-01
1.011509589339136365e-02 3.965244020721506724e-01
1.020868972334764216e-02 4.018104848443476151e-01
1.030314956634999571e-02 4.074491834082569763e-01
1.039848343551847375e-02 4.132679796700090558e-01
1.049469941811761488e-02 4.191147667941485522e-01
1.059180567624250398e-02 4.251494873111542061e-01
1.068981044751115585e-02 4.313876941382331909e-01
1.078872204576332774e-02 4.374781759595380848e-01
1.088854886176578857e-02 4.433457438418518248e-01
1.098929936392411925e-02 4.492051929608977812e-01
1.109098209900108954e-02 4.549167479760261590e-01
1.119360569284169257e-02 4.603667872973328246e-01
1.129717885110488422e-02 4.658267341559119701e-01
1.140171036000208610e-02 4.714713791648242336e-01
1.150720908704253725e-02 4.770951945915543613e-01
1.161368398178552926e-02 4.826558608526662075e-01
1.172114407659960618e-02 4.883334839952752082e-01
1.182959848742878677e-02 4.940491309186583191e-01
1.193905641456588333e-02 4.997263721750020427e-01
1.204952714343296948e-02 5.054620407645421531e-01
1.216102004536907116e-02 5.111454089549027913e-01
1.227354457842514714e-02 5.167245413443144475e-01
1.238711028816642280e-02 5.222585591938814220e-01
1.250172680848215222e-02 5.276015795371744588e-01
1.261740386240286886e-02 5.328769818901514244e-01
1.273415126292520155e-02 5.385157872687802438e-01
1.285197891384431447e-02 5.445003519587344742e-01
1.297089681059406668e-02 5.504080517327187838e-01
1.309091504109492245e-02 5.561392089014016715e-01
1.321204378660972845e-02 5.618143867423105453e-01
1.333429332260739446e-02 5.677100236029151148e-01
1.345767401963457455e-02 5.740831658016786188e-01
1.358219634419540953e-02 5.804154490371463693e-01
1.370787085963940874e-02 5.857866083992994133e-01
1.383470822705755443e-02 5.899490084677848634e-01
1.396271920618668769e-02 5.935154018396778808e-01
1.409191465632226616e-02 5.973862211918957721e-01
1.422230553723957507e-02 6.016301619284910585e-01
1.435390291012345054e-02 6.054884894199138445e-01
1.448671793850661235e-02 6.088549203625206463e-01
1.462076188921667373e-02 6.123572161821050353e-01
1.475604613333192545e-02 6.163688669857911862e-01
1.489258214714594616e-02 6.204000653303248791e-01
1.503038151314115174e-02 6.235572413933462288e-01
1.516945592097134962e-02 6.256601139304939219e-01
1.530981716845338306e-02 6.275308420308658430e-01
1.545147716256795034e-02 6.299426443610008919e-01
1.559444792046968224e-02 6.326752926044015846e-01
1.573874157050657654e-02 6.349298972034351785e-01
1.588437035324885213e-02 6.369529258152881734e-01
1.603134662252732670e-02 6.398784786336916275e-01
1.617968284648141006e-02 6.434922165144669748e-01
1.632939160861678757e-02 6.463299943131018965e-01
1.648048560887288572e-02 6.479792745752407379e-01
1.663297766470022560e-02 6.496344178651988210e-01
1.678688071214773370e-02 6.520119159982618040e-01
1.694220780696012452e-02 6.537800260430265409e-01
1.709897212568544170e-02 6.536289052641386377e-01
1.725718696679280975e-02 6.526753933944265951e-01
1.741686575180058719e-02 6.528785918698822854e-01
1.757802202641490716e-02 6.540034238658292143e-01
1.774066946167877218e-02 6.551370657498706285e-01
1.790482185513180002e-02 6.570488133623395566e-01
1.807049313198066595e-02 6.601030102006798517e-01
1.823769734628039041e-02 6.623339994209739290e-01
1.840644868212657284e-02 6.620100461256940294e-01
1.857676145485862712e-02 6.605658123150659478e-01
1.874865011227417472e-02 6.603979175678037494e-01
1.892212923585466500e-02 6.615538369794770057e-01
1.909721354200233021e-02 6.632155994361058626e-01
1.927391788328858963e-02 6.660691178483548747e-01
1.945225724971403128e-02 6.695345126856898643e-01
1.963224676997999199e-02 6.708614847563485473e-01
1.981390171277197521e-02 6.698375918290230269e-01
1.999723748805487533e-02 6.692246090160035576e-01
2.018226964838025148e-02 6.697001243975346796e-01
2.036901389020563669e-02 6.701288810839420851e-01
2.055748605522611516e-02 6.710157883384131328e-01
2.074770213171815009e-02 6.733988659124012788e-01
2.093967825589591880e-02 6.760110352154916624e-01
2.113343071328015188e-02 6.783214217546622571e-01
2.132897594007963568e-02 6.813903392992665120e-01
2.152633052458553450e-02 6.839459021597060762e-01
2.172551120857858092e-02 6.847036851287126025e-01
2.192653488874928697e-02 6.855841387724013192e-01
2.212941861813133224e-02 6.883093238599958807e-01
2.233417960754816023e-02 6.917891808622971261e-01
2.254083522707301182e-02 6.958407558334431808e-01
2.274940300750243408e-02 7.008731905923152317e-01
2.295990064184343440e-02 7.056557915190119212e-01
2.317234598681440494e-02 7.101868245176727878e-01
2.338675706435991430e-02 7.150477460717235001e-01
2.360315206317952982e-02 7.193039374697093313e-01
2.382154934027079160e-02 7.230889951006613803e-01
2.404196742248643215e-02 7.274113687302347087e-01
2.426442500810605668e-02 7.315170182580514879e-01
2.448894096842231527e-02 7.355513417765617845e-01
2.471553434934177854e-02 7.407860772218362033e-01
2.494422437300061746e-02 7.468655504492879293e-01
2.517503043939524690e-02 7.531695178878001773e-01
2.540797212802803351e-02 7.588640809090367867e-01
2.564306919956825179e-02 7.632832009161742981e-01
2.588034159752838903e-02 7.674936090854487247e-01
2.611980944995599685e-02 7.718834797880255172e-01
2.636149307114114479e-02 7.763499230364221404e-01
2.660541296333971892e-02 7.819634845716672000e-01
2.685158981851264517e-02 7.882898146129854178e-01
2.710004452008120401e-02 7.939773220819883459e-01
2.735079814469858900e-02 7.979623656614119875e-01
2.760387196403787588e-02 7.995023997292185491e-01
2.785928744659650277e-02 7.995391510819794822e-01
2.811706625951746613e-02 7.989492431265002859e-01
2.837723027042736781e-02 7.979893447413530794e-01
2.863980154929147287e-02 7.975064681628111218e-01
2.890480237028591678e-02 7.973758762541270917e-01
2.917225521368724955e-02 7.968129062214320824e-01
2.944218276777946230e-02 7.954794713945054774e-01
2.971460793077864565e-02 7.939911089176540093e-01
2.998955381277548446e-02 7.915211351183693012e-01
3.026704373769569315e-02 7.859305097966011733e-01
3.054710124527861351e-02 7.777527809043431883e-01
3.082975009307412084e-02 7.685883955620059771e-01
3.111501425845798752e-02 7.593688079936854463e-01
3.140291794066590869e-02 7.499881188307027102e-01
3.169348556284636020e-02 7.393504158872045151e-01
3.198674177413242392e-02 7.258569144669031470e-01
3.228271145173278872e-02 7.091538875330544167e-01
3.258141970304215262e-02 6.920212091140200972e-01
3.288289186777100526e-02 6.771165516550829988e-01
3.318715352009542208e-02 6.642421083404391746e-01
3.349423047082630139e-02 6.521861178113207425e-01
3.380414876959907111e-02 6.410003960870103157e-01
3.411693470708346276e-02 6.308549332252860742e-01
3.443261481721378997e-02 6.216325664281913133e-01
3.475121587943982154e-02 6.130187943395832839e-01
3.507276492099854759e-02 6.055872747173156601e-01
3.539728921920688026e-02 6.004702796903483852e-01
3.572481630377564998e-02 5.977679373688129516e-01
3.605537395914496651e-02 5.965707933897054227e-01
3.638899022684118773e-02 5.962113306135169433e-01
3.672569340785573205e-02 5.958958966340316410e-01
3.706551206504585944e-02 5.944648525653964954e-01
3.740847502555770532e-02 5.913470517621742806e-01
3.775461138327167870e-02 5.875924572070068130e-01
3.810395050127058508e-02 5.845659286623038353e-01
3.845652201433046730e-02 5.818153156956167305e-01
3.881235583143457374e-02 5.784412494311506059e-01
3.917148213831057185e-02 5.739876314261080914e-01
3.953393139999124284e-02 5.668397198157379968e-01
3.989973436339881718e-02 5.558575374482698228e-01
4.026892205995331875e-02 5.420614962626025823e-01
4.064152580820495214e-02 5.274142944224922136e-01
4.101757721649090110e-02 5.118489828892651694e-01
4.139710818561669753e-02 4.939812182590977430e-01
4.178015091156239008e-02 4.736208046634345359e-01
4.216673788821375529e-02 4.532468990090567362e-01
4.255690191011881479e-02 4.358092681333630702e-01
4.295067607526977665e-02 4.215626903430627070e-01
4.334809378791082413e-02 4.097332638941359462e-01
4.374918876137179335e-02 4.006738110825544541e-01
4.415399502092812872e-02 3.958287564907614353e-01
4.456254690668726842e-02 3.962475781461017310e-01
4.497487907650175171e-02 4.014762448512616544e-01
4.539102650890927682e-02 4.112476701737776130e-01
4.581102450609998017e-02 4.266489078567688997e-01
4.623490869691111727e-02 4.506582111300503346e-01
4.666271503984954078e-02 4.860214840960264127e-01
4.709447982614205913e-02 5.301235107533910362e-01
4.753023968281406414e-02 5.807693958744210017e-01
4.797003157579664973e-02 6.418251740656274462e-01
4.841389281306245074e-02 7.149399868594842333e-01
4.886186104779052797e-02 7.971883463305690087e-01
4.931397428156051449e-02 8.870340509027115905e-01
4.977027086757634250e-02 9.830916398408545698e-01
5.023078951391975189e-02 1.081743801492434986e+00
5.069556928683396219e-02 1.182183511893152073e+00
5.116464961403770217e-02 1.284706353541061885e+00
5.163807028806986776e-02 1.386344079908688354e+00
5.211587146966519674e-02 1.487880845209124780e+00
5.259809369116114075e-02 1.589415826035204038e+00
5.308477785993622605e-02 1.686227493948428746e+00
5.357596526188031921e-02 1.775275115345664290e+00
5.407169756489689505e-02 1.854805227054102446e+00
5.457201682243782020e-02 1.923078844126936193e+00
5.507696547707074258e-02 1.976466129232170355e+00
5.558658636407956544e-02 2.011811245496441192e+00
5.610092271509817263e-02 2.027433346973468442e+00
5.662001816177784919e-02 2.023024762068186266e+00
5.714391673948858441e-02 1.999331521643277210e+00
5.767266289105461158e-02 1.955114503234099077e+00
5.820630147052456571e-02 1.888316820076579416e+00
5.874487774697647463e-02 1.801829483929115794e+00
5.928843740835800652e-02 1.698690870647799667e+00
5.983702656536217523e-02 1.576864902483452013e+00
6.039069175533900991e-02 1.436377177875175715e+00
6.094947994624332760e-02 1.283541253012118855e+00
6.151343854061908090e-02 1.121890382451414592e+00
6.208261537962055793e-02 9.532310671973850402e-01
6.265705874707079570e-02 7.844509779326594989e-01
6.323681737355757448e-02 6.211404550695037718e-01
6.382194044056720139e-02 4.656649467869962145e-01
6.441247758465670770e-02 3.212671212598423032e-01
6.500847890166451537e-02 1.915335296017144640e-01
6.560999495096016265e-02 8.088922876320110700e-02
6.621707675973323437e-02 -9.892657383832973231e-03
6.682977582732212152e-02 -8.493316722899796334e-02
6.744814412958269334e-02 -1.406537931214904835e-01
6.807223412329750645e-02 -1.711958175786973679e-01
6.870209875062577298e-02 -1.757677868061797710e-01
6.933779144359443480e-02 -1.526974724097449332e-01
6.997936612863091266e-02 -1.047411231665739823e-01
7.062687723113772464e-02 -4.352259548575863196e-02
7.128037968010941805e-02 1.747164218362838584e-02
7.193992891279228641e-02 7.224598586937934497e-02
7.260558087938712157e-02 1.232051806429909635e-01
7.327739204779559756e-02 1.626983349406841695e-01
7.395541940841038331e-02 1.759028513335969268e-01
7.463972047894983086e-02 1.559713110287365978e-01
7.533035330933711415e-02 9.883572190123636469e-02
7.602737648662480363e-02 3.103809847406656473e-03
7.673084913996473799e-02 -1.321653102297551674e-01
7.744083094562408121e-02 -3.112019061349662330e-01
7.815738213204771745e-02 -5.350919915970988594e-01
7.888056348496745585e-02 -7.999625481476464461e-01
7.961043635255853068e-02 -1.100797551959832310e+00
8.034706265064388286e-02 -1.430613782180911508e+00
8.109050486794652790e-02 -1.776616201527586814e+00
8.184082607139045451e-02 -2.125854453239460984e+00
8.259808991145077550e-02 -2.466008599836398307e+00
8.336236062755317255e-02 -2.778721057510141090e+00
8.413370305352339817e-02 -3.045027490376884138e+00
8.491218262308725118e-02 -3.253747700891831407e+00
8.569786537542128935e-02 -3.398441181901888708e+00
8.649081796075511197e-02 -3.467484886757862039e+00
8.729110764602522610e-02 -3.456403520692131526e+00
8.809880232058149574e-02 -3.376467639577532598e+00
8.891397050194617402e-02 -3.237988460244867195e+00
8.973668134162636478e-02 -3.054117542241431948e+00
9.056700463098016352e-02 -2.844255146275592505e+00
9.140501080713717141e-02 -2.624115141487522340e+00
9.225077095897371571e-02 -2.410148061987908541e+00
9.310435683314341460e-02 -2.220434577307063950e+00
9.396584084016346150e-02 -2.068786800046224617e+00
9.483529606055735028e-02 -1.963323846131217465e+00
9.571279625105433286e-02 -1.909527740037830323e+00
9.659841585084624760e-02 -1.915504935327335678e+00
9.749222998790231520e-02 -1.992494048415010210e+00
9.839431448534229074e-02 -2.151092135446998288e+00
9.930474586786862401e-02 -2.397861866809625209e+00
1.002236013682581001e-01 -2.732353210951155464e+00
1.011509589339136261e-01 -3.142278978237258880e+00
1.020868972334765118e-01 -3.601236524015965390e+00
1.030314956635000612e-01 -4.074860854720372849e+00
1.039848343551848381e-01 -4.526733428803908943e+00
1.049469941811762563e-01 -4.913943291914229405e+00
1.059180567624251473e-01 -5.189165639708239297e+00
1.068981044751116660e-01 -5.319129291288692052e+00
1.078872204576332705e-01 -5.286540372326833825e+00
1.088854886176578857e-01 -5.090757921700864053e+00
1.098929936392411960e-01 -4.755051215151141264e+00
1.109098209900108989e-01 -4.320018625788926592e+00
1.119360569284169327e-01 -3.838411954467165099e+00
1.129717885110488318e-01 -3.364941146373760628e+00
1.140171036000208610e-01 -2.943609318099352112e+00
1.150720908704253725e-01 -2.599662151797522025e+00
1.161368398178553030e-01 -2.335952111123587027e+00
1.172114407659960583e-01 -2.139080675917768737e+00
1.182959848742878711e-01 -1.991233464325696367e+00
1.193905641456588368e-01 -1.881213572325167283e+00
1.204952714343296982e-01 -1.810404145539598053e+00
1.216102004536907116e-01 -1.788846100913240589e+00
1.227354457842514679e-01 -1.825031806591570049e+00
1.238711028816642246e-01 -1.915888476870724055e+00
1.250172680848215256e-01 -2.041329555765152293e+00
1.261740386240287060e-01 -2.167933823436024809e+00
1.273415126292520017e-01 -2.259391945140818425e+00
1.285197891384431412e-01 -2.288624413792526013e+00
1.297089681059406807e-01 -2.244705192126197790e+00
1.309091504109492210e-01 -2.132496633459104007e+00
1.321204378660972845e-01 -1.971573161238829863e+00
1.333429332260739619e-01 -1.790070066797440518e+00
1.345767401963457455e-01 -1.613988093227454623e+00
1.358219634419541022e-01 -1.457968461381139669e+00
1.370787085963940943e-01 -1.322695549989088892e+00
1.383470822705755443e-01 -1.198726331140037793e+00
1.396271920618668561e-01 -1.073703722454724119e+00
1.409191465632226581e-01 -9.400053679706308341e-01
1.422230553723957402e-01 -7.986768864846920390e-01
1.435390291012345054e-01 -6.588452980850083573e-01
1.448671793850661305e-01 -5.325865885708015446e-01
1.462076188921667408e-01 -4.257094054366528657e-01
1.475604613333192650e-01 -3.365660446528870309e-01
1.489258214714594686e-01 -2.624539395852945045e-01
1.503038151314115001e-01 -2.006071243798241144e-01
1.516945592097135032e-01 -1.487872178870379425e-01
1.530981716845338514e-01 -1.066733491357674118e-01
1.545147716256795034e-01 -7.628533186235671171e-02
1.559444792046968120e-01 -5.971480197712002169e-02
1.573874157050657585e-01 -5.655228136892711394e-02
1.588437035324885005e-01 -6.250979853277262299e-02
1.603134662252732601e-01 -7.052392515325929534e-02
1.617968284648141075e-01 -7.326176174363210891e-02
1.632939160861678896e-01 -6.558989144342788902e-02
1.648048560887288572e-01 -4.589164248701092796e-02
1.663297766470022421e-01 -1.603450205666142464e-02
1.678688071214773092e-01 1.977760357184222065e-02
1.694220780696012729e-01 5.659624345239194082e-02
1.709897212568544100e-01 8.996857161272663050e-02
1.725718696679281183e-01 1.166267143580546756e-01
1.741686575180058927e-01 1.347599350129697893e-01
1.757802202641490508e-01 1.439636270500572190e-01
1.774066946167877357e-01 1.450335518432267767e-01
1.790482185513180002e-01 1.396471231765988030e-01
1.807049313198066387e-01 1.300495001803900208e-01
1.823769734628039041e-01 1.187722140038392493e-01
1.840644868212657215e-01 1.078538985910588166e-01
1.857676145485862573e-01 9.832473145282759341e-02
1.874865011227417610e-01 9.049289725238787718e-02
1.892212923585466500e-01 8.427093325940594737e-02
1.909721354200232812e-01 7.933900921466498224e-02
1.927391788328859101e-01 7.526368871286205631e-02
1.945225724971403058e-01 7.160657951939425336e-02
1.963224676997999407e-01 6.800928387053056801e-02
1.981390171277197521e-01 6.424483184535464964e-02
1.999723748805487533e-01 6.023221462385529995e-02
2.018226964838024939e-01 5.601638219591780626e-02
2.036901389020563946e-01 5.172671890356428381e-02
2.055748605522611239e-01 4.752682043245490956e-02
2.074770213171814870e-01 4.356763896615577225e-02
2.093967825589591880e-01 3.995464615881508252e-02
2.113343071328015188e-01 3.673294734936487227e-02
2.132897594007963638e-01 3.388959528212394379e-02
2.152633052458553520e-01 3.136908768490240945e-02
2.172551120857857954e-01 2.909487703011238990e-02
2.192653488874928835e-01 2.699107566163526720e-02
2.212941861813133015e-01 2.499887710234641180e-02
2.233417960754816023e-01 2.308471844021716887e-02
2.254083522707301113e-01 2.123999051833452487e-02
2.274940300750243338e-01 1.947488348560804869e-02
2.295990064184343371e-01 1.780921219309948914e-02
2.317234598681440494e-01 1.626294953881304503e-02
2.338675706435991430e-01 1.484923021088517883e-02
2.360315206317953052e-01 1.357130331481678359e-02
2.382154934027078952e-01 1.242282448843543170e-02
2.404196742248643215e-01 1.139065645119439509e-02
2.426442500810605807e-01 1.045887315136258093e-02
2.448894096842231527e-01 9.612297115991687291e-03
2.471553434934177784e-01 8.838823472017436414e-03
2.494422437300061746e-01 8.130155679343133851e-03
2.517503043939524621e-01 7.481196285457777928e-03
2.540797212802803351e-01 6.888802035709932700e-03
2.564306919956825248e-01 6.350312013969878523e-03
2.588034159752838903e-01 5.862586205921311612e-03
2.611980944995599963e-01 5.421700137462457866e-03
2.636149307114114548e-01 5.023116400752043742e-03
2.660541296333971961e-01 4.662182189062283148e-03
2.685158981851264448e-01 4.334629916714350696e-03
2.710004452008120124e-01 4.036914766380277769e-03
2.735079814469859039e-01 3.766265101777374700e-03
2.760387196403787935e-01 3.520530658849568232e-03
2.785928744659650347e-01 3.297936970823919095e-03
2.811706625951746474e-01 3.096853838457609004e-03
2.837723027042736712e-01 2.915611694332640239e-03
2.863980154929147148e-01 2.752411026099207611e-03
2.890480237028591470e-01 2.605461814766949977e-03
2.917225521368724817e-01 2.473392040944061548e-03
2.944218276777946230e-01 2.354892743581468890e-03
2.971460793077864704e-01 2.248329108351940567e-03
2.998955381277548238e-01 2.152119266946385650e-03
3.026704373769569245e-01 2.064933040343904565e-03
3.054710124527861281e-01 1.985656727224641756e-03
3.082975009307412084e-01 1.913344025030888369e-03
3.111501425845799029e-01 1.847185918703795867e-03
3.140291794066590869e-01 1.786491886223640340e-03
3.169348556284636298e-01 1.730666179469196510e-03
3.198674177413242115e-01 1.679208208241234112e-03
3.228271145173279288e-01 1.631683825156700655e-03
3.258141970304215262e-01 1.587732550051621340e-03
3.288289186777104134e-01 1.547029578242143733e-03
3.318715352009545816e-01 1.509273875114625942e-03
3.349423047082633609e-01 1.474174816171341853e-03
3.380414876959910719e-01 1.441441718211577570e-03
3.411693470708350162e-01 1.410776090639500767e-03
3.443261481721382467e-01 1.381874973218594422e-03
3.475121587943982293e-01 1.354459318333412279e-03
3.507276492099854481e-01 1.328275644712161984e-03
3.539728921920687887e-01 1.303100520337081760e-03
3.572481630377565276e-01 1.278772020363137894e-03
3.605537395914496512e-01 1.255166564397401478e-03
3.638899022684118911e-01 1.232215240613398393e-03
3.672569340785573067e-01 1.209870041754049696e-03
3.706551206504586360e-01 1.188115392743915519e-03
3.740847502555770254e-01 1.166930765414758318e-03
3.775461138327168009e-01 1.146294159440730326e-03
3.810395050127058925e-01 1.126167447408709874e-03
3.845652201433046868e-01 1.106506659489150945e-03
3.881235583143457513e-01 1.087251757283959298e-03
3.917148213831057602e-01 1.068336008728883093e-03
3.953393139999124006e-01 1.049711050656286287e-03
3.989973436339881996e-01 1.031332848007053072e-03
4.026892205995331597e-01 1.013161795439731713e-03
4.064152580820494798e-01 9.951815464849492372e-04
4.101757721649089694e-01 9.773957539672044684e-04
4.139710818561669892e-01 9.597971074261182119e-04
4.178015091156238592e-01 9.423822506850310738e-04
4.216673788821375668e-01 9.251917507750672363e-04
4.255690191011881063e-01 9.082502747439372224e-04
4.295067607526977249e-01 8.915301868313734758e-04
4.334809378791081858e-01 8.750048415629590494e-04
4.374918876137179335e-01 8.586473989848904080e-04
4.415399502092812734e-01 8.424702819834021259e-04
4.456254690668726703e-01 8.264867592411087593e-04
4.497487907650175032e-01 8.106947442770163614e-04
4.539102650890927682e-01 7.950774355508055365e-04
4.581102450609997878e-01 7.796350271564577317e-04
4.623490869691112004e-01 7.643685339572061114e-04
4.666271503984954494e-01 7.492746039736348541e-04
4.709447982614206052e-01 7.343614778187637204e-04
4.753023968281406275e-01 7.196371667782138198e-04
4.797003157579664556e-01 7.051198025019197709e-04
4.841389281306244796e-01 6.908131192638992946e-04
4.886186104779052797e-01 6.767102957434280829e-04
4.931397428156051865e-01 6.628028378240023288e-04
4.977027086757634389e-01 6.490859572032097987e-04
