5.023078951391972766e-05 -6.032948566145730990e-05
5.069556928683388889e-05 -6.252906820038600958e-05
5.116464961403767209e-05 -6.480732235967628365e-05
5.163807028806978715e-05 -6.716785108161534164e-05
5.211587146966517408e-05 -6.961402759285829737e-05
5.259809369116105792e-05 -7.214805339741456997e-05
5.308477785993620074e-05 -7.477344065343280726e-05
5.357596526188023334e-05 -7.749356745609537595e-05
5.407169756489686838e-05 -8.031152128497675668e-05
5.457201682243774209e-05 -8.323086756290393694e-05
5.507696547707072019e-05 -8.625496218481590370e-05
5.558658636407947621e-05 -8.938785082641308383e-05
5.610092271509814368e-05 -9.263305880679647425e-05
5.662001816177776272e-05 -9.599487027648350324e-05
5.714391673948855254e-05 -9.947791047427928599e-05
5.767266289105452040e-05 -1.030856973681848932e-04
5.820630147052453362e-05 -1.068228546204749079e-04
5.874487774697638518e-05 -1.106937510195484632e-04
5.928843740835797296e-05 -1.147037400444027549e-04
5.983702656536208243e-05 -1.188565303045749941e-04
6.039069175533898090e-05 -1.231581482326987145e-04
6.094947994624323197e-05 -1.276134453276151696e-04
6.151343854061905325e-05 -1.322278003704616990e-04
6.208261537962046349e-05 -1.370069454765460767e-04
6.265705874707077272e-05 -1.419565949638099838e-04
6.323681737355747149e-05 -1.470829950555365968e-04
6.382194044056716117e-05 -1.523923275393924460e-04
6.441247758465660166e-05 -1.578902959171672022e-04
6.500847890166448447e-05 -1.635837897194807500e-04
6.560999495096006865e-05 -1.694804905154301776e-04
6.621707675973320618e-05 -1.755861382001980395e-04
6.682977582732201624e-05 -1.819085784502166749e-04
6.744814412958265366e-05 -1.884551117322195025e-04
6.807223412329740388e-05 -1.952340386656876438e-04
6.870209875062573948e-05 -2.022525401976128388e-04
6.933779144359432660e-05 -2.095200499405467200e-04
6.997936612863088740e-05 -2.170446153379981976e-04
7.062687723113762230e-05 -2.248348904024466887e-04
7.128037968010938271e-05 -2.328993337762323549e-04
7.193992891279217604e-05 -2.412494268871906834e-04
7.260558087938708525e-05 -2.498933316431412271e-04
7.327739204779548296e-05 -2.588423202819459430e-04
7.395541940841035122e-05 -2.681056784710256539e-04
7.463972047894970900e-05 -2.776953811220730863e-04
7.533035330933708054e-05 -2.876216583242135051e-04
7.602737648662468122e-05 -2.978953963132346776e-04
7.673084913996470135e-05 -3.085286662370103012e-04
7.744083094562397159e-05 -3.195339503411125993e-04
7.815738213204768861e-05 -3.309238531792823255e-04
7.888056348496733539e-05 -3.427106030450440531e-04
7.961043635255848851e-05 -3.549074698569115250e-04
8.034706265064376881e-05 -3.675287036496837625e-04
8.109050486794647857e-05 -3.805879077278252992e-04
8.184082607139033080e-05 -3.941000790896085986e-04
8.259808991145073235e-05 -4.080794223235515578e-04
8.336236062755304006e-05 -4.225420963634011801e-04
8.413370305352336012e-05 -4.375039048930127366e-04
8.491218262308711999e-05 -4.529819114584035218e-04
8.569786537542125422e-05 -4.689918774399368800e-04
8.649081796075497601e-05 -4.855518542615072089e-04
8.729110764602517904e-05 -5.026810349643539427e-04
8.809880232058136021e-05 -5.203963475190361270e-04
8.891397050194612133e-05 -5.387168739008888927e-04
8.973668134162622167e-05 -5.576625668501862575e-04
9.056700463098011755e-05 -5.772541380253731671e-04
9.140501080713702852e-05 -5.975129046187741162e-04
9.225077095897366963e-05 -6.184588167580922641e-04
9.310435683314326931e-05 -6.401156981812623900e-04
9.396584084016341878e-05 -6.625041207380207757e-04
9.483529606055720999e-05 -6.856501365543965845e-04
9.571279625105427573e-05 -7.095766128427346327e-04
9.659841585084609408e-05 -7.343072633547623835e-04
9.749222998790226565e-05 -7.598693522835349564e-04
9.839431448534213939e-05 -7.862887647802483575e-04
9.930474586786856308e-05 -8.135920189862960684e-04
1.002236013682579583e-04 -8.418100407914594222e-04
1.011509589339134820e-04 -8.709683473177615327e-04
1.020868972334763565e-04 -9.010983968849489755e-04
1.030314956634999056e-04 -9.322295061030533682e-04
1.039848343551846730e-04 -9.643933886172269612e-04
1.049469941811760989e-04 -9.976157283366549663e-04
1.059180567624249856e-04 -1.031936946309924309e-03
1.068981044751114967e-04 -1.067391749786896415e-03
1.078872204576332200e-04 -1.104009722537232499e-03
1.088854886176578347e-04 -1.141827444405816173e-03
1.098929936392411427e-04 -1.180894703336229142e-03
1.109098209900108428e-04 -1.221228790910591994e-03
1.119360569284168759e-04 -1.262876544873978634e-03
1.129717885110487723e-04 -1.305878202972036864e-03
1.140171036000207905e-04 -1.350278597630877623e-03
1.150720908704253189e-04 -1.396116117247293668e-03
1.161368398178552329e-04 -1.443427233166107030e-03
1.172114407659959940e-04 -1.492254805529655498e-03
1.182959848742878010e-04 -1.542650097397145264e-03
1.193905641456587704e-04 -1.594657669643560196e-03
1.204952714343296340e-04 -1.648322354893302054e-03
1.216102004536906569e-04 -1.703690830237945559e-03
1.227354457842514009e-04 -1.760810288276779424e-03
1.238711028816641597e-04 -1.819739147012493881e-03
1.250172680848214582e-04 -1.880518669412677710e-03
1.261740386240286192e-04 -1.943209274882652443e-03
1.273415126292519537e-04 -2.007868902186230129e-03
1.285197891384430753e-04 -2.074526929468692698e-03
1.297089681059405996e-04 -2.143256058352936699e-03
1.309091504109491746e-04 -2.214123479826701942e-03
1.321204378660972237e-04 -2.287176050331689910e-03
1.333429332260738904e-04 -2.362468159343161442e-03
1.345767401963456707e-04 -2.440067349502958016e-03
1.358219634419540367e-04 -2.520034291090850198e-03
1.370787085963940223e-04 -2.602430745420209260e-03
1.383470822705754793e-04 -2.687320175136429651e-03
1.396271920618667869e-04 -2.774767115051590682e-03
1.409191465632225878e-04 -2.864841639898240214e-03
1.422230553723956845e-04 -2.957616070378992282e-03
1.435390291012344252e-04 -3.053156059484351485e-03
1.448671793850660400e-04 -3.151519452810168029e-03
1.462076188921666593e-04 -3.252787975195449172e-03
1.475604613333191787e-04 -3.357026427157250911e-03
1.489258214714593792e-04 -3.464326047621100850e-03
1.503038151314114394e-04 -3.574755676385096576e-03
1.516945592097134355e-04 -3.688377596446455655e-03
1.530981716845337536e-04 -3.805278811440391054e-03
1.545147716256794134e-04 -3.925529933498107457e-03
1.559444792046967400e-04 -4.049198964073761307e-03
1.573874157050656830e-04 -4.176366517885164373e-03
1.588437035324884346e-04 -4.307156776141123945e-03
1.603134662252731857e-04 -4.441628199443691145e-03
1.617968284648140247e-04 -4.579827606002394823e-03
1.632939160861678171e-04 -4.721852231659810599e-03
1.648048560887287726e-04 -4.867833780517341960e-03
1.663297766470021616e-04 -5.017846964335429504e-03
1.678688071214772372e-04 -5.171931953072942019e-03
1.694220780696011769e-04 -5.330171879689158190e-03
1.709897212568543161e-04 -5.492690558737797074e-03
1.725718696679280292e-04 -5.659568742721483511e-03
1.741686575180057981e-04 -5.830890907830139219e-03
1.757802202641489621e-04 -6.006767320163444897e-03
1.774066946167876340e-04 -6.187268307852735599e-03
1.790482185513179233e-04 -6.372467526357122533e-03
1.807049313198065489e-04 -6.562463676066847620e-03
1.823769734628037913e-04 -6.757340102271650918e-03
1.840644868212656232e-04 -6.957215168448271057e-03
1.857676145485861856e-04 -7.162171058089075379e-03
1.874865011227416648e-04 -7.372265270358112008e-03
1.892212923585465481e-04 -7.587607410004586390e-03
1.909721354200231774e-04 -7.808281214622406034e-03
1.927391788328858225e-04 -8.034359677127504706e-03
1.945225724971402217e-04 -8.265963267241950227e-03
1.963224676997998364e-04 -8.503173651956063075e-03
1.981390171277196339e-04 -8.746051596605724371e-03
1.999723748805486438e-04 -8.994716592262972862e-03
2.018226964838024009e-04 -9.249241716402454780e-03
2.036901389020562758e-04 -9.509698858983780395e-03
2.055748605522610226e-04 -9.776200631304588981e-03
2.074770213171813838e-04 -1.004881685402676111e-02
2.093967825589591067e-04 -1.032761683308051209e-02
2.113343071328014028e-04 -1.061266352450088157e-02
2.132897594007962582e-04 -1.090402057421082510e-02
2.152633052458552464e-04 -1.120180530059005850e-02
2.172551120857856867e-04 -1.150608237042771535e-02
2.192653488874927710e-04 -1.181687305026223565e-02
2.212941861813132042e-04 -1.213423628992907691e-02
2.233417960754814700e-04 -1.245828586213191050e-02
2.254083522707299957e-04 -1.278907395419579505e-02
2.274940300750242182e-04 -1.312661568065019366e-02
2.295990064184342335e-04 -1.347099073279692943e-02
2.317234598681439486e-04 -1.382229273682163313e-02
2.338675706435990400e-04 -1.418053767972293940e-02
2.360315206317952072e-04 -1.454579847847184068e-02
2.382154934027077783e-04 -1.491815206489165331e-02
2.404196742248642152e-04 -1.529760193005089836e-02
2.426442500810604638e-04 -1.568419640223685241e-02
2.448894096842230486e-04 -1.607796456218016021e-02
2.471553434934176704e-04 -1.647893166713648369e-02
2.494422437300060683e-04 -1.688712125765688341e-02
2.517503043939523389e-04 -1.730251433160983135e-02
2.540797212802799600e-04 -1.772516874092078601e-02
2.564306919956823639e-04 -1.815509987967780028e-02
2.588034159752835108e-04 -1.859223478721392167e-02
2.611980944995598449e-04 -1.903656377253282878e-02
2.636149307114110576e-04 -1.948808590583113454e-02
2.660541296333970591e-04 -1.994679814151296623e-02
2.685158981851260332e-04 -2.041271814309060517e-02
2.710004452008118992e-04 -2.088584138572522134e-02
2.735079814469854585e-04 -2.136614411388813514e-02
2.760387196403786352e-04 -2.185354455407051769e-02
2.785928744659646244e-04 -2.234801979201565120e-02
2.811706625951744943e-04 -2.284953179907922571e-02
2.837723027042732206e-04 -2.335806986416486680e-02
2.863980154929145596e-04 -2.387354432803396806e-02
2.890480237028587147e-04 -2.439579820470886076e-02
2.917225521368723654e-04 -2.492474401431294187e-02
2.944218276777941460e-04 -2.546038435741101655e-02
2.971460793077862809e-04 -2.600259263629466078e-02
2.998955381277543806e-04 -2.655118697895954283e-02
3.026704373769567558e-04 -2.710600845472187215e-02
3.054710124527856862e-04 -2.766700064196149153e-02
3.082975009307410805e-04 -2.823408558523340939e-02
3.111501425845793981e-04 -2.880713042613983546e-02
3.140291794066589742e-04 -2.938595963071782835e-02
3.169348556284631532e-04 -2.997043764381713063e-02
3.198674177413240549e-04 -3.056036270503017724e-02
3.228271145173274015e-04 -3.115549655271323409e-02
3.258141970304213376e-04 -3.175570743623355729e-02
3.288289186777098899e-04 -3.236075316527022017e-02
3.318715352009544311e-04 -3.297027390604673897e-02
3.349423047082628730e-04 -3.358404432526262279e-02
3.380414876959908759e-04 -3.420182436379122504e-02
3.411693470708344737e-04 -3.482330979564386003e-02
3.443261481721376959e-04 -3.544813445115412714e-02
3.475121587943980571e-04 -3.607615193704714895e-02
3.507276492099853089e-04 -3.670712082368641355e-02
3.539728921920686291e-04 -3.734055310600955385e-02
3.572481630377563155e-04 -3.797612307050693414e-02
3.605537395914494461e-04 -3.861345660088346537e-02
3.638899022684116756e-04 -3.925205099888657428e-02
3.672569340785571189e-04 -3.989146369024246241e-02
3.706551206504584361e-04 -4.053126308190255905e-02
3.740847502555768537e-04 -4.117083939800900150e-02
3.775461138327166157e-04 -4.180962692544200332e-02
3.810395050127056535e-04 -4.244717951437824294e-02
3.845652201433044800e-04 -4.308298780939717743e-02
3.881235583143455314e-04 -4.371644809424868328e-02
3.917148213831055581e-04 -4.434699339885959241e-02
3.953393139999122029e-04 -4.497395414491514587e-02
3.989973436339879658e-04 -4.559661069696304553e-02
4.026892205995329641e-04 -4.621422786481600709e-02
4.064152580820493067e-04 -4.682596146389654546e-02
4.101757721649087638e-04 -4.743098871972905445e-02
4.139710818561667671e-04 -4.802846283007126266e-02
4.178015091156236623e-04 -4.861751813550611173e-02
4.216673788821373339e-04 -4.919741311517148580e-02
4.255690191011879072e-04 -4.976724709022928989e-02
4.295067607526975085e-04 -5.032606659179038322e-02
4.334809378791080114e-04 -5.087302364046034781e-02
4.374918876137176907e-04 -5.140705348248612860e-02
4.415399502092810661e-04 -5.192699657516237216e-02
4.456254690668724240e-04 -5.243165188731289256e-02
4.497487907650172460e-04 -5.291985205724585722e-02
4.539102650890925188e-04 -5.339050166485502513e-02
4.581102450609995588e-04 -5.384252303326349243e-02
4.623490869691109775e-04 -5.427486997922623818e-02
4.666271503984952018e-04 -5.468651646556912244e-02
4.709447982614203398e-04 -5.507628146080657816e-02
4.753023968281404267e-04 -5.544285849773220032e-02
4.797003157579662197e-04 -5.578493584132351163e-02
4.841389281306242276e-04 -5.610119866275433548e-02
4.886186104779050065e-04 -5.639032838400126479e-02
4.931397428156048934e-04 -5.665104637051300573e-02
4.977027086757631865e-04 -5.688235271656362502e-02
5.023078951391972630e-04 -5.708331027286055875e-02
5.069556928683394310e-04 -5.725280710720056371e-02
5.116464961403767615e-04 -5.738961269683653943e-02
5.163807028806984001e-04 -5.749253926464849979e-02
5.211587146966517679e-04 -5.756030081162299972e-02
5.259809369116111213e-04 -5.759169518821379702e-02
5.308477785993620480e-04 -5.758582420269633267e-02
5.357596526188028755e-04 -5.754197761874314115e-02
5.407169756489687380e-04 -5.745948020888052427e-02
5.457201682243779765e-04 -5.733764598949853131e-02
5.507696547707071613e-04 -5.717571482261987748e-02
5.558658636407953855e-04 -5.697271929123907952e-02
5.610092271509814097e-04 -5.672777472783677860e-02
5.662001816177782100e-04 -5.644035131444481712e-02
5.714391673948855796e-04 -5.611028617563217080e-02
5.767266289105457732e-04 -5.573752646533969290e-02
5.820630147052453362e-04 -5.532206807960771827e-02
5.874487774697645295e-04 -5.486373915948712654e-02
5.928843740835797703e-04 -5.436244290972863658e-02
5.983702656536214748e-04 -5.381801387435922179e-02
6.039069175533897955e-04 -5.323038759373003442e-02
6.094947994624330245e-04 -5.260013823553004453e-02
6.151343854061905054e-04 -5.192820463923922963e-02
6.208261537962052583e-04 -5.121542928223343782e-02
6.265705874707077272e-04 -5.046243292434583749e-02
6.323681737355754196e-04 -4.966983089002170032e-02
6.382194044056716930e-04 -4.883830860137348268e-02
6.441247758465667213e-04 -4.796897863581782440e-02
6.500847890166448718e-04 -4.706355480399142255e-02
6.560999495096013099e-04 -4.612389479034604417e-02
6.621707675973320618e-04 -4.515173651735965993e-02
6.682977582732208943e-04 -4.414860144926120028e-02
6.744814412958265908e-04 -4.311601473990821914e-02
6.807223412329747435e-04 -4.205598312969796582e-02
6.870209875062573135e-04 -4.097118900042557438e-02
6.933779144359439707e-04 -3.986463163514960412e-02
6.997936612863087926e-04 -3.873909560845947841e-02
7.062687723113768735e-04 -3.759719351146309507e-02
7.128037968010938813e-04 -3.644160088924001950e-02
7.193992891279217062e-04 -3.527546297811161996e-02
7.260558087938709338e-04 -3.410267628169520726e-02
7.327739204779548567e-04 -3.292745369480934436e-02
7.395541940841035122e-04 -3.175361747581912503e-02
7.463972047894970900e-04 -3.058481987094792756e-02
7.533035330933707512e-04 -2.942490974165499693e-02
7.602737648662468394e-04 -2.827840567367800872e-02
7.673084913996469593e-04 -2.715046853162074100e-02
7.744083094562396888e-04 -2.604608503360062582e-02
7.815738213204768319e-04 -2.496970688568013116e-02
7.888056348496733268e-04 -2.392567323712725680e-02
7.961043635255849122e-04 -2.291879127926493148e-02
8.034706265064376881e-04 -2.195456210622691307e-02
8.109050486794647586e-04 -2.103832826900673553e-02
8.184082607139033351e-04 -2.017464683145915594e-02
8.259808991145073777e-04 -1.936756915612843077e-02
8.336236062755303464e-04 -1.862139299829925626e-02
8.413370305352335741e-04 -1.794096702562839041e-02
8.491218262308711457e-04 -1.733071727232756223e-02
8.569786537542125422e-04 -1.679386926614652095e-02
8.649081796075497059e-04 -1.633287826021685360e-02
8.729110764602518446e-04 -1.595032567644791635e-02
8.809880232058135479e-04 -1.564902562704357375e-02
8.891397050194612675e-04 -1.543079420673849553e-02
8.973668134162622167e-04 -1.529582387213006441e-02
9.056700463098011755e-04 -1.524346211555226149e-02
9.140501080713703394e-04 -1.527329828434025039e-02
9.225077095897367234e-04 -1.538463258410915045e-02
9.310435683314326931e-04 -1.557489625584554220e-02
9.396584084016341336e-04 -1.583978431864036321e-02
9.483529606055720457e-04 -1.617476852415147479e-02
9.571279625105428386e-04 -1.657563205571435661e-02
9.659841585084609408e-04 -1.703668167368199704e-02
9.749222998790225752e-04 -1.754993307766713681e-02
9.839431448534212855e-04 -1.810674744377764253e-02
9.930474586786856850e-04 -1.869921461891304107e-02
1.002236013682579474e-03 -1.931870043849985216e-02
1.011509589339135715e-03 -1.995408274036132232e-02
1.020868972334763565e-03 -2.059360229582665736e-02
1.030314956635000221e-03 -2.122680456737414609e-02
1.039848343551846811e-03 -2.184313310994083143e-02
1.049469941811762182e-03 -2.242986895357366658e-02
1.059180567624249964e-03 -2.297444950506597958e-02
1.068981044751116105e-03 -2.346650855005627881e-02
1.078872204576332037e-03 -2.389595968924855193e-02
1.088854886176579377e-03 -2.425167852136634467e-02
1.098929936392411318e-03 -2.452392010414298010e-02
1.109098209900109648e-03 -2.470583266758865498e-02
1.119360569284168650e-03 -2.479178399745157052e-02
1.129717885110488942e-03 -2.477598190832401570e-02
1.140171036000207959e-03 -2.465589758171812806e-02
1.150720908704254246e-03 -2.443296119513808581e-02
1.161368398178552275e-03 -2.410892396177351932e-02
1.172114407659961268e-03 -2.368712854975377896e-02
1.182959848742877983e-03 -2.317589357711137554e-02
1.193905641456588897e-03 -2.258601382470924387e-02
1.204952714343296340e-03 -2.192812244329021831e-02
1.216102004536907897e-03 -2.121609605065554252e-02
1.227354457842514063e-03 -2.046742485821639174e-02
1.238711028816642844e-03 -1.969890882473141966e-02
1.250172680848214528e-03 -1.892743441400171478e-02
1.261740386240287493e-03 -1.817275531246891410e-02
1.273415126292519375e-03 -1.745323379848793058e-02
1.285197891384430753e-03 -1.678417512669277273e-02
1.297089681059406105e-03 -1.618185250656586222e-02
1.309091504109491638e-03 -1.566030802991879439e-02
1.321204378660972237e-03 -1.522823860724820122e-02
1.333429332260738795e-03 -1.489296543640638952e-02
1.345767401963456761e-03 -1.465909214666634604e-02
1.358219634419540259e-03 -1.452497253083175413e-02
1.370787085963940223e-03 -1.448673979589344511e-02
1.383470822705754793e-03 -1.453796373298397657e-02
1.396271920618668031e-03 -1.466660424154687427e-02
1.409191465632225878e-03 -1.485944966636121127e-02
1.422230553723956683e-03 -1.510220151019792470e-02
1.435390291012344360e-03 -1.537693757850044744e-02
1.448671793850660455e-03 -1.566710664659990218e-02
1.462076188921666809e-03 -1.595713240910636224e-02
1.475604613333191895e-03 -1.623062478829634739e-02
1.489258214714593792e-03 -1.647574273278792911e-02
1.503038151314114394e-03 -1.668272247289903989e-02
1.516945592097134138e-03 -1.684378989114613395e-02
1.530981716845337699e-03 -1.695742790965796068e-02
1.545147716256794297e-03 -1.702399396555620559e-02
1.559444792046967400e-03 -1.704769921998825974e-02
1.573874157050656830e-03 -1.703775238458210203e-02
1.588437035324884346e-03 -1.700400307066850594e-02
1.603134662252731803e-03 -1.695984347428135600e-02
1.617968284648140355e-03 -1.691930079739992904e-02
1.632939160861678063e-03 -1.689555070913513132e-02
1.648048560887287834e-03 -1.690257094033408361e-02
1.663297766470021562e-03 -1.695008341931937210e-02
1.678688071214772372e-03 -1.704543223655972245e-02
1.694220780696011714e-03 -1.719198483942520339e-02
1.709897212568543216e-03 -1.738772766293012265e-02
1.725718696679280238e-03 -1.762706293904737695e-02
1.741686575180057981e-03 -1.789850372993650671e-02
1.757802202641489675e-03 -1.818805573351745322e-02
1.774066946167876394e-03 -1.847851148721559381e-02
1.790482185513179178e-03 -1.875204511295407855e-02
1.807049313198065598e-03 -1.899242105370190642e-02
1.823769734628038130e-03 -1.918575269184516832e-02
1.840644868212656287e-03 -1.932417883419217108e-02
1.857676145485861801e-03 -1.940497758579130816e-02
1.874865011227416648e-03 -1.943331223749133335e-02
1.892212923585465589e-03 -1.942037113824245792e-02
1.909721354200231936e-03 -1.938333363710463206e-02
1.927391788328858225e-03 -1.934230894402750797e-02
1.945225724971402000e-03 -1.931806404041494507e-02
1.963224676997998418e-03 -1.932855642138836885e-02
1.981390171277196393e-03 -1.938564619959210616e-02
1.999723748805486492e-03 -1.949330713512767779e-02
2.018226964838023847e-03 -1.964571793625403962e-02
2.036901389020562975e-03 -1.982819082824842719e-02
2.055748605522610389e-03 -2.001866592264265124e-02
2.074770213171814055e-03 -2.019146171197891762e-02
2.093967825589591013e-03 -2.032118291169917462e-02
2.113343071328013974e-03 -2.038757565700715507e-02
2.132897594007962527e-03 -2.037889380406745013e-02
2.152633052458552410e-03 -2.029442950788495209e-02
2.172551120857856705e-03 -2.014406588976028201e-02
2.192653488874927656e-03 -1.994620451633763100e-02
2.212941861813132096e-03 -1.972357952499281808e-02
2.233417960754814809e-03 -1.949817346628385240e-02
2.254083522707299794e-03 -1.928608586758784674e-02
2.274940300750242020e-03 -1.909411836401248702e-02
2.295990064184342226e-03 -1.891928423150796013e-02
2.317234598681439540e-03 -1.875081387366089522e-02
2.338675706435990129e-03 -1.857504436837449299e-02
2.360315206317949686e-03 -1.838165710046084367e-02
2.382154934027077946e-03 -1.816947613700964012e-02
2.404196742248639659e-03 -1.794971165493234461e-02
2.426442500810604367e-03 -1.774555268267755115e-02
2.448894096842227884e-03 -1.758733486594190112e-02
2.471553434934176379e-03 -1.750416711156221883e-02
2.494422437300057756e-03 -1.751445647963178684e-02
2.517503043939523389e-03 -1.761785146901019561e-02
2.540797212802799708e-03 -1.779206961365520021e-02
2.564306919956823531e-03 -1.799566643928345727e-02
2.588034159752835000e-03 -1.817723610188902786e-02
2.611980944995598557e-03 -1.828888236334270251e-02
2.636149307114110576e-03 -1.829970527343661307e-02
2.660541296333970591e-03 -1.820507512129560315e-02
2.685158981851260441e-03 -1.802842639053215540e-02
2.710004452008118667e-03 -1.781419909495884218e-02
2.735079814469854910e-03 -1.761408789446616135e-02
2.760387196403786460e-03 -1.747104226812879607e-02
2.785928744659646027e-03 -1.740686893303025964e-02
2.811706625951745052e-03 -1.741781660485798230e-02
2.837723027042732531e-03 -1.747990234191265993e-02
2.863980154929145813e-03 -1.756138280013954181e-02
2.890480237028587255e-03 -1.763696014103757412e-02
2.917225521368723654e-03 -1.769716740473143216e-02
2.944218276777941460e-03 -1.774840430710322367e-02
2.971460793077862917e-03 -1.780358062904989491e-02
2.998955381277543589e-03 -1.786875548491578813e-02
3.026704373769567667e-03 -1.793320433031665023e-02
3.054710124527856754e-03 -1.796949400243448569e-02
3.082975009307410696e-03 -1.794525595645012420e-02
3.111501425845793981e-03 -1.784168755216412189e-02
3.140291794066589742e-03 -1.766889500833588797e-02
3.169348556284631423e-03 -1.746831268364314182e-02
3.198674177413240657e-03 -1.729819030793301043e-02
3.228271145173274449e-03 -1.720779439200475699e-02
3.258141970304213268e-03 -1.721343261386803006e-02
3.288289186777099225e-03 -1.728995582196147379e-02
3.318715352009544203e-03 -1.738481301485048092e-02
3.349423047082628838e-03 -1.744848947401983832e-02
3.380414876959908759e-03 -1.746421463795991280e-02
3.411693470708344628e-03 -1.745860791490262687e-02
3.443261481721380645e-03 -1.748492514420217636e-02
3.475121587943980680e-03 -1.758765744589680172e-02
3.507276492099856667e-03 -1.777016861415657914e-02
3.539728921920686291e-03 -1.798796939555619492e-02
3.572481630377566733e-03 -1.817459844552248016e-02
3.605537395914494569e-03 -1.828425194415146671e-02
3.638899022684120767e-03 -1.832229149669642107e-02
3.672569340785571297e-03 -1.834063008330662214e-02
3.706551206504587938e-03 -1.839888861834576908e-02
3.740847502555768103e-03 -1.851880090686157387e-02
3.775461138327169952e-03 -1.866753686470543072e-02
3.810395050127056860e-03 -1.878559000994375547e-02
3.845652201433048811e-03 -1.883996923224299375e-02
3.881235583143455205e-03 -1.885975628823022970e-02
3.917148213831059267e-03 -1.892042627855712936e-02
3.953393139999122029e-03 -1.908289323964260445e-02
3.989973436339883453e-03 -1.933428048775391594e-02
4.026892205995329967e-03 -1.958247990185375126e-02
4.064152580820497296e-03 -1.971705418483576597e-02
4.101757721649087855e-03 -1.969277341871187442e-02
4.139710818561672008e-03 -1.956724483781456872e-02
4.178015091156236406e-03 -1.945747615767751473e-02
4.216673788821373448e-03 -1.944793114903805090e-02
4.255690191011879397e-03 -1.952598239527488996e-02
4.295067607526975410e-03 -1.959898761958587393e-02
4.334809378791079464e-03 -1.957499468541729418e-02
4.374918876137176907e-03 -1.943333822966754332e-02
4.415399502092810444e-03 -1.922563706605641409e-02
4.456254690668724240e-03 -1.901723758849543922e-02
4.497487907650172569e-03 -1.883488431740929295e-02
4.539102650890925079e-03 -1.867109113747348129e-02
4.581102450609995588e-03 -1.852784930576927350e-02
4.623490869691109124e-03 -1.843910105236511165e-02
4.666271503984952343e-03 -1.844120580264115364e-02
4.709447982614203831e-03 -1.852685914407450202e-02
4.753023968281404159e-03 -1.863951402437941801e-02
4.797003157579662197e-03 -1.871501153408105037e-02
4.841389281306242819e-03 -1.871997222042056860e-02
4.886186104779049848e-03 -1.864738084808404209e-02
4.931397428156049367e-03 -1.849179107494728497e-02
4.977027086757631648e-03 -1.825112831987448989e-02
5.023078951391972413e-03 -1.795059508888218955e-02
5.069556928683393443e-03 -1.763605011795620070e-02
5.116464961403767615e-03 -1.732413054848264827e-02
5.163807028806984001e-03 -1.697763764319971252e-02
5.211587146966517245e-03 -1.656353963349940783e-02
5.259809369116111646e-03 -1.613234437501899488e-02
5.308477785993619830e-03 -1.579650819499006653e-02
5.357596526188028972e-03 -1.560490011104536182e-02
5.407169756489686729e-03 -1.546962963434176525e-02
5.457201682243779765e-03 -1.525627271228756181e-02
5.507696547707071830e-03 -1.492868611894189977e-02
5.558658636407953421e-03 -1.455791016107443013e-02
5.610092271509814314e-03 -1.420286349796081107e-02
5.662001816177782317e-03 -1.385539957998126702e-02
5.714391673948855145e-03 -1.351624729158297337e-02
5.767266289105458382e-03 -1.323098986881336703e-02
5.820630147052453796e-03 -1.298209297513246152e-02
5.874487774697644861e-03 -1.261887478142437007e-02
5.928843740835797703e-03 -1.200472845530976308e-02
5.983702656536214748e-03 -1.120885005419190901e-02
6.039069175533898388e-03 -1.045117037666400649e-02
6.094947994624329811e-03 -9.870146003959806222e-03
6.151343854061904620e-03 -9.437998561288038143e-03
6.208261537962052150e-03 -9.070914708232461626e-03
6.265705874707076621e-03 -8.690188161983750798e-03
6.323681737355753979e-03 -8.195267745935701231e-03
6.382194044056716496e-03 -7.538677051504689974e-03
6.441247758465666780e-03 -6.838210596503044823e-03
6.500847890166448935e-03 -6.264671923148472030e-03
6.560999495096013316e-03 -5.815871102694559688e-03
6.621707675973320835e-03 -5.344052237857784861e-03
6.682977582732208509e-03 -4.776117724697282081e-03
6.744814412958265691e-03 -4.155401643100077938e-03
6.807223412329747002e-03 -3.521609134402900899e-03
6.870209875062573135e-03 -2.889551128418467452e-03
6.933779144359439491e-03 -2.265976049798024486e-03
6.997936612863088143e-03 -1.604333497265760140e-03
7.062687723113769168e-03 -8.691839664873616481e-04
7.128037968010938162e-03 -1.347318345492204959e-04
7.193992891279224651e-03 5.594428011745248902e-04
7.260558087938708688e-03 1.319354263163193073e-03
7.327739204779555940e-03 2.165371946502718352e-03
7.395541940841034688e-03 2.964316935469646884e-03
7.463972047894978923e-03 3.737947211129511588e-03
7.533035330933707946e-03 4.615309222362205636e-03
7.602737648662476200e-03 5.469296929591511633e-03
7.673084913996469809e-03 6.132560492936219194e-03
7.744083094562404478e-03 6.787103548412696391e-03
7.815738213204768969e-03 7.613791500739216546e-03
7.888056348496741074e-03 8.422629134927849329e-03
7.961043635255848905e-03 8.991453520726047297e-03
8.034706265064384470e-03 9.357212028583250518e-03
8.109050486794647586e-03 9.702266569027435603e-03
8.184082607139040941e-03 1.022462945719391364e-02
8.259808991145072693e-03 1.096961452355162299e-02
8.336236062755311704e-03 1.181050695233604349e-02
8.413370305352335307e-03 1.267620130166418647e-02
8.491218262308719913e-03 1.351099818609193329e-02
8.569786537542124771e-03 1.424932115629552049e-02
8.649081796075507034e-03 1.504102442003582736e-02
8.729110764602518446e-03 1.599130137941260840e-02
8.809880232058144370e-03 1.694534198414979209e-02
8.891397050194612892e-03 1.791632046277708001e-02
8.973668134162631274e-03 1.901927854040342050e-02
9.056700463098012188e-03 2.010351831668294800e-02
9.140501080713712284e-03 2.104134939915233704e-02
9.225077095897368101e-03 2.187695924148750498e-02
9.310435683314336255e-03 2.264744570796803358e-02
9.396584084016341987e-03 2.343356577720519598e-02
9.483529606055730865e-03 2.436737507559194951e-02
9.571279625105427735e-03 2.550116139751430755e-02
9.659841585084620250e-03 2.667204062459193475e-02
9.749222998790225969e-03 2.763176058180330519e-02
9.839431448534224564e-03 2.832708079305310336e-02
9.930474586786856850e-03 2.885129645730876227e-02
1.002236013682581035e-02 2.940118159343519874e-02
1.011509589339136365e-02 3.013053699247544848e-02
1.020868972334764216e-02 3.095982277176392156e-02
1.030314956634999571e-02 3.182186078096232995e-02
1.039848343551847375e-02 3.263154139192994685e-02
1.049469941811761488e-02 3.319540780762827992e-02
1.059180567624250398e-02 3.351189697155916580e-02
1.068981044751115585e-02 3.381462331933979271e-02
1.078872204576332774e-02 3.434693016600421506e-02
1.088854886176578857e-02 3.510323596532091001e-02
1.098929936392411925e-02 3.588161937028763043e-02
1.109098209900108954e-02 3.650951699514200233e-02
1.119360569284169257e-02 3.688527301676364917e-02
1.129717885110488422e-02 3.714108591392899922e-02
1.140171036000208610e-02 3.761986909112899347e-02
1.150720908704253725e-02 3.844108098387834238e-02
1.161368398178552926e-02 3.931696916306477024e-02
1.172114407659960618e-02 3.989844224959574609e-02
1.182959848742878677e-02 4.002685630290247348e-02
1.193905641456588333e-02 3.976827123553704213e-02
1.204952714343296948e-02 3.948910500506126742e-02
1.216102004536907116e-02 3.952333653105107730e-02
1.227354457842514714e-02 3.974281296494486249e-02
1.238711028816642280e-02 3.971691481954137820e-02
1.250172680848215222e-02 3.930740365099827383e-02
1.261740386240286886e-02 3.873377383933599566e-02
1.273415126292520155e-02 3.835886894873700992e-02
1.285197891384431447e-02 3.825049225058757552e-02
1.297089681059406668e-02 3.783284103329573322e-02
1.309091504109492245e-02 3.656141399577616385e-02
1.321204378660972845e-02 3.458226748932104883e-02
1.333429332260739446e-02 3.242898598678151806e-02
1.345767401963457455e-02 3.067712351552033187e-02
1.358219634419540953e-02 2.950382897268297860e-02
1.370787085963940874e-02 2.834584790747423158e-02
1.383470822705755443e-02 2.675308194423657929e-02
1.396271920618668769e-02 2.500257780683586700e-02
1.409191465632226616e-02 2.348229912468163816e-02
1.422230553723957507e-02 2.208708972205171775e-02
1.435390291012345054e-02 2.015844430679277974e-02
1.448671793850661235e-02 1.724469639595808609e-02
1.462076188921667373e-02 1.391218791977813160e-02
1.475604613333192545e-02 1.105876775869976507e-02
1.489258214714594616e-02 8.699979091333184117e-03
1.503038151314115174e-02 5.999697565936392384e-03
1.516945592097134962e-02 2.432901739164396258e-03
1.530981716845338306e-02 -1.254864931836255793e-03
1.545147716256795034e-02 -4.340401182982727736e-03
1.559444792046968224e-02 -7.222478079578513108e-03
1.573874157050657654e-02 -1.074693048047928312e-02
1.588437035324885213e-02 -1.510364045836027139e-02
1.603134662252732670e-02 -1.949149266735478517e-02
1.617968284648141006e-02 -2.357802639034060205e-02
1.632939160861678757e-02 -2.791218392511028018e-02
1.648048560887288572e-02 -3.272494317383897733e-02
1.663297766470022560e-02 -3.733196909207519426e-02
1.678688071214773370e-02 -4.105900498384897068e-02
1.694220780696012452e-02 -4.433293694443409677e-02
1.709897212568544170e-02 -4.748196061818302921e-02
1.725718696679280975e-02 -5.009874224485762889e-02
1.741686575180058719e-02 -5.212937354449072996e-02
1.757802202641490716e-02 -5.487858118453046996e-02
1.774066946167877218e-02 -5.963317768293217858e-02
1.790482185513180002e-02 -6.561784848324909991e-02
1.807049313198066595e-02 -7.095924897357119843e-02
1.823769734628039041e-02 -7.549903504831954881e-02
1.840644868212657284e-02 -8.051957517394017771e-02
1.857676145485862712e-02 -8.571039971448658756e-02
1.874865011227417472e-02 -9.000196032557521153e-02
1.892212923585466500e-02 -9.346522932371864600e-02
1.909721354200233021e-02 -9.668445142097009670e-02
1.927391788328858963e-02 -9.947532899224463543e-02
1.945225724971403128e-02 -1.017704688462061774e-01
1.963224676997999199e-02 -1.039420895758397384e-01
1.981390171277197521e-02 -1.059445902503066417e-01
1.999723748805487533e-02 -1.071648519894515400e-01
2.018226964838025148e-02 -1.080698229774987862e-01
2.036901389020563669e-02 -1.100410042895090396e-01
2.055748605522611516e-02 -1.128934946097976538e-01
2.074770213171815009e-02 -1.150244823119627724e-01
2.093967825589591880e-02 -1.158561275506286292e-01
2.113343071328015188e-02 -1.160309972071826429e-01
2.132897594007963568e-02 -1.161632773542998209e-01
2.152633052458553450e-02 -1.172817745849878551e-01
2.172551120857858092e-02 -1.200883645446869930e-01
2.192653488874928697e-02 -1.228317010941888110e-01
2.212941861813133224e-02 -1.223264272416813847e-01
2.233417960754816023e-02 -1.174717218749731090e-01
2.254083522707301182e-02 -1.104396848826229710e-01
2.274940300750243408e-02 -1.039793459049501850e-01
2.295990064184343440e-02 -9.911315269472618927e-02
2.317234598681440494e-02 -9.539778999696935102e-02
2.338675706435991430e-02 -9.138387506205090938e-02
2.360315206317952982e-02 -8.651314748795020659e-02
2.382154934027079160e-02 -8.154842023087691127e-02
2.404196742248643215e-02 -7.690287066943937710e-02
2.426442500810605668e-02 -7.214752140807859093e-02
2.448894096842231527e-02 -6.659723240367025621e-02
2.471553434934177854e-02 -5.860596916856374017e-02
2.494422437300061746e-02 -4.705611216887310710e-02
2.517503043939524690e-02 -3.422124554091906384e-02
2.540797212802803351e-02 -2.373701181942933919e-02
2.564306919956825179e-02 -1.643661917853817683e-02
2.588034159752838903e-02 -1.066251874057064231e-02
2.611980944995599685e-02 -3.785799174786875360e-03
2.636149307114114479e-02 5.219768643174487258e-03
2.660541296333971892e-02 1.581052151204882447e-02
2.685158981851264517e-02 2.812536755089303439e-02
2.710004452008120401e-02 4.122659576210757626e-02
2.735079814469858900e-02 5.318649486588063885e-02
2.760387196403787588e-02 6.427222166743987164e-02
2.785928744659650277e-02 7.577199875940228424e-02
2.811706625951746613e-02 8.885195457683607578e-02
2.837723027042736781e-02 1.032274031915017543e-01
2.863980154929147287e-02 1.166661363279098002e-01
2.890480237028591678e-02 1.287686923395902905e-01
2.917225521368724955e-02 1.408526675606870671e-01
2.944218276777946230e-02 1.540197197724280098e-01
2.971460793077864565e-02 1.673796377692161608e-01
2.998955381277548446e-02 1.789745903283899153e-01
3.026704373769569315e-02 1.895273596745437328e-01
3.054710124527861351e-02 2.004964721004743322e-01
3.082975009307412084e-02 2.120940538120847929e-01
3.111501425845798752e-02 2.227679315377306402e-01
3.140291794066590869e-02 2.305711105597862132e-01
3.169348556284636020e-02 2.360086682465622754e-01
3.198674177413242392e-02 2.405953786368867087e-01
3.228271145173278872e-02 2.452295673702025447e-01
3.258141970304215262e-02 2.506498460741645729e-01
3.288289186777100526e-02 2.581955063148421159e-01
3.318715352009542208e-02 2.659277377830708833e-01
3.349423047082630139e-02 2.711000671243480320e-01
3.380414876959907111e-02 2.747341606543711179e-01
3.411693470708346276e-02 2.780357809103116140e-01
3.443261481721378997e-02 2.799356912816474141e-01
3.475121587943982154e-02 2.797159050035005201e-01
3.507276492099854759e-02 2.780557821981433086e-01
3.539728921920688026e-02 2.757457440885252575e-01
3.572481630377564998e-02 2.728126685305127253e-01
3.605537395914496651e-02 2.688489492515477308e-01
3.638899022684118773e-02 2.644626860555882586e-01
3.672569340785573205e-02 2.604613098884698275e-01
3.706551206504585944e-02 2.565160383369198271e-01
3.740847502555770532e-02 2.508010346671185054e-01
3.775461138327167870e-02 2.437070367840683538e-01
3.810395050127058508e-02 2.374293215499479470e-01
3.845652201433046730e-02 2.312120906596534242e-01
3.881235583143457374e-02 2.240240713474822842e-01
3.917148213831057185e-02 2.157597611801495008e-01
3.953393139999124284e-02 2.055033600087447510e-01
3.989973436339881718e-02 1.943606655814527906e-01
4.026892205995331875e-02 1.841592634473176449e-01
4.064152580820495214e-02 1.748249407121844068e-01
4.101757721649090110e-02 1.639694536898393118e-01
4.139710818561669753e-02 1.498354948343000037e-01
4.178015091156239008e-02 1.348351864061607674e-01
4.216673788821375529e-02 1.211135870379910079e-01
4.255690191011881479e-02 1.084941626764041323e-01
4.295067607526977665e-02 9.797930432250998023e-02
4.334809378791082413e-02 9.147083555013463263e-02
4.374918876137179335e-02 8.895342479134293878e-02
4.415399502092812872e-02 9.084189867762540449e-02
4.456254690668726842e-02 9.845401034754019953e-02
4.497487907650175171e-02 1.112872386099292149e-01
4.539102650890927682e-02 1.296744965633641888e-01
4.581102450609998017e-02 1.577068642028326417e-01
4.623490869691111727e-02 1.951853096276931487e-01
4.666271503984954078e-02 2.390807016609875491e-01
4.709447982614205913e-02 2.902479751519561058e-01
4.753023968281406414e-02 3.493011501737677826e-01
4.797003157579664973e-02 4.155497464120033180e-01
4.841389281306245074e-02 4.879807157453272537e-01
4.886186104779052797e-02 5.692532938871749382e-01
4.931397428156051449e-02 6.624879814502763198e-01
4.977027086757634250e-02 7.685087072749382520e-01
5.023078951391975189e-02 8.866098169648080063e-01
5.069556928683396219e-02 1.011469291050535624e+00
5.116464961403770217e-02 1.138954392238508140e+00
5.163807028806986776e-02 1.270917501806094752e+00
5.211587146966519674e-02 1.407143028667596996e+00
5.259809369116114075e-02 1.543914842799319453e+00
5.308477785993622605e-02 1.680706884567842341e+00
5.357596526188031921e-02 1.816095786057914996e+00
5.407169756489689505e-02 1.948108501492416877e+00
5.457201682243782020e-02 2.071650909388984552e+00
5.507696547707074258e-02 2.178122101912169040e+00
5.558658636407956544e-02 2.266766533411775253e+00
5.610092271509817263e-02 2.340055556039676521e+00
5.662001816177784919e-02 2.396374083338386196e+00
5.714391673948858441e-02 2.435325096815134316e+00
5.767266289105461158e-02 2.459090370972868644e+00
5.820630147052456571e-02 2.465129636061979657e+00
5.874487774697647463e-02 2.448645367277198837e+00
5.928843740835800652e-02 2.408532901585557884e+00
5.983702656536217523e-02 2.344994109103726743e+00
6.039069175533900991e-02 2.262239218145641217e+00
6.094947994624332760e-02 2.166795516233328112e+00
6.151343854061908090e-02 2.067311104819775203e+00
6.208261537962055793e-02 1.967664330908207804e+00
6.265705874707079570e-02 1.866615643624631060e+00
6.323681737355757448e-02 1.764858944958502818e+00
6.382194044056720139e-02 1.659301826998106133e+00
6.441247758465670770e-02 1.543182228063678885e+00
6.500847890166451537e-02 1.414087944748319003e+00
6.560999495096016265e-02 1.277563311443491889e+00
6.621707675973323437e-02 1.136272155774137538e+00
6.682977582732212152e-02 9.888197628533526018e-01
6.744814412958269334e-02 8.399917070054858659e-01
6.807223412329750645e-02 6.928857801951137096e-01
6.870209875062577298e-02 5.430650804744853177e-01
6.933779144359443480e-02 3.888021537429540708e-01
6.997936612863091266e-02 2.416585600345924345e-01
7.062687723113772464e-02 1.162845025588116754e-01
7.128037968010941805e-02 1.273746991507999915e-02
7.193992891279228641e-02 -7.381000920691078993e-02
7.260558087938712157e-02 -1.438304884230720282e-01
7.327739204779559756e-02 -1.963598812313759878e-01
7.395541940841038331e-02 -2.350493897206535343e-01
7.463972047894983086e-02 -2.707541770705372830e-01
7.533035330933711415e-02 -3.163903020924633824e-01
7.602737648662480363e-02 -3.801596948988136826e-01
7.673084913996473799e-02 -4.593696637455695342e-01
7.744083094562408121e-02 -5.448198202626329811e-01
7.815738213204771745e-02 -6.257892584202680020e-01
7.888056348496745585e-02 -6.937027048787959282e-01
7.961043635255853068e-02 -7.426203073007049404e-01
8.034706265064388286e-02 -7.705258819195731634e-01
8.109050486794652790e-02 -7.786841119574917647e-01
8.184082607139045451e-02 -7.691864133488119926e-01
8.259808991145077550e-02 -7.457105516286883784e-01
8.336236062755317255e-02 -7.160980452195444546e-01
8.413370305352339817e-02 -6.985220432900454135e-01
8.491218262308725118e-02 -7.094588653699760439e-01
8.569786537542128935e-02 -7.547783902706264314e-01
8.649081796075511197e-02 -8.408642873623267677e-01
8.729110764602522610e-02 -9.686577963872836650e-01
8.809880232058149574e-02 -1.127522512422236334e+00
8.891397050194617402e-02 -1.299012470808094788e+00
8.973668134162636478e-02 -1.464548148938302319e+00
9.056700463098016352e-02 -1.606810108231207845e+00
9.140501080713717141e-02 -1.711921161000924618e+00
9.225077095897371571e-02 -1.778436293359955123e+00
9.310435683314341460e-02 -1.815920762739946070e+00
9.396584084016346150e-02 -1.845236791263852760e+00
9.483529606055735028e-02 -1.887417359051794419e+00
9.571279625105433286e-02 -1.950974417273666717e+00
9.659841585084624760e-02 -2.028441849367474958e+00
9.749222998790231520e-02 -2.091273153296438370e+00
9.839431448534229074e-02 -2.092366326326469128e+00
9.930474586786862401e-02 -1.982818950822377690e+00
1.002236013682581001e-01 -1.731569338854477502e+00
1.011509589339136261e-01 -1.332559318951336502e+00
1.020868972334765118e-01 -8.031811972326745597e-01
1.030314956635000612e-01 -1.842903387016818217e-01
1.039848343551848381e-01 4.599379113447878420e-01
1.049469941811762563e-01 1.042454434923801854e+00
1.059180567624251473e-01 1.480274570082551255e+00
1.068981044751116660e-01 1.711092166974820694e+00
1.078872204576332705e-01 1.687817214233030105e+00
1.088854886176578857e-01 1.410316713653682719e+00
1.098929936392411960e-01 9.318295664893230246e-01
1.109098209900108989e-01 3.359839141128670437e-01
1.119360569284169327e-01 -2.682988573215369654e-01
1.129717885110488318e-01 -7.739056207314700675e-01
1.140171036000208610e-01 -1.105076518451848955e+00
1.150720908704253725e-01 -1.245434502505659458e+00
1.161368398178553030e-01 -1.248880624269026907e+00
1.172114407659960583e-01 -1.210507081717164368e+00
1.182959848742878711e-01 -1.222941714647144851e+00
1.193905641456588368e-01 -1.338016259169783728e+00
1.204952714343296982e-01 -1.545155423249690907e+00
1.216102004536907116e-01 -1.780403629186877446e+00
1.227354457842514679e-01 -1.959476661484773619e+00
1.238711028816642246e-01 -2.015555452187862695e+00
1.250172680848215256e-01 -1.924153205677309852e+00
1.261740386240287060e-01 -1.711355571660383434e+00
1.273415126292520017e-01 -1.441966019383726039e+00
1.285197891384431412e-01 -1.187800723815221726e+00
1.297089681059406807e-01 -1.002408705373162956e+00
1.309091504109492210e-01 -9.082803363217630821e-01
1.321204378660972845e-01 -8.934662622247516728e-01
1.333429332260739619e-01 -9.229319117869780875e-01
1.345767401963457455e-01 -9.575247485710394191e-01
1.358219634419541022e-01 -9.711845849945598408e-01
1.370787085963940943e-01 -9.582875433907084295e-01
1.383470822705755443e-01 -9.286232170095159999e-01
1.396271920618668561e-01 -8.945512681931855337e-01
1.409191465632226581e-01 -8.585388368751497579e-01
1.422230553723957402e-01 -8.098441400486187103e-01
1.435390291012345054e-01 -7.321675548446945347e-01
1.448671793850661305e-01 -6.141057859222307513e-01
1.462076188921667408e-01 -4.561098367144145183e-01
1.475604613333192650e-01 -2.753636631451418793e-01
1.489258214714594686e-01 -1.000767782901989811e-01
1.503038151314115001e-01 3.998564740652963551e-02
1.516945592097135032e-01 1.246696293219076712e-01
1.530981716845338514e-01 1.504730408416732890e-01
1.545147716256795034e-01 1.307536343439725524e-01
1.559444792046968120e-01 8.664221310291217448e-02
1.573874157050657585e-01 3.801354668914692925e-02
1.588437035324885005e-01 -1.160702396277497363e-03
1.603134662252732601e-01 -2.514788733104861632e-02
1.617968284648141075e-01 -3.507288471160965176e-02
1.632939160861678896e-01 -3.412178635984512015e-02
1.648048560887288572e-01 -2.481501687765218928e-02
1.663297766470022421e-01 -8.610666662066609328e-03
1.678688071214773092e-01 1.329085565291345840e-02
1.694220780696012729e-01 3.880384569325025929e-02
1.709897212568544100e-01 6.464654080876804099e-02
1.725718696679281183e-01 8.705753828452578169e-02
1.741686575180058927e-01 1.029376628394262361e-01
1.757802202641490508e-01 1.108643448917662061e-01
1.774066946167877357e-01 1.113915084427415519e-01
1.790482185513180002e-01 1.064304132852804535e-01
1.807049313198066387e-01 9.828599000766181926e-02
1.823769734628039041e-01 8.908694995831610564e-02
1.840644868212657215e-01 8.034433695954626420e-02
1.857676145485862573e-01 7.278591311060321478e-02
1.874865011227417610e-01 6.661217647177067325e-02
1.892212923585466500e-01 6.172650123807051775e-02
1.909721354200232812e-01 5.785629311384186263e-02
1.927391788328859101e-01 5.464692480933115715e-02
1.945225724971403058e-01 5.174742420836120349e-02
1.963224676997999407e-01 4.887647212833019089e-02
1.981390171277197521e-01 4.586102904142001779e-02
1.999723748805487533e-01 4.264539479112827020e-02
2.018226964838024939e-01 3.927324362823200743e-02
2.036901389020563946e-01 3.585313801750165952e-02
2.055748605522611239e-01 3.251793887400411531e-02
2.074770213171814870e-01 2.938768103732554079e-02
2.093967825589591880e-01 2.654410765859528676e-02
2.113343071328015188e-01 2.401992980722720758e-02
2.132897594007963638e-01 2.180170263297494249e-02
2.152633052458553520e-01 1.984298031724366501e-02
2.172551120857857954e-01 1.808184158043931594e-02
2.192653488874928835e-01 1.645811052241744066e-02
2.212941861813133015e-01 1.492601888313648678e-02
2.233417960754816023e-01 1.346011851863641862e-02
2.254083522707301113e-01 1.205459665451550678e-02
2.274940300750243338e-01 1.071795612404310462e-02
2.295990064184343371e-01 9.465501770035739462e-03
2.317234598681440494e-01 8.311916284648166939e-03
2.338675706435991430e-01 7.266006642984261521e-03
2.360315206317953052e-01 6.328572327947949369e-03
2.382154934027078952e-01 5.492989207825636246e-03
2.404196742248643215e-01 4.747681997390061290e-03
2.426442500810605807e-01 4.079389806135553381e-03
2.448894096842231527e-01 3.475973157867253381e-03
2.471553434934177784e-01 2.928100865869290217e-03
2.494422437300061746e-01 2.429708313465132365e-03
2.517503043939524621e-01 1.977367943377188273e-03
2.540797212802803351e-01 1.569140992891160250e-03
2.564306919956825248e-01 1.203419614411910298e-03
2.588034159752838903e-01 8.781188941440795214e-04
2.611980944995599963e-01 5.904302609768231295e-04
2.636149307114114548e-01 3.369587239969843752e-04
2.660541296333971961e-01 1.141216289038756869e-04
2.685158981851264448e-01 -8.147315962811753852e-05
2.710004452008120124e-01 -2.527796140857068320e-04
2.735079814469859039e-01 -4.022785845278456680e-04
2.760387196403787935e-01 -5.320613302129924890e-04
2.785928744659650347e-01 -6.440090662252823854e-04
2.811706625951746474e-01 -7.398950972430378033e-04
2.837723027042736712e-01 -8.214655084374152807e-04
2.863980154929147148e-01 -8.904419227357460555e-04
2.890480237028591470e-01 -9.483663675681252084e-04
2.917225521368724817e-01 -9.963076231052803589e-04
2.944218276777946230e-01 -1.035159943802141597e-03
2.971460793077864704e-01 -1.065974634508974573e-03
2.998955381277548238e-01 -1.089687523152401598e-03
3.026704373769569245e-01 -1.107047672185555590e-03
3.054710124527861281e-01 -1.118657199487283361e-03
3.082975009307412084e-01 -1.125065093728554177e-03
3.111501425845799029e-01 -1.126793668470533766e-03
3.140291794066590869e-01 -1.124375953962526318e-03
3.169348556284636298e-01 -1.118353602948972099e-03
3.198674177413242115e-01 -1.109282370585383624e-03
3.228271145173279288e-01 -1.097670644991379993e-03
3.258141970304215262e-01 -1.084013812286595832e-03
3.288289186777104134e-01 -1.068724037112088205e-03
3.318715352009545816e-01 -1.052152802465328336e-03
3.349423047082633609e-01 -1.034569649240254813e-03
3.380414876959910719e-01 -1.016183561287523768e-03
3.411693470708350162e-01 -9.971468207601932865e-04
3.443261481721382467e-01 -9.775635527492843643e-04
3.475121587943982293e-01 -9.575320888674002887e-04
3.507276492099854481e-01 -9.371238842845891221e-04
3.539728921920687887e-01 -9.164171393914995276e-04
3.572481630377565276e-01 -8.954894009312532217e-04
3.605537395914496512e-01 -8.744344985967126335e-04
3.638899022684118911e-01 -8.533496031022793716e-04
3.672569340785573067e-01 -8.323359860191942641e-04
3.706551206504586360e-01 -8.114809106858674858e-04
3.740847502555770254e-01 -7.908709840005861405e-04
3.775461138327168009e-01 -7.705610496761734502e-04
3.810395050127058925e-01 -7.505946009754541244e-04
3.845652201433046868e-01 -7.309956970633705838e-04
3.881235583143457513e-01 -7.117679170454367437e-04
3.917148213831057602e-01 -6.929095686628129270e-04
3.953393139999124006e-01 -6.744221450827489169e-04
3.989973436339881996e-01 -6.563199943080607343e-04
4.026892205995331597e-01 -6.385916407118298220e-04
4.064152580820494798e-01 -6.212410219505371152e-04
4.101757721649089694e-01 -6.042988663467848591e-04
4.139710818561669892e-01 -5.876926789666421427e-04
4.178015091156238592e-01 -5.713892489695312441e-04
4.216673788821375668e-01 -5.555085824368739258e-04
4.255690191011881063e-01 -5.401081157668817306e-04
4.295067607526977249e-01 -5.251144873076787206e-04
4.334809378791081858e-01 -5.104305753941508136e-04
4.374918876137179335e-01 -4.960104145653141143e-04
4.415399502092812734e-01 -4.819262831632731368e-04
4.456254690668726703e-01 -4.682722023219698789e-04
4.497487907650175032e-01 -4.550379553068572072e-04
4.539102650890927682e-01 -4.421747451279767747e-04
4.581102450609997878e-01 -4.296394581031693282e-04
4.623490869691112004e-01 -4.174002707062070250e-04
4.666271503984954494e-01 -4.054235059614697402e-04
4.709447982614206052e-01 -3.937003323317814262e-04
4.753023968281406275e-01 -3.822681637884597439e-04
4.797003157579664556e-01 -3.711846253316432808e-04
4.841389281306244796e-01 -3.604583007138039254e-04
4.886186104779052797e-01 -3.500696223943080740e-04
4.931397428156051865e-01 -3.399762733193233632e-04
4.977027086757634389e-01 -3.301634543667341954e-04
