5.023078951391972766e-05 -8.773847551071213763e-05
5.069556928683388889e-05 -9.093933922671260204e-05
5.116464961403767209e-05 -9.425539655657621651e-05
5.163807028806978715e-05 -9.769136148583240750e-05
5.211587146966517408e-05 -1.012516781944255691e-04
5.259809369116105792e-05 -1.049403270148399522e-04
5.308477785993620074e-05 -1.087622450020296773e-04
5.357596526188023334e-05 -1.127223355485333449e-04
5.407169756489686838e-05 -1.168249790814099320e-04
5.457201682243774209e-05 -1.210754376905616122e-04
5.507696547707072019e-05 -1.254790873395573081e-04
5.558658636407947621e-05 -1.300411813323814399e-04
5.610092271509814368e-05 -1.347673183327534330e-04
5.662001816177776272e-05 -1.396634560447066310e-04
5.714391673948855254e-05 -1.447361018854884812e-04
5.767266289105452040e-05 -1.499911447386443090e-04
5.820630147052453362e-05 -1.554346443148254273e-04
5.874487774697638518e-05 -1.610735756005535972e-04
5.928843740835797296e-05 -1.669150041965779372e-04
5.983702656536208243e-05 -1.729656853425603667e-04
6.039069175533898090e-05 -1.792338771548835003e-04
6.094947994624323197e-05 -1.857259258016882430e-04
6.151343854061905325e-05 -1.924508688520638249e-04
6.208261537962046349e-05 -1.994159615863278032e-04
6.265705874707077272e-05 -2.066301151422383735e-04
6.323681737355747149e-05 -2.141025897295469114e-04
6.382194044056716117e-05 -2.218418909380154671e-04
6.441247758465660166e-05 -2.298572907023038140e-04
6.500847890166448447e-05 -2.381582768331247076e-04
6.560999495096006865e-05 -2.467554258713343233e-04
6.621707675973320618e-05 -2.556589165598268667e-04
6.682977582732201624e-05 -2.648791259298419491e-04
6.744814412958265366e-05 -2.744272719827300054e-04
6.807223412329740388e-05 -2.843146354338364919e-04
6.870209875062573948e-05 -2.945535507749570247e-04
6.933779144359432660e-05 -3.051560972840744088e-04
6.997936612863088740e-05 -3.161343665313889862e-04
7.062687723113762230e-05 -3.275010830720301107e-04
7.128037968010938271e-05 -3.392705917243099274e-04
7.193992891279217604e-05 -3.514569978741712507e-04
7.260558087938708525e-05 -3.640736226752867345e-04
7.327739204779548296e-05 -3.771366075324318894e-04
7.395541940841035122e-05 -3.906601770805174893e-04
7.463972047894970900e-05 -4.046606261576550685e-04
7.533035330933708054e-05 -4.191543531373361918e-04
7.602737648662468122e-05 -4.341573779213277607e-04
7.673084913996470135e-05 -4.496872670448852751e-04
7.744083094562397159e-05 -4.657623005285888755e-04
7.815738213204768861e-05 -4.824000767896144512e-04
7.888056348496733539e-05 -4.996197493774579565e-04
7.961043635255848851e-05 -5.174412893059612351e-04
8.034706265064376881e-05 -5.358850293668027684e-04
8.109050486794647857e-05 -5.549713665407739931e-04
8.184082607139033080e-05 -5.747215151843201603e-04
8.259808991145073235e-05 -5.951584269227552142e-04
8.336236062755304006e-05 -6.163043776973555149e-04
8.413370305352336012e-05 -6.381830819011530265e-04
8.491218262308711999e-05 -6.608197302894229996e-04
8.569786537542125422e-05 -6.842380897464799862e-04
8.649081796075497601e-05 -7.084645203588293885e-04
8.729110764602517904e-05 -7.335265733996167116e-04
8.809880232058136021e-05 -7.594509983966893796e-04
8.891397050194612133e-05 -7.862646727952772325e-04
8.973668134162622167e-05 -8.139976108036786921e-04
9.056700463098011755e-05 -8.426811877098454610e-04
9.140501080713702852e-05 -8.723458942544441057e-04
9.225077095897366963e-05 -9.030227212352512790e-04
9.310435683314326931e-05 -9.347454122583351722e-04
9.396584084016341878e-05 -9.675470621340543287e-04
9.483529606055720999e-05 -1.001462825798118961e-03
9.571279625105427573e-05 -1.036528718375169566e-03
9.659841585084609408e-05 -1.072781426487049317e-03
9.749222998790226565e-05 -1.110259414481864354e-03
9.839431448534213939e-05 -1.149001146876671388e-03
9.930474586786856308e-05 -1.189046532683284011e-03
1.002236013682579583e-04 -1.230441471394279167e-03
1.011509589339134820e-04 -1.273225249724714873e-03
1.020868972334763565e-04 -1.317443026131121745e-03
1.030314956634999056e-04 -1.363138575488802729e-03
1.039848343551846730e-04 -1.410360232481439957e-03
1.049469941811760989e-04 -1.459146722773800586e-03
1.059180567624249856e-04 -1.509556017664240735e-03
1.068981044751114967e-04 -1.561643686464868818e-03
1.078872204576332200e-04 -1.615449423786396521e-03
1.088854886176578347e-04 -1.671033548700010711e-03
1.098929936392411427e-04 -1.728463381151523282e-03
1.109098209900108428e-04 -1.787772774881697842e-03
1.119360569284168759e-04 -1.849025257340415054e-03
1.129717885110487723e-04 -1.912285334525773949e-03
1.140171036000207905e-04 -1.977616584013592010e-03
1.150720908704253189e-04 -2.045081722877477737e-03
1.161368398178552329e-04 -2.114733903757172549e-03
1.172114407659959940e-04 -2.186638235391350372e-03
1.182959848742878010e-04 -2.260869138073572527e-03
1.193905641456587704e-04 -2.337495814748651122e-03
1.204952714343296340e-04 -2.416585869672974000e-03
1.216102004536906569e-04 -2.498210214558791581e-03
1.227354457842514009e-04 -2.582439185356857642e-03
1.238711028816641597e-04 -2.669359429211703560e-03
1.250172680848214582e-04 -2.759040241203822037e-03
1.261740386240286192e-04 -2.851568888903084457e-03
1.273415126292519537e-04 -2.947029974815070560e-03
1.285197891384430753e-04 -3.045474706431489532e-03
1.297089681059405996e-04 -3.147011302042953922e-03
1.309091504109491746e-04 -3.251739825470070788e-03
1.321204378660972237e-04 -3.359733543603892966e-03
1.333429332260738904e-04 -3.471075668453879170e-03
1.345767401963456707e-04 -3.585868364277718968e-03
1.358219634419540367e-04 -3.704202103033634331e-03
1.370787085963940223e-04 -3.826177411838872083e-03
1.383470822705754793e-04 -3.951887545014315210e-03
1.396271920618667869e-04 -4.081431153618607366e-03
1.409191465632225878e-04 -4.214916498196439806e-03
1.422230553723956845e-04 -4.352451565344552659e-03
1.435390291012344252e-04 -4.494142375502701431e-03
1.448671793850660400e-04 -4.640077929402897788e-03
1.462076188921666593e-04 -4.790380602800467860e-03
1.475604613333191787e-04 -4.945151900150527094e-03
1.489258214714593792e-04 -5.104532645817629576e-03
1.503038151314114394e-04 -5.268631231621618768e-03
1.516945592097134355e-04 -5.437540111122669481e-03
1.530981716845337536e-04 -5.611402040021010520e-03
1.545147716256794134e-04 -5.790321931722577746e-03
1.559444792046967400e-04 -5.974406994951692897e-03
1.573874157050656830e-04 -6.163786951380634954e-03
1.588437035324884346e-04 -6.358644603531113208e-03
1.603134662252731857e-04 -6.559078879381978130e-03
1.617968284648140247e-04 -6.765163685292923355e-03
1.632939160861678171e-04 -6.977057927225236746e-03
1.648048560887287726e-04 -7.194954079387582378e-03
1.663297766470021616e-04 -7.418978064204404498e-03
1.678688071214772372e-04 -7.649192706612462089e-03
1.694220780696011769e-04 -7.885737929270053570e-03
1.709897212568543161e-04 -8.128797336114398572e-03
1.725718696679280292e-04 -8.378503863163036525e-03
1.741686575180057981e-04 -8.634994922412847496e-03
1.757802202641489621e-04 -8.898441199719246339e-03
1.774066946167876340e-04 -9.168957480222358555e-03
1.790482185513179233e-04 -9.446667979559252026e-03
1.807049313198065489e-04 -9.731725500951188615e-03
1.823769734628037913e-04 -1.002426906565290904e-02
1.840644868212656232e-04 -1.032448405112839328e-02
1.857676145485861856e-04 -1.063250464944435689e-02
1.874865011227416648e-04 -1.094843269235245588e-02
1.892212923585465481e-04 -1.127244103441569188e-02
1.909721354200231774e-04 -1.160466654569353162e-02
1.927391788328858225e-04 -1.194523722288192563e-02
1.945225724971402217e-04 -1.229433643944911024e-02
1.963224676997998364e-04 -1.265210159660186059e-02
1.981390171277196339e-04 -1.301864069917146698e-02
1.999723748805486438e-04 -1.339414042726652480e-02
2.018226964838024009e-04 -1.377872933298698865e-02
2.036901389020562758e-04 -1.417252854767702200e-02
2.055748605522610226e-04 -1.457571676667739069e-02
2.074770213171813838e-04 -1.498841757691749682e-02
2.093967825589591067e-04 -1.541075025050393614e-02
2.113343071328014028e-04 -1.584282465850741714e-02
2.132897594007962582e-04 -1.628475281717203446e-02
2.152633052458552464e-04 -1.673672594735371721e-02
2.172551120857856867e-04 -1.719885739587579884e-02
2.192653488874927710e-04 -1.767119626399257792e-02
2.212941861813132042e-04 -1.815384669985832533e-02
2.233417960754814700e-04 -1.864699767680429512e-02
2.254083522707299957e-04 -1.915074484441826874e-02
2.274940300750242182e-04 -1.966512933222183679e-02
2.295990064184342335e-04 -2.019028558320715497e-02
2.317234598681439486e-04 -2.072636770040117357e-02
2.338675706435990400e-04 -2.127340939989029456e-02
2.360315206317952072e-04 -2.183153944931833651e-02
2.382154934027077783e-04 -2.240087852623654299e-02
2.404196742248642152e-04 -2.298145388211410983e-02
2.426442500810604638e-04 -2.357335490127609318e-02
2.448894096842230486e-04 -2.417662870036958039e-02
2.471553434934176704e-04 -2.479133743864053718e-02
2.494422437300060683e-04 -2.541752546302367480e-02
2.517503043939523389e-04 -2.605517178279652055e-02
2.540797212802799600e-04 -2.670439037143174099e-02
2.564306919956823639e-04 -2.736520480290841051e-02
2.588034159752835108e-04 -2.803752282479262184e-02
2.611980944995598449e-04 -2.872133683630511553e-02
2.636149307114110576e-04 -2.941665529326847883e-02
2.660541296333970591e-04 -3.012347809838041360e-02
2.685158981851260332e-04 -3.084183190277125369e-02
2.710004452008118992e-04 -3.157170662041743764e-02
2.735079814469854585e-04 -3.231306294768730020e-02
2.760387196403786352e-04 -3.306577616706340289e-02
2.785928744659646244e-04 -3.382980577008182915e-02
2.811706625951744943e-04 -3.460508948871033469e-02
2.837723027042732206e-04 -3.539160594422096490e-02
2.863980154929145596e-04 -3.618921804124538427e-02
2.890480237028587147e-04 -3.699767430360952070e-02
2.917225521368723654e-04 -3.781683741673433352e-02
2.944218276777941460e-04 -3.864670213447314595e-02
2.971460793077862809e-04 -3.948706082096466868e-02
2.998955381277543806e-04 -4.033762216281305824e-02
3.026704373769567558e-04 -4.119812742685367152e-02
3.054710124527856862e-04 -4.206846369634672372e-02
3.082975009307410805e-04 -4.294847142331754269e-02
3.111501425845793981e-04 -4.383791192884322480e-02
3.140291794066589742e-04 -4.473648143732973648e-02
3.169348556284631532e-04 -4.564393955287187471e-02
3.198674177413240549e-04 -4.655994004074264642e-02
3.228271145173274015e-04 -4.748408608474954246e-02
3.258141970304213376e-04 -4.841613564589997837e-02
3.288289186777098899e-04 -4.935568403188825282e-02
3.318715352009544311e-04 -5.030213667138385553e-02
3.349423047082628730e-04 -5.125511310323077607e-02
3.380414876959908759e-04 -5.221419318908002843e-02
3.411693470708344737e-04 -5.317886517013029751e-02
3.443261481721376959e-04 -5.414849797107329499e-02
3.475121587943980571e-04 -5.512279710257324966e-02
3.507276492099853089e-04 -5.610132242892870713e-02
3.539728921920686291e-04 -5.708326629028324939e-02
3.572481630377563155e-04 -5.806806586106303542e-02
3.605537395914494461e-04 -5.905509426003154039e-02
3.638899022684116756e-04 -6.004351944494621535e-02
3.672569340785571189e-04 -6.103260772839708831e-02
3.706551206504584361e-04 -6.202164183374979378e-02
3.740847502555768537e-04 -6.300963764765329933e-02
3.775461138327166157e-04 -6.399566627816948017e-02
3.810395050127056535e-04 -6.497897251951144371e-02
3.845652201433044800e-04 -6.595868886481423554e-02
3.881235583143455314e-04 -6.693381197322385845e-02
3.917148213831055581e-04 -6.790340520892616805e-02
3.953393139999122029e-04 -6.886637972525304352e-02
3.989973436339879658e-04 -6.982158973446223049e-02
4.026892205995329641e-04 -7.076785606186798694e-02
4.064152580820493067e-04 -7.170385864599281012e-02
4.101757721649087638e-04 -7.262828983307517694e-02
4.139710818561667671e-04 -7.353983181745125941e-02
4.178015091156236623e-04 -7.443710997397195994e-02
4.216673788821373339e-04 -7.531892258508349203e-02
4.255690191011879072e-04 -7.618382638402244889e-02
4.295067607526975085e-04 -7.703031165577964301e-02
4.334809378791080114e-04 -7.785706440740083889e-02
4.374918876137176907e-04 -7.866243986555990220e-02
4.415399502092810661e-04 -7.944466390830921820e-02
4.456254690668724240e-04 -8.020190981945501951e-02
4.497487907650172460e-04 -8.093240519198253990e-02
4.539102650890925188e-04 -8.163449015996475377e-02
4.581102450609995588e-04 -8.230648284554167859e-02
4.623490869691109775e-04 -8.294673295170885974e-02
4.666271503984952018e-04 -8.355364869183240506e-02
4.709447982614203398e-04 -8.412544128637115814e-02
4.753023968281404267e-04 -8.466013494647006699e-02
4.797003157579662197e-04 -8.515577462120441088e-02
4.841389281306242276e-04 -8.561041151961193418e-02
4.886186104779050065e-04 -8.602210310682750771e-02
4.931397428156048934e-04 -8.638890921548030011e-02
4.977027086757631865e-04 -8.670926568329499762e-02
5.023078951391972630e-04 -8.698170085147430286e-02
5.069556928683394310e-04 -8.720451465642853339e-02
5.116464961403767615e-04 -8.737587483852188308e-02
5.163807028806984001e-04 -8.749402333153692701e-02
5.211587146966517679e-04 -8.755707390320675854e-02
5.259809369116111213e-04 -8.756327431527978489e-02
5.308477785993620480e-04 -8.751126928785762926e-02
5.357596526188028755e-04 -8.739991277386036095e-02
5.407169756489687380e-04 -8.722810431103794615e-02
5.457201682243779765e-04 -8.699478733670369668e-02
5.507696547707071613e-04 -8.669883693430384397e-02
5.558658636407953855e-04 -8.633883664723601692e-02
5.610092271509814097e-04 -8.591351957372808656e-02
5.662001816177782100e-04 -8.542212850837263560e-02
5.714391673948855796e-04 -8.486434662214671631e-02
5.767266289105457732e-04 -8.423997907417496434e-02
5.820630147052453362e-04 -8.354895374637219541e-02
5.874487774697645295e-04 -8.279101633754308576e-02
5.928843740835797703e-04 -8.196608810892408448e-02
5.983702656536214748e-04 -8.107400320041809050e-02
6.039069175533897955e-04 -8.011472197624304459e-02
6.094947994624330245e-04 -7.908906044382377210e-02
6.151343854061905054e-04 -7.799831214927933909e-02
6.208261537962052583e-04 -7.684371077842001851e-02
6.265705874707077272e-04 -7.562624872091902595e-02
6.323681737355754196e-04 -7.434698100942439825e-02
6.382194044056716930e-04 -7.300707945635961926e-02
6.441247758465667213e-04 -7.160829010423690189e-02
6.500847890166448718e-04 -7.015314984663846565e-02
6.560999495096013099e-04 -6.864441827683462338e-02
6.621707675973320618e-04 -6.708479239889243717e-02
6.682977582732208943e-04 -6.547675354421458871e-02
6.744814412958265908e-04 -6.382283986712855572e-02
6.807223412329747435e-04 -6.212622936173656935e-02
6.870209875062573135e-04 -6.039100608697021977e-02
6.933779144359439707e-04 -5.862169005012388134e-02
6.997936612863087926e-04 -5.682260424302000568e-02
7.062687723113768735e-04 -5.499794598632630482e-02
7.128037968010938813e-04 -5.315204594901085794e-02
7.193992891279217062e-04 -5.128986304647417671e-02
7.260558087938709338e-04 -4.941731983144135448e-02
7.327739204779548567e-04 -4.754080378036010246e-02
7.395541940841035122e-04 -4.566627963368715543e-02
7.463972047894970900e-04 -4.379956210278199147e-02
7.533035330933707512e-04 -4.194676499012663096e-02
7.602737648662468394e-04 -4.011484528755225598e-02
7.673084913996469593e-04 -3.831159800908098129e-02
7.744083094562396888e-04 -3.654464401024171832e-02
7.815738213204768319e-04 -3.482097989372213986e-02
7.888056348496733268e-04 -3.314748578664778594e-02
7.961043635255849122e-04 -3.153162865673472814e-02
8.034706265064376881e-04 -2.998170505806009925e-02
8.109050486794647586e-04 -2.850581950520176058e-02
8.184082607139033351e-04 -2.711110813524691271e-02
8.259808991145073777e-04 -2.580404961083224494e-02
8.336236062755303464e-04 -2.459136637430930569e-02
8.413370305352335741e-04 -2.348037704258609804e-02
8.491218262308711457e-04 -2.247779804438626919e-02
8.569786537542125422e-04 -2.158878608487210110e-02
8.649081796075497059e-04 -2.081743329987313998e-02
8.729110764602518446e-04 -2.016783035579049893e-02
8.809880232058135479e-04 -1.964416886708698212e-02
8.891397050194612675e-04 -1.924922579950214679e-02
8.973668134162622167e-04 -1.898360019926611728e-02
9.056700463098011755e-04 -1.884660216045013284e-02
9.140501080713703394e-04 -1.883756204787568819e-02
9.225077095897367234e-04 -1.895514963928692995e-02
9.310435683314326931e-04 -1.919545732738371993e-02
9.396584084016341336e-04 -1.955212732274119389e-02
9.483529606055720457e-04 -2.001816451578467340e-02
9.571279625105428386e-04 -2.058657010449955332e-02
9.659841585084609408e-04 -2.124817756817336950e-02
9.749222998790225752e-04 -2.199064027855964290e-02
9.839431448534212855e-04 -2.280042618635396562e-02
9.930474586786856850e-04 -2.366451238539751464e-02
1.002236013682579474e-03 -2.456862991194616597e-02
1.011509589339135715e-03 -2.549515189461891776e-02
1.020868972334763565e-03 -2.642536380374792618e-02
1.030314956635000221e-03 -2.734188689794295885e-02
1.039848343551846811e-03 -2.822703563922525014e-02
1.049469941811762182e-03 -2.906033802497055840e-02
1.059180567624249964e-03 -2.982147193693124310e-02
1.068981044751116105e-03 -3.049284933980826034e-02
1.078872204576332037e-03 -3.105736121401668839e-02
1.088854886176579377e-03 -3.149687314976779701e-02
1.098929936392411318e-03 -3.179528343581654315e-02
1.109098209900109648e-03 -3.194053715903955037e-02
1.119360569284168650e-03 -3.192268598507231464e-02
1.129717885110488942e-03 -3.173225175504099105e-02
1.140171036000207959e-03 -3.136459272382313701e-02
1.150720908704254246e-03 -3.082093724266395454e-02
1.161368398178552275e-03 -3.010384232128274218e-02
1.172114407659961268e-03 -2.921884789078794259e-02
1.182959848742877983e-03 -2.817883787747033422e-02
1.193905641456588897e-03 -2.700089555527215163e-02
1.204952714343296340e-03 -2.570289695086255821e-02
1.216102004536907897e-03 -2.430783385950928410e-02
1.227354457842514063e-03 -2.284421771901602727e-02
1.238711028816642844e-03 -2.134044443980115044e-02
1.250172680848214528e-03 -1.982566413167454605e-02
1.261740386240287493e-03 -1.833312334536460475e-02
1.273415126292519375e-03 -1.689456177724429908e-02
1.285197891384430753e-03 -1.553785796700755430e-02
1.297089681059406105e-03 -1.429172422173518101e-02
1.309091504109491638e-03 -1.318148845186169378e-02
1.321204378660972237e-03 -1.222494465484393403e-02
1.333429332260738795e-03 -1.143686151270431606e-02
1.345767401963456761e-03 -1.082708809776192563e-02
1.358219634419540259e-03 -1.039605393443547229e-02
1.370787085963940223e-03 -1.013937084029549809e-02
1.383470822705754793e-03 -1.004737900640052806e-02
1.396271920618668031e-03 -1.010153910202129385e-02
1.409191465632225878e-03 -1.027966430546604047e-02
1.422230553723956683e-03 -1.055630268584403092e-02
1.435390291012344360e-03 -1.090018521363006129e-02
1.448671793850660455e-03 -1.128037839651732828e-02
1.462076188921666809e-03 -1.166638326709039733e-02
1.475604613333191895e-03 -1.202684726455944750e-02
1.489258214714593792e-03 -1.233625991844033293e-02
1.503038151314114394e-03 -1.257299282287539788e-02
1.516945592097134138e-03 -1.271984879828818964e-02
1.530981716845337699e-03 -1.276951498423732449e-02
1.545147716256794297e-03 -1.272009163106761764e-02
1.559444792046967400e-03 -1.257761573802475101e-02
1.573874157050656830e-03 -1.235745879249648335e-02
1.588437035324884346e-03 -1.207902958401841330e-02
1.603134662252731803e-03 -1.176877374964467766e-02
1.617968284648140355e-03 -1.145605689867277253e-02
1.632939160861678063e-03 -1.117021508910528114e-02
1.648048560887287834e-03 -1.094125032165737220e-02
1.663297766470021562e-03 -1.079299706935313644e-02
1.678688071214772372e-03 -1.074362694500674911e-02
1.694220780696011714e-03 -1.080273108098896498e-02
1.709897212568543216e-03 -1.096878087470717911e-02
1.725718696679280238e-03 -1.123065334341947705e-02
1.741686575180057981e-03 -1.156543468338425314e-02
1.757802202641489675e-03 -1.194248789477440204e-02
1.774066946167876394e-03 -1.232445208296828118e-02
1.790482185513179178e-03 -1.267184203260619119e-02
1.807049313198065598e-03 -1.294772769583350108e-02
1.823769734628038130e-03 -1.312128528481441327e-02
1.840644868212656287e-03 -1.317381178941427755e-02
1.857676145485861801e-03 -1.309983382662614770e-02
1.874865011227416648e-03 -1.291081960154206142e-02
1.892212923585465589e-03 -1.263305375891577917e-02
1.909721354200231936e-03 -1.230613630504098083e-02
1.927391788328858225e-03 -1.197727572012553462e-02
1.945225724971402000e-03 -1.169513600171177663e-02
1.963224676997998418e-03 -1.150245169365716850e-02
1.981390171277196393e-03 -1.142860256063752550e-02
1.999723748805486492e-03 -1.148472445790663793e-02
2.018226964838023847e-03 -1.166025676463740106e-02
2.036901389020562975e-03 -1.192412842052123154e-02
2.055748605522610389e-03 -1.222878118722393014e-02
2.074770213171814055e-03 -1.251809181637022345e-02
2.093967825589591013e-03 -1.273685798289045205e-02
2.113343071328013974e-03 -1.284110423190018037e-02
2.132897594007962527e-03 -1.280623567188667045e-02
2.152633052458552410e-03 -1.263201633359057122e-02
2.172551120857856705e-03 -1.234202019202158308e-02
2.192653488874927656e-03 -1.197836890566725439e-02
2.212941861813132096e-03 -1.159169902547387172e-02
2.233417960754814809e-03 -1.122915634315328759e-02
2.254083522707299794e-03 -1.092248631855068444e-02
2.274940300750242020e-03 -1.068010845866402408e-02
2.295990064184342226e-03 -1.048525392487003639e-02
2.317234598681439540e-03 -1.030115279807988782e-02
2.338675706435990129e-03 -1.008256752719683888e-02
2.360315206317949686e-03 -9.790993903621883487e-03
2.382154934027077946e-03 -9.409199452807192818e-03
2.404196742248639659e-03 -8.950565547345410919e-03
2.426442500810604367e-03 -8.459817040446447958e-03
2.448894096842227884e-03 -8.003656616007225749e-03
2.471553434934176379e-03 -7.652999757578032164e-03
2.494422437300057756e-03 -7.461613709021688336e-03
2.517503043939523389e-03 -7.447344081109598911e-03
2.540797212802799708e-03 -7.582798582633828305e-03
2.564306919956823531e-03 -7.799131890488353140e-03
2.588034159752835000e-03 -8.003512502963739186e-03
2.611980944995598557e-03 -8.105626152211322863e-03
2.636149307114110576e-03 -8.044964290382676173e-03
2.660541296333970591e-03 -7.809530563941849239e-03
2.685158981851260441e-03 -7.439035511125688740e-03
2.710004452008118667e-03 -7.010313926552953073e-03
2.735079814469854910e-03 -6.609829741767109766e-03
2.760387196403786460e-03 -6.303207792222445538e-03
2.785928744659646027e-03 -6.113879480348347051e-03
2.811706625951745052e-03 -6.019863972227745656e-03
2.837723027042732531e-03 -5.970465375817877139e-03
2.863980154929145813e-03 -5.915796865332288539e-03
2.890480237028587255e-03 -5.835310312245996223e-03
2.917225521368723654e-03 -5.750699232288467716e-03
2.944218276777941460e-03 -5.714689545036714773e-03
2.971460793077862917e-03 -5.778717429429363651e-03
2.998955381277543589e-03 -5.954473942450642758e-03
3.026704373769567667e-03 -6.189690435379949403e-03
3.054710124527856754e-03 -6.374506321856764600e-03
3.082975009307410696e-03 -6.381940727745876590e-03
3.111501425845793981e-03 -6.127081707957767430e-03
3.140291794066589742e-03 -5.616862414169180966e-03
3.169348556284631423e-03 -4.962955165475232272e-03
3.198674177413240657e-03 -4.344835904412205733e-03
3.228271145173274449e-03 -3.935687801755815597e-03
3.258141970304213268e-03 -3.825276293791669228e-03
3.288289186777099225e-03 -3.979433653942012622e-03
3.318715352009544203e-03 -4.260450692948996622e-03
3.349423047082628838e-03 -4.500101664861267878e-03
3.380414876959908759e-03 -4.587373668786397414e-03
3.411693470708344628e-03 -4.521799614896519943e-03
3.443261481721380645e-03 -4.401451185305223224e-03
3.475121587943980680e-03 -4.353153410139812100e-03
3.507276492099856667e-03 -4.448164681909527220e-03
3.539728921920686291e-03 -4.657558856502977927e-03
3.572481630377566733e-03 -4.875748870691571854e-03
3.605537395914494569e-03 -4.995291683352531473e-03
3.638899022684120767e-03 -4.979958042543414579e-03
3.672569340785571297e-03 -4.883860904386107087e-03
3.706551206504587938e-03 -4.803880274008178949e-03
3.740847502555768103e-03 -4.803301682203440712e-03
3.775461138327169952e-03 -4.867844303544213713e-03
3.810395050127056860e-03 -4.929190442473226422e-03
3.845652201433048811e-03 -4.934704484707469301e-03
3.881235583143455205e-03 -4.899960125863959959e-03
3.917148213831059267e-03 -4.892962605960309540e-03
3.953393139999122029e-03 -4.959158702396927049e-03
3.989973436339883453e-03 -5.055787290026292000e-03
4.026892205995329967e-03 -5.064664700227694376e-03
4.064152580820497296e-03 -4.885440198821962808e-03
4.101757721649087855e-03 -4.531297834671280979e-03
4.139710818561672008e-03 -4.133905313521366205e-03
4.178015091156236406e-03 -3.839900779049938533e-03
4.216673788821373448e-03 -3.685957219077448579e-03
4.255690191011879397e-03 -3.570965066885488631e-03
4.295067607526975410e-03 -3.359081510731751468e-03
4.334809378791079464e-03 -3.017249590599585356e-03
4.374918876137176907e-03 -2.647230810775401226e-03
4.415399502092810444e-03 -2.372848294411525859e-03
4.456254690668724240e-03 -2.197044908854351580e-03
4.497487907650172569e-03 -1.986144791137263790e-03
4.539102650890925079e-03 -1.609216713166708749e-03
4.581102450609995588e-03 -1.086011849958441744e-03
4.623490869691109124e-03 -5.759491509866933876e-04
4.666271503984952343e-03 -2.142820877140187393e-04
4.709447982614203831e-03 1.888626494384751947e-05
4.753023968281404159e-03 2.455235950618576859e-04
4.797003157579662197e-03 5.267079750351022016e-04
4.841389281306242819e-03 8.090446165064189149e-04
4.886186104779049848e-03 1.061885603143189298e-03
4.931397428156049367e-03 1.419242384580276942e-03
4.977027086757631648e-03 2.098946605647662635e-03
5.023078951391972413e-03 3.154032503690720399e-03
5.069556928683393443e-03 4.367918732547908765e-03
5.116464961403767615e-03 5.460414835036398774e-03
5.163807028806984001e-03 6.365501031913964498e-03
5.211587146966517245e-03 7.221786829972575913e-03
5.259809369116111646e-03 8.097910088019513383e-03
5.308477785993619830e-03 8.860196281535791946e-03
5.357596526188028972e-03 9.400176617577015240e-03
5.407169756489686729e-03 9.891625564363341894e-03
5.457201682243779765e-03 1.064717006456041004e-02
5.507696547707071830e-03 1.171337327645362129e-02
5.558658636407953421e-03 1.277527843721130291e-02
5.610092271509814314e-03 1.353805773578433194e-02
5.662001816177782317e-03 1.406265161150562458e-02
5.714391673948855145e-03 1.461147905542389130e-02
5.767266289105458382e-03 1.530778755123652149e-02
5.820630147052453796e-03 1.614037443841504285e-02
5.874487774697644861e-03 1.719497170741856457e-02
5.928843740835797703e-03 1.859256181218417459e-02
5.983702656536214748e-03 2.018572916547745413e-02
6.039069175533898388e-03 2.159658796600026631e-02
6.094947994624329811e-03 2.264955739468767562e-02
6.151343854061904620e-03 2.353988772363300314e-02
6.208261537962052150e-03 2.448972724280162189e-02
6.265705874707076621e-03 2.548231058432949905e-02
6.323681737355753979e-03 2.643462816450250705e-02
6.382194044056716496e-03 2.736415230279109004e-02
6.441247758465666780e-03 2.826164379423189849e-02
6.500847890166448935e-03 2.906522102145258843e-02
6.560999495096013316e-03 2.986636372855941413e-02
6.621707675973320835e-03 3.085636691848784446e-02
6.682977582732208509e-03 3.198934610752020291e-02
6.744814412958265691e-03 3.300371517259276244e-02
6.807223412329747002e-03 3.382209881171235888e-02
6.870209875062573135e-03 3.462844966917372203e-02
6.933779144359439491e-03 3.555072178765804336e-02
6.997936612863088143e-03 3.651385230482384614e-02
7.062687723113769168e-03 3.734307224176570961e-02
7.128037968010938162e-03 3.791148491763275674e-02
7.193992891279224651e-03 3.837468748126398460e-02
7.260558087938708688e-03 3.919198592992647473e-02
7.327739204779555940e-03 4.060717647347328318e-02
7.395541940841034688e-03 4.231421764455359225e-02
7.463972047894978923e-03 4.389047469124603834e-02
7.533035330933707946e-03 4.514094887150384150e-02
7.602737648662476200e-03 4.592969526455893681e-02
7.673084913996469809e-03 4.629753377412140769e-02
7.744083094562404478e-03 4.662575777817912909e-02
7.815738213204768969e-03 4.706436116887182525e-02
7.888056348496741074e-03 4.721262654739925152e-02
7.961043635255848905e-03 4.684375755112794165e-02
8.034706265064384470e-03 4.636353252122007995e-02
8.109050486794647586e-03 4.624793293579419068e-02
8.184082607139040941e-03 4.641592624404754230e-02
8.259808991145072693e-03 4.629989622235827773e-02
8.336236062755311704e-03 4.555102588112622947e-02
8.413370305352335307e-03 4.449718594652486703e-02
8.491218262308719913e-03 4.362527941708909535e-02
8.569786537542124771e-03 4.306854079795918028e-02
8.649081796075507034e-03 4.278706585801196616e-02
8.729110764602518446e-03 4.264777517761311060e-02
8.809880232058144370e-03 4.250054631988235687e-02
8.891397050194612892e-03 4.237976589303126679e-02
8.973668134162631274e-03 4.213305476778789888e-02
9.056700463098012188e-03 4.128461896602572678e-02
9.140501080713712284e-03 3.977481912520379470e-02
9.225077095897368101e-03 3.819775771119959112e-02
9.310435683314336255e-03 3.699890969398758611e-02
9.396584084016341987e-03 3.608792731534182785e-02
9.483529606055730865e-03 3.553431345070105080e-02
9.571279625105427735e-03 3.546162600903631640e-02
9.659841585084620250e-03 3.503459596802931814e-02
9.749222998790225969e-03 3.321923138579847140e-02
9.839431448534224564e-03 3.016531383586152151e-02
9.930474586786856850e-03 2.682232927266478550e-02
1.002236013682581035e-02 2.378609166161732222e-02
1.011509589339136365e-02 2.077853303432344520e-02
1.020868972334764216e-02 1.755606899014407196e-02
1.030314956634999571e-02 1.428838721928741076e-02
1.039848343551847375e-02 1.051568680400606637e-02
1.049469941811761488e-02 5.821429364201774134e-03
1.059180567624250398e-02 1.065112198870909977e-03
1.068981044751115585e-02 -2.768679904168047309e-03
1.078872204576332774e-02 -6.023555490864778393e-03
1.088854886176578857e-02 -9.559353196487220192e-03
1.098929936392411925e-02 -1.372274560930429078e-02
1.109098209900108954e-02 -1.881129116756706868e-02
1.119360569284169257e-02 -2.491442674750915867e-02
1.129717885110488422e-02 -3.116627907294690358e-02
1.140171036000208610e-02 -3.646092664699802921e-02
1.150720908704253725e-02 -4.100191040011957888e-02
1.161368398178552926e-02 -4.592339708171266216e-02
1.172114407659960618e-02 -5.194588481668201141e-02
1.182959848742878677e-02 -5.919437653023721518e-02
1.193905641456588333e-02 -6.693409732504683463e-02
1.204952714343296948e-02 -7.369614614556518895e-02
1.216102004536907116e-02 -7.921639653998009678e-02
1.227354457842514714e-02 -8.499706994767464163e-02
1.238711028816642280e-02 -9.250621474726804239e-02
1.250172680848215222e-02 -1.019798232050254660e-01
1.261740386240286886e-02 -1.121486682781896865e-01
1.273415126292520155e-02 -1.210138007193309329e-01
1.285197891384431447e-02 -1.284484591282405719e-01
1.297089681059406668e-02 -1.370208364457663197e-01
1.309091504109492245e-02 -1.485015617919232533e-01
1.321204378660972845e-02 -1.620099416816087046e-01
1.333429332260739446e-02 -1.753368715267375477e-01
1.345767401963457455e-02 -1.867768318092108415e-01
1.358219634419540953e-02 -1.974404686382306429e-01
1.370787085963940874e-02 -2.102967907172772766e-01
1.383470822705755443e-02 -2.261559080872496963e-01
1.396271920618668769e-02 -2.429709197321305303e-01
1.409191465632226616e-02 -2.585858680095642348e-01
1.422230553723957507e-02 -2.734524052736503341e-01
1.435390291012345054e-02 -2.905402635583250182e-01
1.448671793850661235e-02 -3.109248595987444408e-01
1.462076188921667373e-02 -3.317809572911366023e-01
1.475604613333192545e-02 -3.505119686905290854e-01
1.489258214714594616e-02 -3.683432320718990627e-01
1.503038151314115174e-02 -3.886829812720442590e-01
1.516945592097134962e-02 -4.126487561303273099e-01
1.530981716845338306e-02 -4.368031397284172224e-01
1.545147716256795034e-02 -4.586507995217737332e-01
1.559444792046968224e-02 -4.803722992716569773e-01
1.573874157050657654e-02 -5.052960313150758331e-01
1.588437035324885213e-02 -5.326049111547916937e-01
1.603134662252732670e-02 -5.578962682614133639e-01
1.617968284648141006e-02 -5.812923892013347471e-01
1.632939160861678757e-02 -6.077604934954112803e-01
1.648048560887288572e-02 -6.391344810117185471e-01
1.663297766470022560e-02 -6.712514307257528845e-01
1.678688071214773370e-02 -7.001476527539857164e-01
1.694220780696012452e-02 -7.282887174125904917e-01
1.709897212568544170e-02 -7.585934246567661576e-01
1.725718696679280975e-02 -7.886420411949199849e-01
1.741686575180058719e-02 -8.156078943826911010e-01
1.757802202641490716e-02 -8.434224203194846670e-01
1.774066946167877218e-02 -8.767375965358256140e-01
1.790482185513180002e-02 -9.124947218088839129e-01
1.807049313198066595e-02 -9.456516802492686002e-01
1.823769734628039041e-02 -9.779337679303697906e-01
1.840644868212657284e-02 -1.014002357803400978e+00
1.857676145485862712e-02 -1.051673866401011237e+00
1.874865011227417472e-02 -1.086411052656017340e+00
1.892212923585466500e-02 -1.119998855701322293e+00
1.909721354200233021e-02 -1.155429733552046478e+00
1.927391788328858963e-02 -1.189649363756096756e+00
1.945225724971403128e-02 -1.220936384409202935e+00
1.963224676997999199e-02 -1.252566547600119762e+00
1.981390171277197521e-02 -1.285590127064534460e+00
1.999723748805487533e-02 -1.316325502758878940e+00
2.018226964838025148e-02 -1.345172928586917616e+00
2.036901389020563669e-02 -1.376200060976515926e+00
2.055748605522611516e-02 -1.408094945426794808e+00
2.074770213171815009e-02 -1.437368471980001505e+00
2.093967825589591880e-02 -1.466391785310889873e+00
2.113343071328015188e-02 -1.496946380070788951e+00
2.132897594007963568e-02 -1.525670211002570609e+00
2.152633052458553450e-02 -1.552922772061497092e+00
2.172551120857858092e-02 -1.581834099562670515e+00
2.192653488874928697e-02 -1.609216715985840374e+00
2.212941861813133224e-02 -1.630012701537665309e+00
2.233417960754816023e-02 -1.645053076060078556e+00
2.254083522707301182e-02 -1.656422432407577361e+00
2.274940300750243408e-02 -1.665269786628927440e+00
2.295990064184343440e-02 -1.674893822220837603e+00
2.317234598681440494e-02 -1.686030803562217129e+00
2.338675706435991430e-02 -1.695209065201567000e+00
2.360315206317952982e-02 -1.702281780999995275e+00
2.382154934027079160e-02 -1.708241112901365266e+00
2.404196742248643215e-02 -1.711146957208701025e+00
2.426442500810605668e-02 -1.711730619971711942e+00
2.448894096842231527e-02 -1.710734362119732177e+00
2.471553434934177854e-02 -1.703917033619837929e+00
2.494422437300061746e-02 -1.689504750852443671e+00
2.517503043939524690e-02 -1.671707231247388403e+00
2.540797212802803351e-02 -1.655795085216748008e+00
2.564306919956825179e-02 -1.644104321564946458e+00
2.588034159752838903e-02 -1.632408073640530866e+00
2.611980944995599685e-02 -1.612915942979735284e+00
2.636149307114114479e-02 -1.585035603081855982e+00
2.660541296333971892e-02 -1.553621778697906075e+00
2.685158981851264517e-02 -1.521939843092299460e+00
2.710004452008120401e-02 -1.490569480932064650e+00
2.735079814469858900e-02 -1.457037246586595503e+00
2.760387196403787588e-02 -1.418760633062087662e+00
2.785928744659650277e-02 -1.375988168710301052e+00
2.811706625951746613e-02 -1.329795922652813545e+00
2.837723027042736781e-02 -1.282249463888535335e+00
2.863980154929147287e-02 -1.235286834195709726e+00
2.890480237028591678e-02 -1.189010568186469330e+00
2.917225521368724955e-02 -1.143244597996778911e+00
2.944218276777946230e-02 -1.098941371139531498e+00
2.971460793077864565e-02 -1.057539516008184188e+00
2.998955381277548446e-02 -1.019178804963254414e+00
3.026704373769569315e-02 -9.825639360193731964e-01
3.054710124527861351e-02 -9.453519261573090082e-01
3.082975009307412084e-02 -9.065614820721683564e-01
3.111501425845798752e-02 -8.687640739438484694e-01
3.140291794066590869e-02 -8.359479752741478809e-01
3.169348556284636020e-02 -8.083135666517967666e-01
3.198674177413242392e-02 -7.839187934374614031e-01
3.228271145173278872e-02 -7.630988528856055275e-01
3.258141970304215262e-02 -7.453911005864188866e-01
3.288289186777100526e-02 -7.282734271558550798e-01
3.318715352009542208e-02 -7.116904236568549758e-01
3.349423047082630139e-02 -6.969092782701454825e-01
3.380414876959907111e-02 -6.822351619762527797e-01
3.411693470708346276e-02 -6.664394665261299533e-01
3.443261481721378997e-02 -6.514537327270334410e-01
3.475121587943982154e-02 -6.387076838350256303e-01
3.507276492099854759e-02 -6.269296578024174948e-01
3.539728921920688026e-02 -6.141765967050235586e-01
3.572481630377564998e-02 -6.008954054243057508e-01
3.605537395914496651e-02 -5.883556748286611349e-01
3.638899022684118773e-02 -5.778668598059487627e-01
3.672569340785573205e-02 -5.706532910087608323e-01
3.706551206504585944e-02 -5.670076434993327474e-01
3.740847502555770532e-02 -5.689213605815517383e-01
3.775461138327167870e-02 -5.780478476666557341e-01
3.810395050127058508e-02 -5.934788271784655622e-01
3.845652201433046730e-02 -6.164128626982882109e-01
3.881235583143457374e-02 -6.477794632158077048e-01
3.917148213831057185e-02 -6.884677994545177482e-01
3.953393139999124284e-02 -7.421374503751133611e-01
3.989973436339881718e-02 -8.104795304354052154e-01
4.026892205995331875e-02 -8.906080470573137786e-01
4.064152580820495214e-02 -9.785833525426703705e-01
4.101757721649090110e-02 -1.075056080064738628e+00
4.139710818561669753e-02 -1.182129531132068534e+00
4.178015091156239008e-02 -1.297472289333512219e+00
4.216673788821375529e-02 -1.415001534718409726e+00
4.255690191011881479e-02 -1.529375874396316837e+00
4.295067607526977665e-02 -1.638189246369137875e+00
4.334809378791082413e-02 -1.736790023392820626e+00
4.374918876137179335e-02 -1.819405965955935400e+00
4.415399502092812872e-02 -1.881986606696361530e+00
4.456254690668726842e-02 -1.921517592785225936e+00
4.497487907650175171e-02 -1.937423717725824890e+00
4.539102650890927682e-02 -1.926012929925662753e+00
4.581102450609998017e-02 -1.877196434977006723e+00
4.623490869691111727e-02 -1.787044611070958355e+00
4.666271503984954078e-02 -1.654582695605343323e+00
4.709447982614205913e-02 -1.475408467274372804e+00
4.753023968281406414e-02 -1.252275649559574600e+00
4.797003157579664973e-02 -9.911837124942139976e-01
4.841389281306245074e-02 -6.929025152879471072e-01
4.886186104779052797e-02 -3.552420230371708953e-01
4.931397428156051449e-02 2.243956370088067212e-02
4.977027086757634250e-02 4.401899206483222970e-01
5.023078951391975189e-02 8.922121705929740854e-01
5.069556928683396219e-02 1.365498410653042116e+00
5.116464961403770217e-02 1.851044003649744862e+00
5.163807028806986776e-02 2.347945295647408059e+00
5.211587146966519674e-02 2.848832578858603082e+00
5.259809369116114075e-02 3.339169662905033586e+00
5.308477785993622605e-02 3.813753589514695452e+00
5.357596526188031921e-02 4.271450669494790908e+00
5.407169756489689505e-02 4.708537390626933217e+00
5.457201682243782020e-02 5.110647306328698569e+00
5.507696547707074258e-02 5.460129842179680892e+00
5.558658636407956544e-02 5.749125762164300824e+00
5.610092271509817263e-02 5.972274331436220329e+00
5.662001816177784919e-02 6.127512719313007672e+00
5.714391673948858441e-02 6.222058634080004147e+00
5.767266289105461158e-02 6.255181253717808865e+00
5.820630147052456571e-02 6.211148429942302762e+00
5.874487774697647463e-02 6.079507007018572828e+00
5.928843740835800652e-02 5.860388796932611832e+00
5.983702656536217523e-02 5.555971672596849764e+00
6.039069175533900991e-02 5.176155391461647604e+00
6.094947994624332760e-02 4.734891819774167843e+00
6.151343854061908090e-02 4.248838069302583342e+00
6.208261537962055793e-02 3.735100661936426203e+00
6.265705874707079570e-02 3.206145701422134842e+00
6.323681737355757448e-02 2.677911297318083861e+00
6.382194044056720139e-02 2.162954839951999109e+00
6.441247758465670770e-02 1.660532535922480069e+00
6.500847890166451537e-02 1.175213523161949380e+00
6.560999495096016265e-02 7.244727761611342576e-01
6.621707675973323437e-02 3.322576654887104408e-01
6.682977582732212152e-02 1.841683996281732669e-02
6.744814412958269334e-02 -2.063342947689771889e-01
6.807223412329750645e-02 -3.438187259416713437e-01
6.870209875062577298e-02 -4.077615960807872142e-01
6.933779144359443480e-02 -4.114199410469323581e-01
6.997936612863091266e-02 -3.585708309100894553e-01
7.062687723113772464e-02 -2.513883410991122891e-01
7.128037968010941805e-02 -1.085954826131968892e-01
7.193992891279228641e-02 4.633621350694753366e-02
7.260558087938712157e-02 1.974968929753195268e-01
7.327739204779559756e-02 3.373849981997747993e-01
7.395541940841038331e-02 4.614405643968314541e-01
7.463972047894983086e-02 5.549629974408851751e-01
7.533035330933711415e-02 5.931320302676604816e-01
7.602737648662480363e-02 5.556864440019337881e-01
7.673084913996473799e-02 4.342296018290590642e-01
7.744083094562408121e-02 2.234427265691142361e-01
7.815738213204771745e-02 -7.593378531262263975e-02
7.888056348496745585e-02 -4.569641089382925347e-01
7.961043635255853068e-02 -9.088226136581708525e-01
8.034706265064388286e-02 -1.416104451433016775e+00
8.109050486794652790e-02 -1.955852575282126748e+00
8.184082607139045451e-02 -2.508130985809136515e+00
8.259808991145077550e-02 -3.052926821652341971e+00
8.336236062755317255e-02 -3.567370262081362764e+00
8.413370305352339817e-02 -4.041595695635822771e+00
8.491218262308725118e-02 -4.460672551945318531e+00
8.569786537542128935e-02 -4.806784698616344720e+00
8.649081796075511197e-02 -5.070952742295769866e+00
8.729110764602522610e-02 -5.242144780932715520e+00
8.809880232058149574e-02 -5.311256845815880645e+00
8.891397050194617402e-02 -5.275100612607404926e+00
8.973668134162636478e-02 -5.141484263398632848e+00
9.056700463098016352e-02 -4.922627769998012326e+00
9.140501080713717141e-02 -4.630747554473713556e+00
9.225077095897371571e-02 -4.290121686089764630e+00
9.310435683314341460e-02 -3.925668516290782950e+00
9.396584084016346150e-02 -3.562427693529236716e+00
9.483529606055735028e-02 -3.223244204855997275e+00
9.571279625105433286e-02 -2.926169921686032183e+00
9.659841585084624760e-02 -2.690156625048596872e+00
9.749222998790231520e-02 -2.525847115945523136e+00
9.839431448534229074e-02 -2.428676545658900121e+00
9.930474586786862401e-02 -2.387964734492635799e+00
1.002236013682581001e-01 -2.395918597636280012e+00
1.011509589339136261e-01 -2.444500442546265528e+00
1.020868972334765118e-01 -2.521490033058560343e+00
1.030314956635000612e-01 -2.616448922291664481e+00
1.039848343551848381e-01 -2.731960699460960651e+00
1.049469941811762563e-01 -2.878029602737851356e+00
1.059180567624251473e-01 -3.048538133509263837e+00
1.068981044751116660e-01 -3.231825143663835220e+00
1.078872204576332705e-01 -3.433805852733283093e+00
1.088854886176578857e-01 -3.641784954206935598e+00
1.098929936392411960e-01 -3.819610461974718429e+00
1.109098209900108989e-01 -3.932044808937014135e+00
1.119360569284169327e-01 -3.945121265621115203e+00
1.129717885110488318e-01 -3.844587323619848007e+00
1.140171036000208610e-01 -3.635099759186840807e+00
1.150720908704253725e-01 -3.345590200999119634e+00
1.161368398178553030e-01 -3.028500565455817917e+00
1.172114407659960583e-01 -2.744523676853051430e+00
1.182959848742878711e-01 -2.554313188046795968e+00
1.193905641456588368e-01 -2.505900345899830572e+00
1.204952714343296982e-01 -2.618605497069858234e+00
1.216102004536907116e-01 -2.875299425977341450e+00
1.227354457842514679e-01 -3.227535759976267293e+00
1.238711028816642246e-01 -3.610897661456936802e+00
1.250172680848215256e-01 -3.958305394211954376e+00
1.261740386240287060e-01 -4.215979740523399855e+00
1.273415126292520017e-01 -4.355280074812385216e+00
1.285197891384431412e-01 -4.368384955246639834e+00
1.297089681059406807e-01 -4.266187587225125810e+00
1.309091504109492210e-01 -4.072049226130087796e+00
1.321204378660972845e-01 -3.815566700829736924e+00
1.333429332260739619e-01 -3.529376852091989036e+00
1.345767401963457455e-01 -3.239557907067267095e+00
1.358219634419541022e-01 -2.961675809948067783e+00
1.370787085963940943e-01 -2.700513685147542198e+00
1.383470822705755443e-01 -2.448628771673538651e+00
1.396271920618668561e-01 -2.191732922242089820e+00
1.409191465632226581e-01 -1.917438010378998303e+00
1.422230553723957402e-01 -1.619954886531326466e+00
1.435390291012345054e-01 -1.302036803077380345e+00
1.448671793850661305e-01 -9.715888025545088569e-01
1.462076188921667408e-01 -6.388461872370266859e-01
1.475604613333192650e-01 -3.278183488721788663e-01
1.489258214714594686e-01 -6.866860114129708093e-02
1.503038151314115001e-01 1.235407969998948835e-01
1.516945592097135032e-01 2.417029881120132673e-01
1.530981716845338514e-01 2.844186016260123462e-01
1.545147716256795034e-01 2.658487175726956808e-01
1.559444792046968120e-01 2.086053386863065962e-01
1.573874157050657585e-01 1.355916621377762088e-01
1.588437035324885005e-01 6.789478543532648236e-02
1.603134662252732601e-01 1.959159311810955428e-02
1.617968284648141075e-01 -4.411561240446176466e-03
1.632939160861678896e-01 -4.012718743663846836e-03
1.648048560887288572e-01 1.843021640163199776e-02
1.663297766470022421e-01 5.864077514689620962e-02
1.678688071214773092e-01 1.108047187316500010e-01
1.694220780696012729e-01 1.678504495324479873e-01
1.709897212568544100e-01 2.222320992049421351e-01
1.725718696679281183e-01 2.669938225552575539e-01
1.741686575180058927e-01 2.968854269058314732e-01
1.757802202641490508e-01 3.097298407424240452e-01
1.774066946167877357e-01 3.068181593666980955e-01
1.790482185513180002e-01 2.918691856563438436e-01
1.807049313198066387e-01 2.696459606413327825e-01
1.823769734628039041e-01 2.449882038047037913e-01
1.840644868212657215e-01 2.215345557526163522e-01
1.857676145485862573e-01 2.010637686748638908e-01
1.874865011227417610e-01 1.840605588475175969e-01
1.892212923585466500e-01 1.702875878950827204e-01
1.909721354200232812e-01 1.590852532833079980e-01
1.927391788328859101e-01 1.495993971467576844e-01
1.945225724971403058e-01 1.409872417106794729e-01
1.963224676997999407e-01 1.325743556121278255e-01
1.981390171277197521e-01 1.239454244275061678e-01
1.999723748805487533e-01 1.149642916930835312e-01
2.018226964838024939e-01 1.057296461671312637e-01
2.036901389020563946e-01 9.649228777843808780e-02
2.055748605522611239e-01 8.755863681260445119e-02
2.074770213171814870e-01 7.920307414158836434e-02
2.093967825589591880e-01 7.160861371361207373e-02
2.113343071328015188e-01 6.484250345494164958e-02
2.132897594007963638e-01 5.886411806208434461e-02
2.152633052458553520e-01 5.355673611651274452e-02
2.172551120857857954e-01 4.876917819479201915e-02
2.192653488874928835e-01 4.435625613821358310e-02
2.212941861813133015e-01 4.020811911682453665e-02
2.233417960754816023e-01 3.626344455079111989e-02
2.254083522707301113e-01 3.250699097652833686e-02
2.274940300750243338e-01 2.895661797598108114e-02
2.295990064184343371e-01 2.564542366463311296e-02
2.317234598681440494e-01 2.260429000916898065e-02
2.338675706435991430e-01 1.984980300467268158e-02
2.360315206317953052e-01 1.737975427518932345e-02
2.382154934027078952e-01 1.517492549456958377e-02
2.404196742248643215e-01 1.320516422908973690e-02
2.426442500810605807e-01 1.143713697066294811e-02
2.448894096842231527e-01 9.840790162075362113e-03
2.471553434934177784e-01 8.393120596944378051e-03
2.494422437300061746e-01 7.078932376739248758e-03
2.517503043939524621e-01 5.889143361736176065e-03
2.540797212802803351e-01 4.818014953602886563e-03
2.564306919956825248e-01 3.860371780223654809e-03
2.588034159752838903e-01 3.009840714958561710e-03
2.611980944995599963e-01 2.258378826857367853e-03
2.636149307114114548e-01 1.596721413402231449e-03
2.660541296333971961e-01 1.015367958632963034e-03
2.685158981851264448e-01 5.054727100893841854e-04
2.710004452008120124e-01 5.938377293620624044e-05
2.735079814469859039e-01 -3.293455711646662209e-04
2.760387196403787935e-01 -6.662180071171088739e-04
2.785928744659650347e-01 -9.562248583065034377e-04
2.811706625951746474e-01 -1.204091063330761874e-03
2.837723027042736712e-01 -1.414447778517239924e-03
2.863980154929147148e-01 -1.591818751158791687e-03
2.890480237028591470e-01 -1.740251727949153381e-03
2.917225521368724817e-01 -1.862547150483250414e-03
2.944218276777946230e-01 -1.961095302106588383e-03
2.971460793077864704e-01 -2.038695081044908722e-03
2.998955381277548238e-01 -2.097888343607726917e-03
3.026704373769569245e-01 -2.140714238075506082e-03
3.054710124527861281e-01 -2.168870480361696860e-03
3.082975009307412084e-01 -2.183879031376780196e-03
3.111501425845799029e-01 -2.187177559397693316e-03
3.140291794066590869e-01 -2.180183530268671455e-03
3.169348556284636298e-01 -2.164324052710648368e-03
3.198674177413242115e-01 -2.140992743851001176e-03
3.228271145173279288e-01 -2.111499055344160866e-03
3.258141970304215262e-01 -2.077048760430917195e-03
3.288289186777104134e-01 -2.038681260759846528e-03
3.318715352009545816e-01 -1.997254874584104313e-03
3.349423047082633609e-01 -1.953458900118039496e-03
3.380414876959910719e-01 -1.907830006785085630e-03
3.411693470708350162e-01 -1.860774705793046338e-03
3.443261481721382467e-01 -1.812606197735267856e-03
3.475121587943982293e-01 -1.763596494760143315e-03
3.507276492099854481e-01 -1.713976345038670029e-03
3.539728921920687887e-01 -1.663967501870056934e-03
3.572481630377565276e-01 -1.613782416350620233e-03
3.605537395914496512e-01 -1.563665717237861874e-03
3.638899022684118911e-01 -1.513832517508615933e-03
3.672569340785573067e-01 -1.464509638944996644e-03
3.706551206504586360e-01 -1.415885739427089843e-03
3.740847502555770254e-01 -1.368136237626857259e-03
3.775461138327168009e-01 -1.321373832627968127e-03
3.810395050127058925e-01 -1.275697629796502608e-03
3.845652201433046868e-01 -1.231143664501668181e-03
3.881235583143457513e-01 -1.187725524350119683e-03
3.917148213831057602e-01 -1.145463350163717243e-03
3.953393139999124006e-01 -1.104402300154553760e-03
3.989973436339881996e-01 -1.064624417719354458e-03
4.026892205995331597e-01 -1.026075763151137327e-03
4.064152580820494798e-01 -9.887336900576732153e-04
4.101757721649089694e-01 -9.527334563485694886e-04
4.139710818561669892e-01 -9.176865344719991246e-04
4.178015091156238592e-01 -8.833305733088215195e-04
4.216673788821375668e-01 -8.501680366205988017e-04
4.255690191011881063e-01 -8.184700307444146795e-04
4.295067607526977249e-01 -7.879138205371682708e-04
4.334809378791081858e-01 -7.580183652364096440e-04
4.374918876137179335e-01 -7.286014642730454091e-04
4.415399502092812734e-01 -7.000532598148159974e-04
4.456254690668726703e-01 -6.728786324104130091e-04
4.497487907650175032e-01 -6.470580859658613257e-04
4.539102650890927682e-01 -6.222968361163673783e-04
4.581102450609997878e-01 -5.983698166709883930e-04
4.623490869691112004e-01 -5.751167486786520336e-04
4.666271503984954494e-01 -5.523468475488903370e-04
4.709447982614206052e-01 -5.300040757451239754e-04
4.753023968281406275e-01 -5.083137056296847117e-04
4.797003157579664556e-01 -4.875955070144899180e-04
4.841389281306244796e-01 -4.679836324913380532e-04
4.886186104779052797e-01 -4.493766357618418552e-04
4.931397428156051865e-01 -4.315740506111556186e-04
4.977027086757634389e-01 -4.144611440430068803e-04
