5.023078951391972766e-05 1.227335751609600159e-06
5.069556928683388889e-05 1.272673822776889534e-06
5.116464961403767209e-05 1.319731245245086431e-06
5.163807028806978715e-05 1.368502170574557843e-06
5.211587146966517408e-05 1.419084783410230191e-06
5.259809369116105792e-05 1.471533015926905005e-06
5.308477785993620074e-05 1.525930611333188085e-06
5.357596526188023334e-05 1.582368274518211991e-06
5.407169756489686838e-05 1.640891120396852946e-06
5.457201682243774209e-05 1.701579473873349111e-06
5.507696547707072019e-05 1.764576702627581947e-06
5.558658636407947621e-05 1.829854627539663848e-06
5.610092271509814368e-05 1.897594408654671225e-06
5.662001816177776272e-05 1.967829367345574136e-06
5.714391673948855254e-05 2.040664398083927865e-06
5.767266289105452040e-05 2.116211784760154612e-06
5.820630147052453362e-05 2.194551036644444656e-06
5.874487774697638518e-05 2.275819895590987748e-06
5.928843740835797296e-05 2.360069642675765699e-06
5.983702656536208243e-05 2.447532524680413199e-06
6.039069175533898090e-05 2.538271036828970264e-06
6.094947994624323197e-05 2.632282516676536946e-06
6.151343854061905325e-05 2.729873864764500982e-06
6.208261537962046349e-05 2.831055308887368624e-06
6.265705874707077272e-05 2.935974337738726558e-06
6.323681737355747149e-05 3.044856630311711798e-06
6.382194044056716117e-05 3.157706507928708793e-06
6.441247758465660166e-05 3.274809377960361717e-06
6.500847890166448447e-05 3.396243676690458719e-06
6.560999495096006865e-05 3.522114855594231213e-06
6.621707675973320618e-05 3.652772726891081572e-06
6.682977582732201624e-05 3.788246453468269302e-06
6.744814412958265366e-05 3.928786231760750893e-06
6.807223412329740388e-05 4.074470005892054496e-06
6.870209875062573948e-05 4.225669632269830817e-06
6.933779144359432660e-05 4.382427723985159927e-06
6.997936612863088740e-05 4.544986902216515837e-06
7.062687723113762230e-05 4.713527973915783641e-06
7.128037968010938271e-05 4.888492076628657188e-06
7.193992891279217604e-05 5.069816275470651314e-06
7.260558087938708525e-05 5.257895437536188323e-06
7.327739204779548296e-05 5.452885490007383174e-06
7.395541940841035122e-05 5.655155951641734673e-06
7.463972047894970900e-05 5.864803701471338186e-06
7.533035330933708054e-05 6.082232878553520804e-06
7.602737648662468122e-05 6.307763539766300507e-06
7.673084913996470135e-05 6.541651118354232893e-06
7.744083094562397159e-05 6.784237124371992071e-06
7.815738213204768861e-05 7.035707575341551093e-06
7.888056348496733539e-05 7.296461983898120247e-06
7.961043635255848851e-05 7.566933393094206828e-06
8.034706265064376881e-05 7.847462982481064327e-06
8.109050486794647857e-05 8.138334074947603934e-06
8.184082607139033080e-05 8.439965969308786906e-06
8.259808991145073235e-05 8.752892410479501834e-06
8.336236062755304006e-05 9.077299782087547370e-06
8.413370305352336012e-05 9.413762182293212112e-06
8.491218262308711999e-05 9.762657597796175351e-06
8.569786537542125422e-05 1.012446553633701549e-05
8.649081796075497601e-05 1.049972075847115165e-05
8.729110764602517904e-05 1.088876792869354842e-05
8.809880232058136021e-05 1.129229975111552335e-05
8.891397050194612133e-05 1.171064027430960953e-05
8.973668134162622167e-05 1.214445685164169925e-05
9.056700463098011755e-05 1.259434973437650281e-05
9.140501080713702852e-05 1.306079489217893492e-05
9.225077095897366963e-05 1.354455474408212327e-05
9.310435683314326931e-05 1.404613169938811894e-05
9.396584084016341878e-05 1.456633831076541967e-05
9.483529606055720999e-05 1.510556346167651607e-05
9.571279625105427573e-05 1.566467963359310798e-05
9.659841585084609408e-05 1.624451523682973893e-05
9.749222998790226565e-05 1.684567294649301324e-05
9.839431448534213939e-05 1.746892376215151911e-05
9.930474586786856308e-05 1.811507203168595637e-05
1.002236013682579583e-04 1.878499258333102007e-05
1.011509589339134820e-04 1.947959524175685254e-05
1.020868972334763565e-04 2.019966752450692323e-05
1.030314956634999056e-04 2.094612898902151643e-05
1.039848343551846730e-04 2.172003814948030134e-05
1.049469941811760989e-04 2.252216853561442162e-05
1.059180567624249856e-04 2.335355309636080682e-05
1.068981044751114967e-04 2.421568377400278916e-05
1.078872204576332200e-04 2.510892247325023974e-05
1.088854886176578347e-04 2.603509247161976838e-05
1.098929936392411427e-04 2.699489359241792535e-05
1.109098209900108428e-04 2.798979763865113899e-05
1.119360569284168759e-04 2.902067634155688379e-05
1.129717885110487723e-04 3.008916512773509677e-05
1.140171036000207905e-04 3.119652196071518661e-05
1.150720908704253189e-04 3.234442508630829672e-05
1.161368398178552329e-04 3.353406965349354536e-05
1.172114407659959940e-04 3.476706517541640221e-05
1.182959848742878010e-04 3.604466185018721390e-05
1.193905641456587704e-04 3.736877459653459061e-05
1.204952714343296340e-04 3.874094237200951336e-05
1.216102004536906569e-04 4.016287305026310529e-05
1.227354457842514009e-04 4.163622046941157926e-05
1.238711028816641597e-04 4.316275650245721259e-05
1.250172680848214582e-04 4.474482672456025356e-05
1.261740386240286192e-04 4.638423275010915216e-05
1.273415126292519537e-04 4.808273690678368617e-05
1.285197891384430753e-04 4.984222584663897224e-05
1.297089681059405996e-04 5.166514416449988488e-05
1.309091504109491746e-04 5.355380551825995731e-05
1.321204378660972237e-04 5.551032376299941742e-05
1.333429332260738904e-04 5.753685983782894070e-05
1.345767401963456707e-04 5.963605574633999479e-05
1.358219634419540367e-04 6.180996966234465827e-05
1.370787085963940223e-04 6.406191195073845793e-05
1.383470822705754793e-04 6.639386115100427829e-05
1.396271920618667869e-04 6.880858502742083103e-05
1.409191465632225878e-04 7.130906242518354364e-05
1.422230553723956845e-04 7.389797537136387701e-05
1.435390291012344252e-04 7.657876842572735687e-05
1.448671793850660400e-04 7.935390783064440992e-05
1.462076188921666593e-04 8.222665282031406408e-05
1.475604613333191787e-04 8.520005563163049814e-05
1.489258214714593792e-04 8.827793963437033397e-05
1.503038151314114394e-04 9.146364794631001117e-05
1.516945592097134355e-04 9.476004744967207445e-05
1.530981716845337536e-04 9.817193357987022233e-05
1.545147716256794134e-04 1.017021080527252922e-04
1.559444792046967400e-04 1.053541959284072819e-04
1.573874157050656830e-04 1.091323768834721284e-04
1.588437035324884346e-04 1.130413196089991555e-04
1.603134662252731857e-04 1.170847451559245460e-04
1.617968284648140247e-04 1.212657098819318818e-04
1.632939160861678171e-04 1.255897125911493431e-04
1.648048560887287726e-04 1.300614460849518824e-04
1.663297766470021616e-04 1.346859324087930809e-04
1.678688071214772372e-04 1.394659243772539885e-04
1.694220780696011769e-04 1.444069572130210043e-04
1.709897212568543161e-04 1.495139377173375795e-04
1.725718696679280292e-04 1.547920485508632856e-04
1.741686575180057981e-04 1.602464803415859073e-04
1.757802202641489621e-04 1.658830449782935478e-04
1.774066946167876340e-04 1.717063088547163643e-04
1.790482185513179233e-04 1.777218828879959358e-04
1.807049313198065489e-04 1.839349441225843294e-04
1.823769734628037913e-04 1.903513395290836211e-04
1.840644868212656232e-04 1.969774818873556022e-04
1.857676145485861856e-04 2.038189968772530876e-04
1.874865011227416648e-04 2.108813005797855649e-04
1.892212923585465481e-04 2.181708854777610540e-04
1.909721354200231774e-04 2.256937995654698863e-04
1.927391788328858225e-04 2.334560814291572765e-04
1.945225724971402217e-04 2.414638981057293005e-04
1.963224676997998364e-04 2.497233438268658848e-04
1.981390171277196339e-04 2.582403543307240168e-04
1.999723748805486438e-04 2.670218904991613251e-04
2.018226964838024009e-04 2.760744724876594710e-04
2.036901389020562758e-04 2.854041407608209208e-04
2.055748605522610226e-04 2.950179747511516050e-04
2.074770213171813838e-04 3.049227299893120594e-04
2.093967825589591067e-04 3.151247333171461155e-04
2.113343071328014028e-04 3.256301996414958646e-04
2.132897594007962582e-04 3.364455918968903823e-04
2.152633052458552464e-04 3.475788932013869565e-04
2.172551120857856867e-04 3.590367082793249160e-04
2.192653488874927710e-04 3.708244991467073235e-04
2.212941861813132042e-04 3.829484126694667747e-04
2.233417960754814700e-04 3.954168849242479166e-04
2.254083522707299957e-04 4.082362010149191462e-04
2.274940300750242182e-04 4.214120037727222840e-04
2.295990064184342335e-04 4.349507891082446506e-04
2.317234598681439486e-04 4.488589988693702506e-04
2.338675706435990400e-04 4.631405082065747107e-04
2.360315206317952072e-04 4.778019038042771076e-04
2.382154934027077783e-04 4.928486579792135894e-04
2.404196742248642152e-04 5.082854993089045825e-04
2.426442500810604638e-04 5.241182322607319810e-04
2.448894096842230486e-04 5.403505473428024718e-04
2.471553434934176704e-04 5.569878200108302870e-04
2.494422437300060683e-04 5.740342422606552891e-04
2.517503043939523389e-04 5.914920702553660807e-04
2.540797212802799600e-04 6.093681908031049754e-04
2.564306919956823639e-04 6.276650991667279047e-04
2.588034159752835108e-04 6.463841403677563283e-04
2.611980944995598449e-04 6.655274011079640763e-04
2.636149307114110576e-04 6.850972509829150780e-04
2.660541296333970591e-04 7.050950415604129726e-04
2.685158981851260332e-04 7.255213688865082755e-04
2.710004452008118992e-04 7.463753050378926996e-04
2.735079814469854585e-04 7.676547245268136458e-04
2.760387196403786352e-04 7.893561397241951683e-04
2.785928744659646244e-04 8.114777570727859822e-04
2.811706625951744943e-04 8.340171526303297557e-04
2.837723027042732206e-04 8.569724595256956057e-04
2.863980154929145596e-04 8.803394376175294016e-04
2.890480237028587147e-04 9.041093898197593171e-04
2.917225521368723654e-04 9.282775606535902070e-04
2.944218276777941460e-04 9.528413012481773978e-04
2.971460793077862809e-04 9.777922876009897957e-04
2.998955381277543806e-04 1.003119859393383512e-03
3.026704373769567558e-04 1.028813079615719783e-03
3.054710124527856862e-04 1.054861893142675956e-03
3.082975009307410805e-04 1.081253038773490396e-03
3.111501425845793981e-04 1.107971290447813499e-03
3.140291794066589742e-04 1.135000604129683937e-03
3.169348556284631532e-04 1.162326206815201667e-03
3.198674177413240549e-04 1.189929991585712572e-03
3.228271145173274015e-04 1.217793661797484652e-03
3.258141970304213376e-04 1.245901579081552454e-03
3.288289186777098899e-04 1.274233853663371812e-03
3.318715352009544311e-04 1.302764713881709047e-03
3.349423047082628730e-04 1.331474599900123526e-03
3.380414876959908759e-04 1.360340802714460904e-03
3.411693470708344737e-04 1.389337544026832084e-03
3.443261481721376959e-04 1.418432024543770948e-03
3.475121587943980571e-04 1.447598394446260621e-03
3.507276492099853089e-04 1.476808773485585070e-03
3.539728921920686291e-04 1.506026447618551752e-03
3.572481630377563155e-04 1.535221403098816504e-03
3.605537395914494461e-04 1.564363038777167496e-03
3.638899022684116756e-04 1.593415095605706664e-03
3.672569340785571189e-04 1.622343981562920185e-03
3.706551206504584361e-04 1.651117294667855994e-03
3.740847502555768537e-04 1.679696012080702161e-03
3.775461138327166157e-04 1.708040869203072878e-03
3.810395050127056535e-04 1.736113917178301906e-03
3.845652201433044800e-04 1.763871242446277436e-03
3.881235583143455314e-04 1.791266751971825645e-03
3.917148213831055581e-04 1.818258925181279574e-03
3.953393139999122029e-04 1.844804211320762990e-03
3.989973436339879658e-04 1.870859838666588540e-03
4.026892205995329641e-04 1.896383088192520310e-03
4.064152580820493067e-04 1.921330088904701049e-03
4.101757721649087638e-04 1.945657072700036905e-03
4.139710818561667671e-04 1.969322127876126267e-03
4.178015091156236623e-04 1.992276982483363185e-03
4.216673788821373339e-04 2.014474114143263456e-03
4.255690191011879072e-04 2.035859129520971745e-03
4.295067607526975085e-04 2.056380269657745365e-03
4.334809378791080114e-04 2.075997851231130720e-03
4.374918876137176907e-04 2.094664868481275165e-03
4.415399502092810661e-04 2.112334365342235631e-03
4.456254690668724240e-04 2.128960889676217733e-03
4.497487907650172460e-04 2.144501412638697563e-03
4.539102650890925188e-04 2.158914918174445821e-03
4.581102450609995588e-04 2.172148664176273922e-03
4.623490869691109775e-04 2.184148110411167961e-03
4.666271503984952018e-04 2.194864950703042262e-03
4.709447982614203398e-04 2.204255283848900564e-03
4.753023968281404267e-04 2.212274185539479798e-03
4.797003157579662197e-04 2.218881681269680231e-03
4.841389281306242276e-04 2.224041654195628610e-03
4.886186104779050065e-04 2.227719187964225314e-03
4.931397428156048934e-04 2.229868157595182431e-03
4.977027086757631865e-04 2.230438457268482146e-03
5.023078951391972630e-04 2.229381667110016431e-03
5.069556928683394310e-04 2.226653267440866640e-03
5.116464961403767615e-04 2.222215323657353130e-03
5.163807028806984001e-04 2.216036788822333629e-03
5.211587146966517679e-04 2.208087081058947385e-03
5.259809369116111213e-04 2.198339781816319258e-03
5.308477785993620480e-04 2.186763613445482334e-03
5.357596526188028755e-04 2.173313784554106644e-03
5.407169756489687380e-04 2.157943875752587910e-03
5.457201682243779765e-04 2.140623818807008225e-03
5.507696547707071613e-04 2.121332409797997264e-03
5.558658636407953855e-04 2.100047765221854483e-03
5.610092271509814097e-04 2.076756087714526529e-03
5.662001816177782100e-04 2.051448520152044687e-03
5.714391673948855796e-04 2.024101837315201921e-03
5.767266289105457732e-04 1.994680575410263251e-03
5.820630147052453362e-04 1.963166128958679802e-03
5.874487774697645295e-04 1.929553466061292941e-03
5.928843740835797703e-04 1.893856030650466074e-03
5.983702656536214748e-04 1.856089943591198886e-03
6.039069175533897955e-04 1.816266858656846988e-03
6.094947994624330245e-04 1.774391544597354355e-03
6.151343854061905054e-04 1.730463216259925342e-03
6.208261537962052583e-04 1.684499653102701803e-03
6.265705874707077272e-04 1.636536078814641729e-03
6.323681737355754196e-04 1.586625790872111001e-03
6.382194044056716930e-04 1.534829064020552239e-03
6.441247758465667213e-04 1.481201374411100346e-03
6.500847890166448718e-04 1.425787103352518142e-03
6.560999495096013099e-04 1.368638261504306853e-03
6.621707675973320618e-04 1.309834510828646915e-03
6.682977582732208943e-04 1.249476678700550420e-03
6.744814412958265908e-04 1.187678551942391268e-03
6.807223412329747435e-04 1.124552092660263160e-03
6.870209875062573135e-04 1.060196921177645026e-03
6.933779144359439707e-04 9.947153122822579609e-04
6.997936612863087926e-04 9.282365241418808659e-04
7.062687723113768735e-04 8.609183634337070788e-04
7.128037968010938813e-04 7.929325080554486130e-04
7.193992891279217062e-04 7.244442429799105836e-04
7.260558087938709338e-04 6.556006481562516499e-04
7.327739204779548567e-04 5.865571546985077220e-04
7.395541940841035122e-04 5.174980911021613214e-04
7.463972047894970900e-04 4.486333479670108221e-04
7.533035330933707512e-04 3.801791176200619311e-04
7.602737648662468394e-04 3.123305889341453068e-04
7.673084913996469593e-04 2.452698006150387283e-04
7.744083094562396888e-04 1.791972929203151184e-04
7.815738213204768319e-04 1.143438148862741129e-04
7.888056348496733268e-04 5.095188841590167082e-05
7.961043635255849122e-04 -1.075405821935367039e-05
8.034706265064376881e-04 -7.058079988324601555e-05
8.109050486794647586e-04 -1.283293407304408754e-04
8.184082607139033351e-04 -1.837699654330909155e-04
8.259808991145073777e-04 -2.366617642017327001e-04
8.336236062755303464e-04 -2.867891818756164771e-04
8.413370305352335741e-04 -3.339815092893750627e-04
8.491218262308711457e-04 -3.780727652596267392e-04
8.569786537542125422e-04 -4.188712194740392249e-04
8.649081796075497059e-04 -4.561859050875896843e-04
8.729110764602518446e-04 -4.898736899979754672e-04
8.809880232058135479e-04 -5.198505774736317166e-04
8.891397050194612675e-04 -5.460420987255239049e-04
8.973668134162622167e-04 -5.683596771392290716e-04
9.056700463098011755e-04 -5.867462441133043010e-04
9.140501080713703394e-04 -6.012308734295026755e-04
9.225077095897367234e-04 -6.119121964599166319e-04
9.310435683314326931e-04 -6.188896938278496285e-04
9.396584084016341336e-04 -6.222775685701625956e-04
9.483529606055720457e-04 -6.222796672763833414e-04
9.571279625105428386e-04 -6.192165231663353557e-04
9.659841585084609408e-04 -6.134446464142022121e-04
9.749222998790225752e-04 -6.053251144987059629e-04
9.839431448534212855e-04 -5.952952412132006977e-04
9.930474586786856850e-04 -5.839274998138387898e-04
1.002236013682579474e-03 -5.718591745339208186e-04
1.011509589339135715e-03 -5.597087601018848778e-04
1.020868972334763565e-03 -5.481508425382766291e-04
1.030314956635000221e-03 -5.379836140420237323e-04
1.039848343551846811e-03 -5.300502850272531107e-04
1.049469941811762182e-03 -5.251411321789107396e-04
1.059180567624249964e-03 -5.240637474836929571e-04
1.068981044751116105e-03 -5.277044887404693614e-04
1.078872204576332037e-03 -5.369237845966640284e-04
1.088854886176579377e-03 -5.524740431394705754e-04
1.098929936392411318e-03 -5.750701265992224330e-04
1.109098209900109648e-03 -6.054128943812079255e-04
1.119360569284168650e-03 -6.440873127568885314e-04
1.129717885110488942e-03 -6.914945878472288652e-04
1.140171036000207959e-03 -7.479434023312159143e-04
1.150720908704254246e-03 -8.136341902241819293e-04
1.161368398178552275e-03 -8.885294259176574694e-04
1.172114407659961268e-03 -9.723791641005546460e-04
1.182959848742877983e-03 -1.064807146570013151e-03
1.193905641456588897e-03 -1.165225810895101919e-03
1.204952714343296340e-03 -1.272778418246146501e-03
1.216102004536907897e-03 -1.386436467513331222e-03
1.227354457842514063e-03 -1.505029084889427261e-03
1.238711028816642844e-03 -1.627164447071120313e-03
1.250172680848214528e-03 -1.751281783676205675e-03
1.261740386240287493e-03 -1.875785687718985531e-03
1.273415126292519375e-03 -1.998973500433178212e-03
1.285197891384430753e-03 -2.119045280196347851e-03
1.297089681059406105e-03 -2.234343422595653095e-03
1.309091504109491638e-03 -2.343290993751280960e-03
1.321204378660972237e-03 -2.444356357063159381e-03
1.333429332260738795e-03 -2.536308120037811861e-03
1.345767401963456761e-03 -2.618230968543988103e-03
1.358219634419540259e-03 -2.689419408582690869e-03
1.370787085963940223e-03 -2.749638372855457008e-03
1.383470822705754793e-03 -2.799110864242325761e-03
1.396271920618668031e-03 -2.838361320769270703e-03
1.409191465632225878e-03 -2.868454295839244911e-03
1.422230553723956683e-03 -2.890920992605950073e-03
1.435390291012344360e-03 -2.907503197310928097e-03
1.448671793850660455e-03 -2.920354413957614286e-03
1.462076188921666809e-03 -2.931868052249755104e-03
1.475604613333191895e-03 -2.944360295530723624e-03
1.489258214714593792e-03 -2.960261522137813944e-03
1.503038151314114394e-03 -2.981731473941845890e-03
1.516945592097134138e-03 -3.010477119527186878e-03
1.530981716845337699e-03 -3.047879970583659750e-03
1.545147716256794297e-03 -3.094571176778216585e-03
1.559444792046967400e-03 -3.150488841843932138e-03
1.573874157050656830e-03 -3.214931329798503476e-03
1.588437035324884346e-03 -3.286367567807700271e-03
1.603134662252731803e-03 -3.362700026194295581e-03
1.617968284648140355e-03 -3.441292639614066881e-03
1.632939160861678063e-03 -3.519216467681360577e-03
1.648048560887287834e-03 -3.593660609821554622e-03
1.663297766470021562e-03 -3.661894672789990559e-03
1.678688071214772372e-03 -3.721815078397793745e-03
1.694220780696011714e-03 -3.772138114297408744e-03
1.709897212568543216e-03 -3.812556374175061526e-03
1.725718696679280238e-03 -3.843986378638501820e-03
1.741686575180057981e-03 -3.868307764749206318e-03
1.757802202641489675e-03 -3.888522896854252914e-03
1.774066946167876394e-03 -3.908233019182482532e-03
1.790482185513179178e-03 -3.931373688934737542e-03
1.807049313198065598e-03 -3.961781277788285587e-03
1.823769734628038130e-03 -4.002537850789807117e-03
1.840644868212656287e-03 -4.055721444447439768e-03
1.857676145485861801e-03 -4.121791063711680546e-03
1.874865011227416648e-03 -4.199608176324718355e-03
1.892212923585465589e-03 -4.286325254269965877e-03
1.909721354200231936e-03 -4.377765372744107757e-03
1.927391788328858225e-03 -4.468812459952918592e-03
1.945225724971402000e-03 -4.554211329266394381e-03
1.963224676997998418e-03 -4.629246928931812603e-03
1.981390171277196393e-03 -4.690505169589204854e-03
1.999723748805486492e-03 -4.736516180326248368e-03
2.018226964838023847e-03 -4.767965499162404863e-03
2.036901389020562975e-03 -4.787716354258650213e-03
2.055748605522610389e-03 -4.800301879708981749e-03
2.074770213171814055e-03 -4.811191386397065638e-03
2.093967825589591013e-03 -4.825717442331692308e-03
2.113343071328013974e-03 -4.848123456588952600e-03
2.132897594007962527e-03 -4.880641084658974074e-03
2.152633052458552410e-03 -4.923103201381901460e-03
2.172551120857856705e-03 -4.972913576329436244e-03
2.192653488874927656e-03 -5.025685563556648618e-03
2.212941861813132096e-03 -5.076362116904035993e-03
2.233417960754814809e-03 -5.120538931310372570e-03
2.254083522707299794e-03 -5.155722154840157792e-03
2.274940300750242020e-03 -5.182177751463357303e-03
2.295990064184342226e-03 -5.203253405517310401e-03
2.317234598681439540e-03 -5.224735279125146056e-03
2.338675706435990129e-03 -5.253584926881094824e-03
2.360315206317949686e-03 -5.296208588616543693e-03
2.382154934027077946e-03 -5.356733456067584546e-03
2.404196742248639659e-03 -5.435716765532692951e-03
2.426442500810604367e-03 -5.529819447046818021e-03
2.448894096842227884e-03 -5.632503694429893439e-03
2.471553434934176379e-03 -5.735678693756243555e-03
2.494422437300057756e-03 -5.831879112975606183e-03
2.517503043939523389e-03 -5.916280955089425406e-03
2.540797212802799708e-03 -5.988014575210246458e-03
2.564306919956823531e-03 -6.050159485997965228e-03
2.588034159752835000e-03 -6.108487783721695298e-03
2.611980944995598557e-03 -6.169391089280153347e-03
2.636149307114110576e-03 -6.237592615829847323e-03
2.660541296333970591e-03 -6.314588121722082385e-03
2.685158981851260441e-03 -6.398470369611881751e-03
2.710004452008118667e-03 -6.485210608994011403e-03
2.735079814469854910e-03 -6.570917923322326486e-03
2.760387196403786460e-03 -6.654052144680189414e-03
2.785928744659646027e-03 -6.736560926356488857e-03
2.811706625951745052e-03 -6.823111806196571066e-03
2.837723027042732531e-03 -6.918616209465039760e-03
2.863980154929145813e-03 -7.024951306708119604e-03
2.890480237028587255e-03 -7.138563622666753775e-03
2.917225521368723654e-03 -7.250453656124680214e-03
2.944218276777941460e-03 -7.349102446964286481e-03
2.971460793077862917e-03 -7.425551745378807141e-03
2.998955381277543589e-03 -7.478718636690229703e-03
3.026704373769567667e-03 -7.518200783265334593e-03
3.054710124527856754e-03 -7.562614073407515798e-03
3.082975009307410696e-03 -7.633282208306018182e-03
3.111501425845793981e-03 -7.745463608638566803e-03
3.140291794066589742e-03 -7.900856186074460899e-03
3.169348556284631423e-03 -8.085177024884170061e-03
3.198674177413240657e-03 -8.272599812501337316e-03
3.228271145173274449e-03 -8.435852207280603032e-03
3.258141970304213268e-03 -8.557744202689693963e-03
3.288289186777099225e-03 -8.638577175742772479e-03
3.318715352009544203e-03 -8.695770677149401023e-03
3.349423047082628838e-03 -8.755630059685702918e-03
3.380414876959908759e-03 -8.841034742294742385e-03
3.411693470708344628e-03 -8.961366633312341928e-03
3.443261481721380645e-03 -9.109748364845012686e-03
3.475121587943980680e-03 -9.268804252676727043e-03
3.507276492099856667e-03 -9.421192857840590337e-03
3.539728921920686291e-03 -9.558931425113841376e-03
3.572481630377566733e-03 -9.686504262712706051e-03
3.605537395914494569e-03 -9.816398072159763025e-03
3.638899022684120767e-03 -9.960660417883883400e-03
3.672569340785571297e-03 -1.012402232791577775e-02
3.706551206504587938e-03 -1.030228979548946516e-02
3.740847502555768103e-03 -1.048601061864223166e-02
3.775461138327169952e-03 -1.066630051527213581e-02
3.810395050127056860e-03 -1.083902865652419494e-02
3.845652201433048811e-03 -1.100587566667069264e-02
3.881235583143455205e-03 -1.117333252519001931e-02
3.917148213831059267e-03 -1.135101145481312752e-02
3.953393139999122029e-03 -1.154909382550402090e-02
3.989973436339883453e-03 -1.177413017719134737e-02
4.026892205995329967e-03 -1.202390384932059374e-02
4.064152580820497296e-03 -1.228525760881246133e-02
4.101757721649087855e-03 -1.253931382074707085e-02
4.139710818561672008e-03 -1.277352835154272476e-02
4.178015091156236406e-03 -1.299252216962269203e-02
4.216673788821373448e-03 -1.321698383340974906e-02
4.255690191011879397e-03 -1.346741054902170047e-02
4.295067607526975410e-03 -1.374389032666861223e-02
4.334809378791079464e-03 -1.402047414913594296e-02
4.374918876137176907e-03 -1.426339019242483033e-02
4.415399502092810444e-03 -1.446112013586930804e-02
4.456254690668724240e-03 -1.463946540746494454e-02
4.497487907650172569e-03 -1.484478130749427444e-02
4.539102650890925079e-03 -1.510777461413021286e-02
4.581102450609995588e-03 -1.542120257624814833e-02
4.623490869691109124e-03 -1.575340809404971246e-02
4.666271503984952343e-03 -1.608311023195356168e-02
4.709447982614203831e-03 -1.641721604614220995e-02
4.753023968281404159e-03 -1.677195492991135489e-02
4.797003157579662197e-03 -1.714117159071400220e-02
4.841389281306242819e-03 -1.749441227621106529e-02
4.886186104779049848e-03 -1.781383226187899932e-02
4.931397428156049367e-03 -1.812764534537301964e-02
4.977027086757631648e-03 -1.849326318917817250e-02
5.023078951391972413e-03 -1.893956874114334152e-02
5.069556928683393443e-03 -1.943201480366725520e-02
5.116464961403767615e-03 -1.990435332271863617e-02
5.163807028806984001e-03 -2.032291918631572852e-02
5.211587146966517245e-03 -2.070917225771253672e-02
5.259809369116111646e-03 -2.109964073748975613e-02
5.308477785993619830e-03 -2.150223312229412875e-02
5.357596526188028972e-03 -2.190660576767755607e-02
5.407169756489686729e-03 -2.232369153963813593e-02
5.457201682243779765e-03 -2.278405110665907007e-02
5.507696547707071830e-03 -2.328843582531170756e-02
5.558658636407953421e-03 -2.378587551414563378e-02
5.610092271509814314e-03 -2.422545643693399531e-02
5.662001816177782317e-03 -2.461972935763996617e-02
5.714391673948855145e-03 -2.503257311868418641e-02
5.767266289105458382e-03 -2.550813813346458278e-02
5.820630147052453796e-03 -2.603668913690385806e-02
5.874487774697644861e-03 -2.658862464618697713e-02
5.928843740835797703e-03 -2.714859282114352040e-02
5.983702656536214748e-03 -2.770443306717330564e-02
6.039069175533898388e-03 -2.823795474688325924e-02
6.094947994624329811e-03 -2.875353879355442913e-02
6.151343854061904620e-03 -2.928973128788154093e-02
6.208261537962052150e-03 -2.987006511279991644e-02
6.265705874707076621e-03 -3.045953491494531734e-02
6.323681737355753979e-03 -3.100171499948302725e-02
6.382194044056716496e-03 -3.148599206955560864e-02
6.441247758465666780e-03 -3.195152956352840384e-02
6.500847890166448935e-03 -3.244239398547099640e-02
6.560999495096013316e-03 -3.298476572120424832e-02
6.621707675973320835e-03 -3.358244308567309017e-02
6.682977582732208509e-03 -3.420208095063185377e-02
6.744814412958265691e-03 -3.479002130447052255e-02
6.807223412329747002e-03 -3.533550841192092951e-02
6.870209875062573135e-03 -3.588588861672206698e-02
6.933779144359439491e-03 -3.646998448543387061e-02
6.997936612863088143e-03 -3.704595315059535515e-02
7.062687723113769168e-03 -3.755863912718372666e-02
7.128037968010938162e-03 -3.801536987264728107e-02
7.193992891279224651e-03 -3.848399490866439426e-02
7.260558087938708688e-03 -3.904715809075173100e-02
7.327739204779555940e-03 -3.975627158955493540e-02
7.395541940841034688e-03 -4.058220007027645709e-02
7.463972047894978923e-03 -4.141376897260065637e-02
7.533035330933707946e-03 -4.215044397858227349e-02
7.602737648662476200e-03 -4.279180810316376288e-02
7.673084913996469809e-03 -4.340358774997160607e-02
7.744083094562404478e-03 -4.401637488912947538e-02
7.815738213204768969e-03 -4.459530673796556488e-02
7.888056348496741074e-03 -4.510223886704711055e-02
7.961043635255848905e-03 -4.556864832059551867e-02
8.034706265064384470e-03 -4.609102251528915395e-02
8.109050486794647586e-03 -4.672006275398758735e-02
8.184082607139040941e-03 -4.736468527882653490e-02
8.259808991145072693e-03 -4.787229206793555680e-02
8.336236062755311704e-03 -4.820106681860239495e-02
8.413370305352335307e-03 -4.845835604058019302e-02
8.491218262308719913e-03 -4.878993409897661171e-02
8.569786537542124771e-03 -4.925309995297070392e-02
8.649081796075507034e-03 -4.977998796681475102e-02
8.729110764602518446e-03 -5.028888630575242130e-02
8.809880232058144370e-03 -5.078382313135478693e-02
8.891397050194612892e-03 -5.127495486589963430e-02
8.973668134162631274e-03 -5.170997952486321159e-02
9.056700463098012188e-03 -5.203905847840834681e-02
9.140501080713712284e-03 -5.228868241780898485e-02
9.225077095897368101e-03 -5.258463097111765183e-02
9.310435683314336255e-03 -5.301838760110598459e-02
9.396584084016341987e-03 -5.353262711379043470e-02
9.483529606055730865e-03 -5.409670298175684594e-02
9.571279625105427735e-03 -5.471957406592791590e-02
9.659841585084620250e-03 -5.524257301798426306e-02
9.749222998790225969e-03 -5.549363606093964119e-02
9.839431448534224564e-03 -5.552697575754048098e-02
9.930474586786856850e-03 -5.553875423824695262e-02
1.002236013682581035e-02 -5.561409945389503284e-02
1.011509589339136365e-02 -5.564851423884310117e-02
1.020868972334764216e-02 -5.561915550839565542e-02
1.030314956634999571e-02 -5.559245967813730704e-02
1.039848343551847375e-02 -5.548304747005620985e-02
1.049469941811761488e-02 -5.525027791479435874e-02
1.059180567624250398e-02 -5.510436207116046342e-02
1.068981044751115585e-02 -5.520001489195364847e-02
1.078872204576332774e-02 -5.535235282132820733e-02
1.088854886176578857e-02 -5.535788653390367325e-02
1.098929936392411925e-02 -5.522148816908677149e-02
1.109098209900108954e-02 -5.491652284835702585e-02
1.119360569284169257e-02 -5.444223584760133489e-02
1.129717885110488422e-02 -5.398821421555806410e-02
1.140171036000208610e-02 -5.372672175220639945e-02
1.150720908704253725e-02 -5.355624650231557288e-02
1.161368398178552926e-02 -5.326778622205916719e-02
1.172114407659960618e-02 -5.277783222566641286e-02
1.182959848742878677e-02 -5.210912142001961761e-02
1.193905641456588333e-02 -5.143349315117320270e-02
1.204952714343296948e-02 -5.099576693900591956e-02
1.216102004536907116e-02 -5.074986070368116969e-02
1.227354457842514714e-02 -5.037053937479705340e-02
1.238711028816642280e-02 -4.963182476414142869e-02
1.250172680848215222e-02 -4.850914207291884966e-02
1.261740386240286886e-02 -4.724285510700487745e-02
1.273415126292520155e-02 -4.621081032791758691e-02
1.285197891384431447e-02 -4.542730444298601761e-02
1.297089681059406668e-02 -4.447228083943124965e-02
1.309091504109492245e-02 -4.312147277331255385e-02
1.321204378660972845e-02 -4.154380767838982552e-02
1.333429332260739446e-02 -4.007804485344795137e-02
1.345767401963457455e-02 -3.894294576014514786e-02
1.358219634419540953e-02 -3.781532427556894005e-02
1.370787085963940874e-02 -3.614195034848852184e-02
1.383470822705755443e-02 -3.385842941110071141e-02
1.396271920618668769e-02 -3.137986141399620732e-02
1.409191465632226616e-02 -2.912139574902552000e-02
1.422230553723957507e-02 -2.702039788106598561e-02
1.435390291012345054e-02 -2.454570382975171036e-02
1.448671793850661235e-02 -2.154756491013425437e-02
1.462076188921667373e-02 -1.854525046610236774e-02
1.475604613333192545e-02 -1.591119180292268481e-02
1.489258214714594616e-02 -1.332916372857310267e-02
1.503038151314115174e-02 -1.021468225610973682e-02
1.516945592097134962e-02 -6.462260837602549872e-03
1.530981716845338306e-02 -2.678746719577798033e-03
1.545147716256795034e-02 7.288148844188136214e-04
1.559444792046968224e-02 4.137601776138160985e-03
1.573874157050657654e-02 8.088261154880886997e-03
1.588437035324885213e-02 1.232698022571706090e-02
1.603134662252732670e-02 1.606154885353750991e-02
1.617968284648141006e-02 1.945532932275495161e-02
1.632939160861678757e-02 2.356162171609105932e-02
1.648048560887288572e-02 2.876548218764958878e-02
1.663297766470022560e-02 3.425944211025385572e-02
1.678688071214773370e-02 3.929268414748212507e-02
1.694220780696012452e-02 4.435397000399621953e-02
1.709897212568544170e-02 5.006799515465690242e-02
1.725718696679280975e-02 5.594945579630807020e-02
1.741686575180058719e-02 6.126041428088638274e-02
1.757802202641490716e-02 6.645386758251452253e-02
1.774066946167877218e-02 7.215802260763415354e-02
1.790482185513180002e-02 7.787865126735628307e-02
1.807049313198066595e-02 8.310855988986373677e-02
1.823769734628039041e-02 8.841836709418694762e-02
1.840644868212657284e-02 9.452091536260204263e-02
1.857676145485862712e-02 1.009237326605422480e-01
1.874865011227417472e-02 1.068554894890973578e-01
1.892212923585466500e-02 1.127879400220920675e-01
1.909721354200233021e-02 1.193150644796810711e-01
1.927391788328858963e-02 1.256759710029779487e-01
1.945225724971403128e-02 1.313908988960888202e-01
1.963224676997999199e-02 1.372047030885177044e-01
1.981390171277197521e-02 1.434257950745381760e-01
1.999723748805487533e-02 1.492576771923895262e-01
2.018226964838025148e-02 1.545837103505736110e-01
2.036901389020563669e-02 1.599762923998559461e-01
2.055748605522611516e-02 1.652333734862207193e-01
2.074770213171815009e-02 1.700789666963906377e-01
2.093967825589591880e-02 1.753834328958160382e-01
2.113343071328015188e-02 1.814309925816509073e-01
2.132897594007963568e-02 1.870476399764875730e-01
2.152633052458553450e-02 1.918123564271446702e-01
2.172551120857858092e-02 1.963375129098607896e-01
2.192653488874928697e-02 2.006040501228369133e-01
2.212941861813133224e-02 2.045057045784942906e-01
2.233417960754816023e-02 2.086661730231760548e-01
2.254083522707301182e-02 2.128762539923613750e-01
2.274940300750243408e-02 2.163170759346751404e-01
2.295990064184343440e-02 2.192979195852554353e-01
2.317234598681440494e-02 2.222812131916927225e-01
2.338675706435991430e-02 2.250737573851399054e-01
2.360315206317952982e-02 2.277850542742105577e-01
2.382154934027079160e-02 2.304036931038942193e-01
2.404196742248643215e-02 2.324719361993280720e-01
2.426442500810605668e-02 2.344061871218055537e-01
2.448894096842231527e-02 2.365574584872302821e-01
2.471553434934177854e-02 2.382536654609138105e-01
2.494422437300061746e-02 2.393240206795112512e-01
2.517503043939524690e-02 2.402011209291421145e-01
2.540797212802803351e-02 2.411896602407722912e-01
2.564306919956825179e-02 2.426525792655351565e-01
2.588034159752838903e-02 2.439498689532481890e-01
2.611980944995599685e-02 2.438511877956758278e-01
2.636149307114114479e-02 2.426069088355941317e-01
2.660541296333971892e-02 2.413749047187975505e-01
2.685158981851264517e-02 2.410360511050757826e-01
2.710004452008120401e-02 2.414190395977833525e-01
2.735079814469858900e-02 2.411530713664623293e-01
2.760387196403787588e-02 2.396135818634821113e-01
2.785928744659650277e-02 2.373362753364961497e-01
2.811706625951746613e-02 2.348271834225535426e-01
2.837723027042736781e-02 2.324265308524033069e-01
2.863980154929147287e-02 2.298580936843408473e-01
2.890480237028591678e-02 2.268245884422381009e-01
2.917225521368724955e-02 2.237430497698306431e-01
2.944218276777946230e-02 2.212656779368320781e-01
2.971460793077864565e-02 2.194428775443973412e-01
2.998955381277548446e-02 2.177900374679193340e-01
3.026704373769569315e-02 2.161810990077973893e-01
3.054710124527861351e-02 2.143344506783614878e-01
3.082975009307412084e-02 2.119432373711605255e-01
3.111501425845798752e-02 2.091722170464316854e-01
3.140291794066590869e-02 2.064272718964965669e-01
3.169348556284636020e-02 2.039431710154815947e-01
3.198674177413242392e-02 2.018789541127168352e-01
3.228271145173278872e-02 2.005815717048828606e-01
3.258141970304215262e-02 1.999462510994295950e-01
3.288289186777100526e-02 1.996688219528494623e-01
3.318715352009542208e-02 1.994401676333747986e-01
3.349423047082630139e-02 1.990852917638848696e-01
3.380414876959907111e-02 1.984606251492433970e-01
3.411693470708346276e-02 1.974435246563492619e-01
3.443261481721378997e-02 1.961268680180175139e-01
3.475121587943982154e-02 1.946587986964061212e-01
3.507276492099854759e-02 1.929121345469906879e-01
3.539728921920688026e-02 1.906548920721717610e-01
3.572481630377564998e-02 1.879651930348388567e-01
3.605537395914496651e-02 1.850560788581087635e-01
3.638899022684118773e-02 1.824755643183878229e-01
3.672569340785573205e-02 1.807451869251510690e-01
3.706551206504585944e-02 1.794256724125156410e-01
3.740847502555770532e-02 1.779827184967732734e-01
3.775461138327167870e-02 1.769445779099100280e-01
3.810395050127058508e-02 1.770032620817775515e-01
3.845652201433046730e-02 1.782958602977088858e-01
3.881235583143457374e-02 1.808069889779873596e-01
3.917148213831057185e-02 1.847900640679566997e-01
3.953393139999124284e-02 1.909353838330339892e-01
3.989973436339881718e-02 2.000764451167978408e-01
4.026892205995331875e-02 2.120898305894837466e-01
4.064152580820495214e-02 2.259686279133763243e-01
4.101757721649090110e-02 2.412274630018838018e-01
4.139710818561669753e-02 2.579731750268756674e-01
4.178015091156239008e-02 2.764624984047835965e-01
4.216673788821375529e-02 2.959942868959964390e-01
4.255690191011881479e-02 3.153084564392876210e-01
4.295067607526977665e-02 3.340980876516648768e-01
4.334809378791082413e-02 3.518802281519290975e-01
4.374918876137179335e-02 3.675120095921518004e-01
4.415399502092812872e-02 3.803647229060756474e-01
4.456254690668726842e-02 3.902381077317942371e-01
4.497487907650175171e-02 3.967868315024872250e-01
4.539102650890927682e-02 3.990362392840884342e-01
4.581102450609998017e-02 3.959613571349729910e-01
4.623490869691111727e-02 3.867737332020167451e-01
4.666271503984954078e-02 3.701240160499488230e-01
4.709447982614205913e-02 3.447673674230824492e-01
4.753023968281406414e-02 3.111556233914588021e-01
4.797003157579664973e-02 2.702081494365697889e-01
4.841389281306245074e-02 2.214126774875667392e-01
4.886186104779052797e-02 1.648122733752933611e-01
4.931397428156051449e-02 1.010673337187140419e-01
4.977027086757634250e-02 2.996781664939254797e-02
5.023078951391975189e-02 -4.779030092204775149e-02
5.069556928683396219e-02 -1.308385601441848234e-01
5.116464961403770217e-02 -2.181692757716307274e-01
5.163807028806986776e-02 -3.088397945969528768e-01
5.211587146966519674e-02 -4.014042241805669819e-01
5.259809369116114075e-02 -4.937500422050334348e-01
5.308477785993622605e-02 -5.842401053823412793e-01
5.357596526188031921e-02 -6.721902958257164329e-01
5.407169756489689505e-02 -7.565976209419090770e-01
5.457201682243782020e-02 -8.354425521533793697e-01
5.507696547707074258e-02 -9.070638308301434138e-01
5.558658636407956544e-02 -9.691722392503514527e-01
5.610092271509817263e-02 -1.019117755237769041e+00
5.662001816177784919e-02 -1.056799597510228894e+00
5.714391673948858441e-02 -1.084000198874318865e+00
5.767266289105461158e-02 -1.099930828373744118e+00
5.820630147052456571e-02 -1.102160474079131980e+00
5.874487774697647463e-02 -1.090295396835249564e+00
5.928843740835800652e-02 -1.065092416849856560e+00
5.983702656536217523e-02 -1.027415956389526430e+00
6.039069175533900991e-02 -9.787305268191087704e-01
6.094947994624332760e-02 -9.206628329799125821e-01
6.151343854061908090e-02 -8.543610412706567070e-01
6.208261537962055793e-02 -7.822837126077218928e-01
6.265705874707079570e-02 -7.074698721096516207e-01
6.323681737355757448e-02 -6.327163145047692838e-01
6.382194044056720139e-02 -5.608743177552865111e-01
6.441247758465670770e-02 -4.928125530109913610e-01
6.500847890166451537e-02 -4.285749458207145923e-01
6.560999495096016265e-02 -3.679999385523644584e-01
6.621707675973323437e-02 -3.139626522694859423e-01
6.682977582732212152e-02 -2.700395179220891340e-01
6.744814412958269334e-02 -2.363486510338416169e-01
6.807223412329750645e-02 -2.118792050158147533e-01
6.870209875062577298e-02 -1.969653570217766436e-01
6.933779144359443480e-02 -1.925943273741292927e-01
6.997936612863091266e-02 -1.983586902625633641e-01
7.062687723113772464e-02 -2.127487880695961009e-01
7.128037968010941805e-02 -2.339782153161490963e-01
7.193992891279228641e-02 -2.603633007142310274e-01
7.260558087938712157e-02 -2.893470249588006027e-01
7.327739204779559756e-02 -3.177168872280474732e-01
7.395541940841038331e-02 -3.441748497038671362e-01
7.463972047894983086e-02 -3.679905222292007561e-01
7.533035330933711415e-02 -3.869984721959346952e-01
7.602737648662480363e-02 -3.991052304507399229e-01
7.673084913996473799e-02 -4.021179644858201008e-01
7.744083094562408121e-02 -3.922444514388643277e-01
7.815738213204771745e-02 -3.655740545702884092e-01
7.888056348496745585e-02 -3.201727576406602771e-01
7.961043635255853068e-02 -2.560544102645856968e-01
8.034706265064388286e-02 -1.751420819937931639e-01
8.109050486794652790e-02 -8.168686652748967381e-02
8.184082607139045451e-02 2.076583790943158786e-02
8.259808991145077550e-02 1.280086032958693831e-01
8.336236062755317255e-02 2.333238144607362730e-01
8.413370305352339817e-02 3.298825459022975970e-01
8.491218262308725118e-02 4.112795405386412417e-01
8.569786537542128935e-02 4.737240928993512457e-01
8.649081796075511197e-02 5.141818604813437332e-01
8.729110764602522610e-02 5.303438654775005645e-01
8.809880232058149574e-02 5.233906921918741739e-01
8.891397050194617402e-02 4.967844423789810615e-01
8.973668134162636478e-02 4.548472806472993457e-01
9.056700463098016352e-02 4.017261592733553099e-01
9.140501080713717141e-02 3.408722062035023370e-01
9.225077095897371571e-02 2.758001834779743588e-01
9.310435683314341460e-02 2.084735881282552827e-01
9.396584084016346150e-02 1.383172458132391203e-01
9.483529606055735028e-02 6.364438563316200670e-02
9.571279625105433286e-02 -1.626491392248570478e-02
9.659841585084624760e-02 -9.924121143460087890e-02
9.749222998790231520e-02 -1.801323961594679668e-01
9.839431448534229074e-02 -2.512785948168410055e-01
9.930474586786862401e-02 -3.033722821160684813e-01
1.002236013682581001e-01 -3.284313778260643524e-01
1.011509589339136261e-01 -3.220221895390750766e-01
1.020868972334765118e-01 -2.842643844247421669e-01
1.030314956635000612e-01 -2.196897109783135515e-01
1.039848343551848381e-01 -1.345716347151318382e-01
1.049469941811762563e-01 -4.013408940580806550e-02
1.059180567624251473e-01 4.868950617340585263e-02
1.068981044751116660e-01 1.201187094195469707e-01
1.078872204576332705e-01 1.669686326584738090e-01
1.088854886176578857e-01 1.866389030851424990e-01
1.098929936392411960e-01 1.813303596376298066e-01
1.109098209900108989e-01 1.561150291189475903e-01
1.119360569284169327e-01 1.183558942626985744e-01
1.129717885110488318e-01 7.796648767442490580e-02
1.140171036000208610e-01 4.299861071703959398e-02
1.150720908704253725e-01 1.709864492065748393e-02
1.161368398178553030e-01 -1.430631489604285633e-03
1.172114407659960583e-01 -1.700399932219196636e-02
1.182959848742878711e-01 -3.212064222108235167e-02
1.193905641456588368e-01 -4.508838177878764231e-02
1.204952714343296982e-01 -4.991976106995214824e-02
1.216102004536907116e-01 -3.890432331796392362e-02
1.227354457842514679e-01 -6.270706150047951517e-03
1.238711028816642246e-01 4.922869799866845530e-02
1.250172680848215256e-01 1.223390318874975208e-01
1.261740386240287060e-01 2.019151312220151262e-01
1.273415126292520017e-01 2.743810137515144132e-01
1.285197891384431412e-01 3.281938037073697245e-01
1.297089681059406807e-01 3.572366920257124545e-01
1.309091504109492210e-01 3.608504354260869129e-01
1.321204378660972845e-01 3.437381632047757929e-01
1.333429332260739619e-01 3.142956721911248641e-01
1.345767401963457455e-01 2.804764411937274438e-01
1.358219634419541022e-01 2.477682310020879464e-01
1.370787085963940943e-01 2.188946441694787359e-01
1.383470822705755443e-01 1.938003023572870964e-01
1.396271920618668561e-01 1.709992010799994133e-01
1.409191465632226581e-01 1.495844763011731637e-01
1.422230553723957402e-01 1.300676792944203963e-01
1.435390291012345054e-01 1.142716416597230472e-01
1.448671793850661305e-01 1.042665066090134457e-01
1.462076188921667408e-01 1.000856622671294494e-01
1.475604613333192650e-01 9.886082042156874028e-02
1.489258214714594686e-01 9.742026967774283785e-02
1.503038151314115001e-01 9.416054858936578897e-02
1.516945592097135032e-01 8.829485693763454435e-02
1.530981716845338514e-01 7.972550644896853056e-02
1.545147716256795034e-01 6.964258305970134899e-02
1.559444792046968120e-01 6.005204520530720708e-02
1.573874157050657585e-01 5.264244526385054163e-02
1.588437035324885005e-01 4.762756801555986103e-02
1.603134662252732601e-01 4.405511830456249056e-02
1.617968284648141075e-01 4.064471883629229565e-02
1.632939160861678896e-01 3.630498466689006942e-02
1.648048560887288572e-01 3.055453924822307959e-02
1.663297766470022421e-01 2.364692883401679421e-02
1.678688071214773092e-01 1.630856996433674780e-02
1.694220780696012729e-01 9.333573525993978798e-03
1.709897212568544100e-01 3.288273836126264123e-03
1.725718696679281183e-01 -1.535790046945499339e-03
1.741686575180058927e-01 -5.025321990650419464e-03
1.757802202641490508e-01 -7.204761946537446143e-03
1.774066946167877357e-01 -8.221531474801332603e-03
1.790482185513180002e-01 -8.313562083115332360e-03
1.807049313198066387e-01 -7.798035235922254858e-03
1.823769734628039041e-01 -7.051652763890426875e-03
1.840644868212657215e-01 -6.372334435333699108e-03
1.857676145485862573e-01 -5.884036579991589952e-03
1.874865011227417610e-01 -5.595459028459638835e-03
1.892212923585466500e-01 -5.464741392083592546e-03
1.909721354200232812e-01 -5.429316373145550052e-03
1.927391788328859101e-01 -5.423435964746857810e-03
1.945225724971403058e-01 -5.391554917242783254e-03
1.963224676997999407e-01 -5.296941213653957696e-03
1.981390171277197521e-01 -5.124915653831593754e-03
1.999723748805487533e-01 -4.881091720900389459e-03
2.018226964838024939e-01 -4.585731811767948876e-03
2.036901389020563946e-01 -4.266290664214945037e-03
2.055748605522611239e-01 -3.950035640964397188e-03
2.074770213171814870e-01 -3.658251431313821415e-03
2.093967825589591880e-01 -3.403082913179273500e-03
2.113343071328015188e-01 -3.187123926560678916e-03
2.132897594007963638e-01 -3.005223762591531164e-03
2.152633052458553520e-01 -2.847638830898062152e-03
2.172551120857857954e-01 -2.703459118900415625e-03
2.192653488874928835e-01 -2.563491192937632657e-03
2.212941861813133015e-01 -2.422022903427906940e-03
2.233417960754816023e-01 -2.277280959967460574e-03
2.254083522707301113e-01 -2.130780263265668901e-03
2.274940300750243338e-01 -1.986035047929665589e-03
2.295990064184343371e-01 -1.847117147948944878e-03
2.317234598681440494e-01 -1.717428603494677635e-03
2.338675706435991430e-01 -1.598969447360977687e-03
2.360315206317953052e-01 -1.492193919926059105e-03
2.382154934027078952e-01 -1.396293221535158764e-03
2.404196742248643215e-01 -1.309723349371264825e-03
2.426442500810605807e-01 -1.230778371099488459e-03
2.448894096842231527e-01 -1.158010811204344048e-03
2.471553434934177784e-01 -1.090439969238375661e-03
2.494422437300061746e-01 -1.027543884547778893e-03
2.517503043939524621e-01 -9.691114443739223556e-04
2.540797212802803351e-01 -9.150550828948014965e-04
2.564306919956825248e-01 -8.652398981903015006e-04
2.588034159752838903e-01 -8.194043167639604702e-04
2.611980944995599963e-01 -7.771734568763725981e-04
2.636149307114114548e-01 -7.381163193566177890e-04
2.660541296333971961e-01 -7.018234605453310031e-04
2.685158981851264448e-01 -6.679655556571850511e-04
2.710004452008120124e-01 -6.363166670873653249e-04
2.735079814469859039e-01 -6.067385421947643501e-04
2.760387196403787935e-01 -5.791458254697574208e-04
2.785928744659650347e-01 -5.534721487795867976e-04
2.811706625951746474e-01 -5.296421948018534493e-04
2.837723027042736712e-01 -5.075577104705656858e-04
2.863980154929147148e-01 -4.870933193162726624e-04
2.890480237028591470e-01 -4.681152491129553748e-04
2.917225521368724817e-01 -4.505204506242572993e-04
2.944218276777946230e-01 -4.341974001312090266e-04
2.971460793077864704e-01 -4.189949960652348030e-04
2.998955381277548238e-01 -4.047632434320928840e-04
3.026704373769569245e-01 -3.913747194019005153e-04
3.054710124527861281e-01 -3.787220351592085628e-04
3.082975009307412084e-01 -3.667174083495219677e-04
3.111501425845799029e-01 -3.552898308423960280e-04
3.140291794066590869e-01 -3.443853532063860718e-04
3.169348556284636298e-01 -3.339649901670204411e-04
3.198674177413242115e-01 -3.240023676695491495e-04
3.228271145173279288e-01 -3.144779970226204606e-04
3.258141970304215262e-01 -3.053796062875960195e-04
3.288289186777104134e-01 -2.966938273777863463e-04
3.318715352009545816e-01 -2.884033836320415629e-04
3.349423047082633609e-01 -2.804875907598687579e-04
3.380414876959910719e-01 -2.729189043292334915e-04
3.411693470708350162e-01 -2.656658032169860852e-04
3.443261481721382467e-01 -2.586926414473163607e-04
3.475121587943982293e-01 -2.519663209654799492e-04
3.507276492099854481e-01 -2.454562179193142831e-04
3.539728921920687887e-01 -2.391363683601945695e-04
3.572481630377565276e-01 -2.329894942642612890e-04
3.605537395914496512e-01 -2.270038590988942184e-04
3.638899022684118911e-01 -2.211750768203837089e-04
3.672569340785573067e-01 -2.155024706930491372e-04
3.706551206504586360e-01 -2.099884037126286578e-04
3.740847502555770254e-01 -2.046329735936049620e-04
3.775461138327168009e-01 -1.994355162946872910e-04
3.810395050127058925e-01 -1.943909600011559222e-04
3.845652201433046868e-01 -1.894932359492000618e-04
3.881235583143457513e-01 -1.847323834638850274e-04
3.917148213831057602e-01 -1.800982668332661311e-04
3.953393139999124006e-01 -1.755845382977749033e-04
3.989973436339881996e-01 -1.711872048899593546e-04
4.026892205995331597e-01 -1.668966771088907486e-04
4.064152580820494798e-01 -1.627088177767655635e-04
4.101757721649089694e-01 -1.586281355463338818e-04
4.139710818561669892e-01 -1.546375731026214070e-04
4.178015091156238592e-01 -1.507247232719419877e-04
4.216673788821375668e-01 -1.469112793188098655e-04
4.255690191011881063e-01 -1.432098326733743064e-04
4.295067607526977249e-01 -1.396038093687812498e-04
4.334809378791081858e-01 -1.360712960707021672e-04
4.374918876137179335e-01 -1.326010772040861821e-04
4.415399502092812734e-01 -1.292095116516880882e-04
4.456254690668726703e-01 -1.259168024686209094e-04
4.497487907650175032e-01 -1.227202776639435317e-04
4.539102650890927682e-01 -1.196030993406587187e-04
4.581102450609997878e-01 -1.165549144883394606e-04
4.623490869691112004e-01 -1.135695465663966441e-04
4.666271503984954494e-01 -1.106395617337158397e-04
4.709447982614206052e-01 -1.077628229196534571e-04
4.753023968281406275e-01 -1.049486329904878508e-04
4.797003157579664556e-01 -1.022108347304056180e-04
4.841389281306244796e-01 -9.955453217279304533e-05
4.886186104779052797e-01 -9.697457664082410357e-05
4.931397428156051865e-01 -9.446279835501251543e-05
4.977027086757634389e-01 -9.201400087852426709e-05
