5.023078951391972766e-05 2.617661318563048456e-02
5.069556928683388889e-05 2.712456600196971879e-02
5.116464961403767209e-05 2.810088438265873068e-02
5.163807028806978715e-05 2.912020279353964847e-02
5.211587146966517408e-05 3.016689801360272760e-02
5.259809369116105792e-05 3.125052329698652098e-02
5.308477785993620074e-05 3.237793195000956969e-02
5.357596526188023334e-05 3.355067463774105696e-02
5.407169756489686838e-05 3.475634398830668159e-02
5.457201682243774209e-05 3.600681849027101422e-02
5.507696547707072019e-05 3.729843883097763713e-02
5.558658636407947621e-05 3.864126297908349050e-02
5.610092271509814368e-05 4.004037216024866619e-02
5.662001816177776272e-05 4.147320238149573846e-02
5.714391673948855254e-05 4.296081700470730236e-02
5.767266289105452040e-05 4.449911300582742868e-02
5.820630147052453362e-05 4.609231227313562163e-02
5.874487774697638518e-05 4.774631640763313256e-02
5.928843740835797296e-05 4.945748593380991376e-02
5.983702656536208243e-05 5.122182916045586731e-02
6.039069175533898090e-05 5.304732410486895366e-02
6.094947994624323197e-05 5.494169170509899391e-02
6.151343854061905325e-05 5.690800688749914071e-02
6.208261537962046349e-05 5.893539871425776400e-02
6.265705874707077272e-05 6.103288384529056976e-02
6.323681737355747149e-05 6.320288795692746708e-02
6.382194044056716117e-05 6.545037229766059728e-02
6.441247758465660166e-05 6.777547454775090241e-02
6.500847890166448447e-05 7.018462340770703634e-02
6.560999495096006865e-05 7.267297209578454931e-02
6.621707675973320618e-05 7.523933087454875990e-02
6.682977582732201624e-05 7.791457180788080583e-02
6.744814412958265366e-05 8.067177027792687971e-02
6.807223412329740388e-05 8.352374735599438216e-02
6.870209875062573948e-05 8.646391726486196694e-02
6.933779144359432660e-05 8.951348866178393537e-02
6.997936612863088740e-05 9.266392914739574049e-02
7.062687723113762230e-05 9.593433848205590309e-02
7.128037968010938271e-05 9.930856313887970188e-02
7.193992891279217604e-05 1.027977168139392883e-01
7.260558087938708525e-05 1.064192753280980286e-01
7.327739204779548296e-05 1.101498265662775866e-01
7.395541940841035122e-05 1.140048546056878775e-01
7.463972047894970900e-05 1.180023574362191741e-01
7.533035330933708054e-05 1.221440516755790129e-01
7.602737648662468122e-05 1.264229053799730274e-01
7.673084913996470135e-05 1.308290353514358628e-01
7.744083094562397159e-05 1.353869576893815818e-01
7.815738213204768861e-05 1.400884599817576737e-01
7.888056348496733539e-05 1.449668035378739450e-01
7.961043635255848851e-05 1.500179203297891117e-01
8.034706265064376881e-05 1.552239408133050391e-01
8.109050486794647857e-05 1.606009454998881258e-01
8.184082607139033080e-05 1.661461883752399782e-01
8.259808991145073235e-05 1.718943297518561453e-01
8.336236062755304006e-05 1.778400344208584949e-01
8.413370305352336012e-05 1.839522237910926616e-01
8.491218262308711999e-05 1.902770217847231660e-01
8.569786537542125422e-05 1.968288750719000557e-01
8.649081796075497601e-05 2.035740167273385470e-01
8.729110764602517904e-05 2.105329676821773299e-01
8.809880232058136021e-05 2.177158830378060905e-01
8.891397050194612133e-05 2.251621834171753100e-01
8.973668134162622167e-05 2.328188089886795709e-01
9.056700463098011755e-05 2.407238926699124537e-01
9.140501080713702852e-05 2.489063955386685567e-01
9.225077095897366963e-05 2.573372073566622120e-01
9.310435683314326931e-05 2.660203317923532929e-01
9.396584084016341878e-05 2.750127879364321348e-01
9.483529606055720999e-05 2.842740742692622113e-01
9.571279625105427573e-05 2.938286785426298398e-01
9.659841585084609408e-05 3.037004743913247484e-01
9.749222998790226565e-05 3.138590816889081925e-01
9.839431448534213939e-05 3.243637893186617216e-01
9.930474586786856308e-05 3.351415457695510192e-01
1.002236013682579583e-04 3.463048932094732191e-01
1.011509589339134820e-04 3.578083040965320816e-01
1.020868972334763565e-04 3.696639236546659379e-01
1.030314956634999056e-04 3.818902124398080300e-01
1.039848343551846730e-04 3.944800074931038569e-01
1.049469941811760989e-04 4.074470897515050094e-01
1.059180567624249856e-04 4.208198640646307886e-01
1.068981044751114967e-04 4.346094621458460594e-01
1.078872204576332200e-04 4.488110504387210486e-01
1.088854886176578347e-04 4.634500933498326702e-01
1.098929936392411427e-04 4.785067281960917462e-01
1.109098209900108428e-04 4.940160766837706774e-01
1.119360569284168759e-04 5.100035190383138684e-01
1.129717885110487723e-04 5.264763785581783040e-01
1.140171036000207905e-04 5.434133694203731046e-01
1.150720908704253189e-04 5.608618579577426821e-01
1.161368398178552329e-04 5.788043048167512694e-01
1.172114407659959940e-04 5.972687885260392626e-01
1.182959848742878010e-04 6.162726351216103460e-01
1.193905641456587704e-04 6.358164236614327613e-01
1.204952714343296340e-04 6.558933395447592574e-01
1.216102004536906569e-04 6.765734468871316132e-01
1.227354457842514009e-04 6.978189095021258836e-01
1.238711028816641597e-04 7.196437091884231307e-01
1.250172680848214582e-04 7.420946547271594085e-01
1.261740386240286192e-04 7.651494465713710724e-01
1.273415126292519537e-04 7.888406268373389096e-01
1.285197891384430753e-04 8.131955750935357941e-01
1.297089681059405996e-04 8.381869662254044506e-01
1.309091504109491746e-04 8.638669011426030053e-01
1.321204378660972237e-04 8.902192156031087933e-01
1.333429332260738904e-04 9.172630578409552982e-01
1.345767401963456707e-04 9.450099429206604285e-01
1.358219634419540367e-04 9.735073166921299759e-01
1.370787085963940223e-04 1.002695725211914635e+00
1.383470822705754793e-04 1.032693857094153955e+00
1.396271920618667869e-04 1.063392625737701991e+00
1.409191465632225878e-04 1.094889131100634572e+00
1.422230553723956845e-04 1.127162003223834752e+00
1.435390291012344252e-04 1.160230176735762342e+00
1.448671793850660400e-04 1.194137392048551405e+00
1.462076188921666593e-04 1.228833467437038252e+00
1.475604613333191787e-04 1.264370265978452146e+00
1.489258214714593792e-04 1.300752895057875058e+00
1.503038151314114394e-04 1.338020504811169076e+00
1.516945592097134355e-04 1.376122017698363287e+00
1.530981716845337536e-04 1.415102739215213568e+00
1.545147716256794134e-04 1.454979598856806611e+00
1.559444792046967400e-04 1.495720339935314058e+00
1.573874157050656830e-04 1.537409757674593536e+00
1.588437035324884346e-04 1.579966456968930899e+00
1.603134662252731857e-04 1.623456432566911189e+00
1.617968284648140247e-04 1.667864127360051185e+00
1.632939160861678171e-04 1.713210378203548601e+00
1.648048560887287726e-04 1.759492197525839075e+00
1.663297766470021616e-04 1.806743449565585635e+00
1.678688071214772372e-04 1.854919768046224604e+00
1.694220780696011769e-04 1.904028624607954967e+00
1.709897212568543161e-04 1.954079889574718010e+00
1.725718696679280292e-04 2.005120365465227650e+00
1.741686575180057981e-04 2.057097104858126357e+00
1.757802202641489621e-04 2.110025410452427863e+00
1.774066946167876340e-04 2.163957657723862837e+00
1.790482185513179233e-04 2.218800609397574064e+00
1.807049313198065489e-04 2.274571678878825054e+00
1.823769734628037913e-04 2.331324259288447109e+00
1.840644868212656232e-04 2.388995105446229061e+00
1.857676145485861856e-04 2.447590495793603438e+00
1.874865011227416648e-04 2.507100404223029599e+00
1.892212923585465481e-04 2.567543212944382702e+00
1.909721354200231774e-04 2.628889051336278371e+00
1.927391788328858225e-04 2.691078533612079937e+00
1.945225724971402217e-04 2.754177696970245393e+00
1.963224676997998364e-04 2.818152823933356643e+00
1.981390171277196339e-04 2.882952030447304637e+00
1.999723748805486438e-04 2.948639332812852842e+00
2.018226964838024009e-04 3.015116518884802588e+00
2.036901389020562758e-04 3.082421919945360855e+00
2.055748605522610226e-04 3.150513144478910732e+00
2.074770213171813838e-04 3.219375391176956924e+00
2.093967825589591067e-04 3.288996005103715703e+00
2.113343071328014028e-04 3.359322760442839950e+00
2.132897594007962582e-04 3.430304178333518195e+00
2.152633052458552464e-04 3.501988854727432710e+00
2.172551120857856867e-04 3.574318754421845767e+00
2.192653488874927710e-04 3.647235067947935505e+00
2.212941861813132042e-04 3.720720551886159910e+00
2.233417960754814700e-04 3.794732628381900952e+00
2.254083522707299957e-04 3.869284352867673249e+00
2.274940300750242182e-04 3.944290088191166888e+00
2.295990064184342335e-04 4.019709811958286139e+00
2.317234598681439486e-04 4.095583777365934708e+00
2.338675706435990400e-04 4.171848164154940974e+00
2.360315206317952072e-04 4.248512336354156815e+00
2.382154934027077783e-04 4.325511215064576476e+00
2.404196742248642152e-04 4.402832593965758434e+00
2.426442500810604638e-04 4.480461509150401866e+00
2.448894096842230486e-04 4.558354708562028179e+00
2.471553434934176704e-04 4.636428583696584838e+00
2.494422437300060683e-04 4.714748110421940197e+00
2.517503043939523389e-04 4.793196007994801278e+00
2.540797212802799600e-04 4.871804880219123390e+00
2.564306919956823639e-04 4.950489622602091799e+00
2.588034159752835108e-04 5.029262074759536461e+00
2.611980944995598449e-04 5.108057889462507717e+00
2.636149307114110576e-04 5.186852028745853715e+00
2.660541296333970591e-04 5.265660739926424583e+00
2.685158981851260332e-04 5.344452906310152684e+00
2.710004452008118992e-04 5.423280161189936166e+00
2.735079814469854585e-04 5.502163828119428501e+00
2.760387196403786352e-04 5.581085838716667524e+00
2.785928744659646244e-04 5.660054188059959301e+00
2.811706625951744943e-04 5.739084284428301430e+00
2.837723027042732206e-04 5.818208895676455938e+00
2.863980154929145596e-04 5.897434196978807108e+00
2.890480237028587147e-04 5.976758809081800905e+00
2.917225521368723654e-04 6.056196811993004303e+00
2.944218276777941460e-04 6.135805782992335367e+00
2.971460793077862809e-04 6.215591043350094935e+00
2.998955381277543806e-04 6.295584970208743414e+00
3.026704373769567558e-04 6.375842544690634384e+00
3.054710124527856862e-04 6.456461116023724855e+00
3.082975009307410805e-04 6.537544402053242720e+00
3.111501425845793981e-04 6.619210808693786419e+00
3.140291794066589742e-04 6.701551493848626251e+00
3.169348556284631532e-04 6.784685132272080921e+00
3.198674177413240549e-04 6.868752593685904628e+00
3.228271145173274015e-04 6.953747635431106744e+00
3.258141970304213376e-04 7.039893655649009929e+00
3.288289186777098899e-04 7.127242156205433332e+00
3.318715352009544311e-04 7.215936153876910453e+00
3.349423047082628730e-04 7.306030021205820901e+00
3.380414876959908759e-04 7.397759155436766321e+00
3.411693470708344737e-04 7.491218055023011857e+00
3.443261481721376959e-04 7.586608480171108226e+00
3.475121587943980571e-04 7.684181162171711321e+00
3.507276492099853089e-04 7.784181686317310778e+00
3.539728921920686291e-04 7.886771834908671508e+00
3.572481630377563155e-04 7.992142684593460444e+00
3.605537395914494461e-04 8.100484979152042797e+00
3.638899022684116756e-04 8.211960652113774017e+00
3.672569340785571189e-04 8.326746697016488952e+00
3.706551206504584361e-04 8.445037309084625576e+00
3.740847502555768537e-04 8.567001647688314847e+00
3.775461138327166157e-04 8.692759733298615288e+00
3.810395050127056535e-04 8.822632176192314546e+00
3.845652201433044800e-04 8.956842121542507584e+00
3.881235583143455314e-04 9.095691585112561484e+00
3.917148213831055581e-04 9.239378614419152314e+00
3.953393139999122029e-04 9.388088615246019231e+00
3.989973436339879658e-04 9.542049447978001808e+00
4.026892205995329641e-04 9.701359142583555695e+00
4.064152580820493067e-04 9.866113465088233170e+00
4.101757721649087638e-04 1.003645274517170094e+01
4.139710818561667671e-04 1.021245333205702366e+01
4.178015091156236623e-04 1.039428002749313862e+01
4.216673788821373339e-04 1.058215062972888632e+01
4.255690191011879072e-04 1.077628696004839526e+01
4.295067607526975085e-04 1.097680776108914813e+01
4.334809378791080114e-04 1.118384542273572890e+01
4.374918876137176907e-04 1.139740127467480590e+01
4.415399502092810661e-04 1.161742168268411035e+01
4.456254690668724240e-04 1.184382861079011207e+01
4.497487907650172460e-04 1.207653346980711717e+01
4.539102650890925188e-04 1.231547118885542602e+01
4.581102450609995588e-04 1.256072480580577633e+01
4.623490869691109775e-04 1.281239770451394122e+01
4.666271503984952018e-04 1.307053029045876258e+01
4.709447982614203398e-04 1.333502339677760062e+01
4.753023968281404267e-04 1.360563104965504522e+01
4.797003157579662197e-04 1.388208232347271576e+01
4.841389281306242276e-04 1.416404288398953781e+01
4.886186104779050065e-04 1.445115718109541092e+01
4.931397428156048934e-04 1.474315721309221772e+01
4.977027086757631865e-04 1.503995806105982069e+01
5.023078951391972630e-04 1.534152508592080721e+01
5.069556928683394310e-04 1.564758148006413307e+01
5.116464961403767615e-04 1.595771459619490429e+01
5.163807028806984001e-04 1.627138911841861102e+01
5.211587146966517679e-04 1.658788666913336840e+01
5.259809369116111213e-04 1.690657663262069832e+01
5.308477785993620480e-04 1.722698049353694216e+01
5.357596526188028755e-04 1.754874043272327810e+01
5.407169756489687380e-04 1.787166663984204718e+01
5.457201682243779765e-04 1.819514314023548707e+01
5.507696547707071613e-04 1.851842143837872356e+01
5.558658636407953855e-04 1.884049805944360401e+01
5.610092271509814097e-04 1.916032041549851783e+01
5.662001816177782100e-04 1.947689345494070778e+01
5.714391673948855796e-04 1.978957145583909494e+01
5.767266289105457732e-04 2.009781231290089920e+01
5.820630147052453362e-04 2.040091184923834078e+01
5.874487774697645295e-04 2.069775434052436935e+01
5.928843740835797703e-04 2.098699927328165415e+01
5.983702656536214748e-04 2.126716478569201740e+01
6.039069175533897955e-04 2.153681254040040471e+01
6.094947994624330245e-04 2.179491987185531343e+01
6.151343854061905054e-04 2.204075345626634430e+01
6.208261537962052583e-04 2.227322056765252967e+01
6.265705874707077272e-04 2.249085947087063175e+01
6.323681737355754196e-04 2.269198092741987693e+01
6.382194044056716930e-04 2.287479216620184275e+01
6.441247758465667213e-04 2.303788914819534739e+01
6.500847890166448718e-04 2.318038974502968586e+01
6.560999495096013099e-04 2.330143372419068726e+01
6.621707675973320618e-04 2.339984951569465466e+01
6.682977582732208943e-04 2.347411596090663011e+01
6.744814412958265908e-04 2.352266681780059798e+01
6.807223412329747435e-04 2.354434087310364987e+01
6.870209875062573135e-04 2.353874574320740010e+01
6.933779144359439707e-04 2.350581746621224966e+01
6.997936612863087926e-04 2.344522311359837374e+01
7.062687723113768735e-04 2.335637915405048659e+01
7.128037968010938813e-04 2.323879808241766654e+01
7.193992891279217062e-04 2.309267237209519408e+01
7.260558087938709338e-04 2.291906545534587991e+01
7.327739204779548567e-04 2.271949803341619400e+01
7.395541940841035122e-04 2.249526984713214262e+01
7.463972047894970900e-04 2.224736399092431327e+01
7.533035330933707512e-04 2.197737939738043877e+01
7.602737648662468394e-04 2.168778133843698441e+01
7.673084913996469593e-04 2.138199860833952926e+01
7.744083094562396888e-04 2.106338895044033421e+01
7.815738213204768319e-04 2.073494605650937217e+01
7.888056348496733268e-04 2.039975175385009010e+01
7.961043635255849122e-04 2.006167525471948210e+01
8.034706265064376881e-04 1.972561751639459260e+01
8.109050486794647586e-04 1.939655698896932989e+01
8.184082607139033351e-04 1.907876498893054773e+01
8.259808991145073777e-04 1.877619960973843405e+01
8.336236062755303464e-04 1.849330972347753388e+01
8.413370305352335741e-04 1.823549141238100191e+01
8.491218262308711457e-04 1.800791474401977510e+01
8.569786537542125422e-04 1.781455545447463251e+01
8.649081796075497059e-04 1.765876614303279268e+01
8.729110764602518446e-04 1.754442430724096269e+01
8.809880232058135479e-04 1.747587801120445405e+01
8.891397050194612675e-04 1.745672633651605565e+01
8.973668134162622167e-04 1.748896860814937071e+01
9.056700463098011755e-04 1.757409226735958541e+01
9.140501080713703394e-04 1.771423472411319722e+01
9.225077095897367234e-04 1.791178565695679481e+01
9.310435683314326931e-04 1.816751153667348717e+01
9.396584084016341336e-04 1.848069493247873751e+01
9.483529606055720457e-04 1.885112230819326129e+01
9.571279625105428386e-04 1.927971338367028054e+01
9.659841585084609408e-04 1.976650681136634091e+01
9.749222998790225752e-04 2.030975708406069202e+01
9.839431448534212855e-04 2.090794722028244479e+01
9.930474586786856850e-04 2.156139229190902284e+01
1.002236013682579474e-03 2.227056570184057094e+01
1.011509589339135715e-03 2.303415196364205642e+01
1.020868972334763565e-03 2.385119868527588949e+01
1.030314956635000221e-03 2.472311022119085777e+01
1.039848343551846811e-03 2.565191960547934968e+01
1.049469941811762182e-03 2.663817530572897141e+01
1.059180567624249964e-03 2.768319672640086537e+01
1.068981044751116105e-03 2.879079459166003829e+01
1.078872204576332037e-03 2.996517706477951748e+01
1.088854886176579377e-03 3.120948966470157160e+01
1.098929936392411318e-03 3.252761417548464351e+01
1.109098209900109648e-03 3.392509653685284121e+01
1.119360569284168650e-03 3.540748196239865564e+01
1.129717885110488942e-03 3.697860525561174683e+01
1.140171036000207959e-03 3.864289696342940772e+01
1.150720908704254246e-03 4.040554987944748433e+01
1.161368398178552275e-03 4.226890898023804510e+01
1.172114407659961268e-03 4.423353491194727383e+01
1.182959848742877983e-03 4.629990501011492654e+01
1.193905641456588897e-03 4.846610693236856093e+01
1.204952714343296340e-03 5.072614806873944815e+01
1.216102004536907897e-03 5.307164445889278426e+01
1.227354457842514063e-03 5.549200220466000388e+01
1.238711028816642844e-03 5.797218880684705766e+01
1.250172680848214528e-03 6.049282511886651292e+01
1.261740386240287493e-03 6.303298179155997616e+01
1.273415126292519375e-03 6.556760971820867212e+01
1.285197891384430753e-03 6.806695386905724376e+01
1.297089681059406105e-03 7.050234926536512603e+01
1.309091504109491638e-03 7.284379541355112053e+01
1.321204378660972237e-03 7.505884105409833751e+01
1.333429332260738795e-03 7.711888821582596165e+01
1.345767401963456761e-03 7.899993526372792019e+01
1.358219634419540259e-03 8.067974625294620239e+01
1.370787085963940223e-03 8.214545606966515834e+01
1.383470822705754793e-03 8.339376060885197717e+01
1.396271920618668031e-03 8.442758267961423257e+01
1.409191465632225878e-03 8.526373164463400656e+01
1.422230553723956683e-03 8.593157131361144252e+01
1.435390291012344360e-03 8.646740912328804995e+01
1.448671793850660455e-03 8.692071849253076721e+01
1.462076188921666809e-03 8.735025698849482012e+01
1.475604613333191895e-03 8.781603086338468245e+01
1.489258214714593792e-03 8.838446073406511516e+01
1.503038151314114394e-03 8.911809191939100572e+01
1.516945592097134138e-03 9.006969766004998235e+01
1.530981716845337699e-03 9.128525784352504502e+01
1.545147716256794297e-03 9.279122222745780846e+01
1.559444792046967400e-03 9.459486045208470273e+01
1.573874157050656830e-03 9.668443608935895384e+01
1.588437035324884346e-03 9.902308395802387508e+01
1.603134662252731803e-03 1.015548355603359170e+02
1.617968284648140355e-03 1.042049628966685759e+02
1.632939160861678063e-03 1.068869094893931759e+02
1.648048560887287834e-03 1.095135571075375509e+02
1.663297766470021562e-03 1.119972565841113408e+02
1.678688071214772372e-03 1.142658904198943901e+02
1.694220780696011714e-03 1.162698449444427951e+02
1.709897212568543216e-03 1.179878128118687357e+02
1.725718696679280238e-03 1.194349686777350001e+02
1.741686575180057981e-03 1.206568023951028010e+02
1.757802202641489675e-03 1.217341160876907367e+02
1.774066946167876394e-03 1.227684634497052514e+02
1.790482185513179178e-03 1.238741664947322931e+02
1.807049313198065598e-03 1.251650193865540217e+02
1.823769734628038130e-03 1.267344526641735598e+02
1.840644868212656287e-03 1.286466975780972177e+02
1.857676145485861801e-03 1.309175970737193779e+02
1.874865011227416648e-03 1.335137707327505439e+02
1.892212923585465589e-03 1.363485466368024959e+02
1.909721354200231936e-03 1.392918980883019344e+02
1.927391788328858225e-03 1.421817342540119569e+02
1.945225724971402000e-03 1.448472182516483997e+02
1.963224676997998418e-03 1.471287317744676102e+02
1.981390171277196393e-03 1.489006336405535365e+02
1.999723748805486492e-03 1.500904702363602894e+02
2.018226964838023847e-03 1.506856633676405011e+02
2.036901389020562975e-03 1.507341504335821298e+02
2.055748605522610389e-03 1.503301627571410677e+02
2.074770213171814055e-03 1.495928911310757030e+02
2.093967825589591013e-03 1.486359900441673005e+02
2.113343071328013974e-03 1.475409834055753038e+02
2.132897594007962527e-03 1.463325472128101410e+02
2.152633052458552410e-03 1.449704641055624847e+02
2.172551120857856705e-03 1.433523292985932471e+02
2.192653488874927656e-03 1.413371972990851759e+02
2.212941861813132096e-03 1.387827529924111616e+02
2.233417960754814809e-03 1.355882524602330648e+02
2.254083522707299794e-03 1.317338710460037703e+02
2.274940300750242020e-03 1.273062281586964986e+02
2.295990064184342226e-03 1.225053334992249745e+02
2.317234598681439540e-03 1.176198515743662654e+02
2.338675706435990129e-03 1.129815000298768410e+02
2.360315206317949686e-03 1.089015117373145074e+02
2.382154934027077946e-03 1.056059530617843620e+02
2.404196742248639659e-03 1.031822372021462968e+02
2.426442500810604367e-03 1.015547857802011862e+02
2.448894096842227884e-03 1.004937113798680741e+02
2.471553434934176379e-03 9.965686531142446825e+01
2.494422437300057756e-03 9.865565471011350951e+01
2.517503043939523389e-03 9.712626438343635016e+01
2.540797212802799708e-03 9.479035972445620928e+01
2.564306919956823531e-03 9.148888132500242421e+01
2.588034159752835000e-03 8.718635354036824481e+01
2.611980944995598557e-03 8.195266893641901618e+01
2.636149307114110576e-03 7.593480574424236806e+01
2.660541296333970591e-03 6.933653197430331261e+01
2.685158981851260441e-03 6.241671392972325805e+01
2.710004452008118667e-03 5.550280746390923525e+01
2.735079814469854910e-03 4.900394954401357950e+01
2.760387196403786460e-03 4.339846555788373905e+01
2.785928744659646027e-03 3.917575643860496371e+01
2.811706625951745052e-03 3.672791721509288010e+01
2.837723027042732531e-03 3.621515168957704844e+01
2.863980154929145813e-03 3.745209766970999254e+01
2.890480237028587255e-03 3.987321146267391470e+01
2.917225521368723654e-03 4.262150897809875261e+01
2.944218276777941460e-03 4.476209944515549921e+01
2.971460793077862917e-03 4.556975214567858501e+01
2.998955381277543589e-03 4.479255437683454488e+01
3.026704373769567667e-03 4.277947623907236618e+01
3.054710124527856754e-03 4.039111175941953036e+01
3.082975009307410696e-03 3.869023951608616585e+01
3.111501425845793981e-03 3.850331172571039673e+01
3.140291794066589742e-03 4.001489987769097922e+01
3.169348556284631423e-03 4.256787545021685304e+01
3.198674177413240657e-03 4.477615508217483864e+01
3.228271145173274449e-03 4.493446220287066240e+01
3.258141970304213268e-03 4.157911897506322418e+01
3.288289186777099225e-03 3.397901817799100854e+01
3.318715352009544203e-03 2.235810122748425499e+01
3.349423047082628838e-03 7.767788936621153439e+00
3.380414876959908759e-03 -8.315716719096574394e+00
3.411693470708344628e-03 -2.447003970483275026e+01
3.443261481721380645e-03 -3.966171918189471057e+01
3.475121587943980680e-03 -5.331113519883991358e+01
3.507276492099856667e-03 -6.511580352649295378e+01
3.539728921920686291e-03 -7.479312629020357406e+01
3.572481630377566733e-03 -8.193637028785342125e+01
3.605537395914494569e-03 -8.608748688826800333e+01
3.638899022684120767e-03 -8.698337995986493354e+01
3.672569340785571297e-03 -8.481009348911435097e+01
3.706551206504587938e-03 -8.028057466817585919e+01
3.740847502555768103e-03 -7.445016209444665378e+01
3.775461138327169952e-03 -6.833646404282140452e+01
3.810395050127056860e-03 -6.252413358189549797e+01
3.845652201433048811e-03 -5.695124600597241482e+01
3.881235583143455205e-03 -5.098374776346571480e+01
3.917148213831059267e-03 -4.373456986361692600e+01
3.953393139999122029e-03 -3.445414790794114168e+01
3.989973436339883453e-03 -2.278004791231181869e+01
4.026892205995329967e-03 -8.721565622980488541e+00
4.064152580820497296e-03 7.540514008026281800e+00
4.101757721649087855e-03 2.574795686406558914e+01
4.139710818561672008e-03 4.522036965722311663e+01
4.178015091156236406e-03 6.402355251534798697e+01
4.216673788821373448e-03 7.815422580595974011e+01
4.255690191011879397e-03 8.168727654337318711e+01
4.295067607526975410e-03 6.863139093459197682e+01
4.334809378791079464e-03 3.616127547936434894e+01
4.374918876137176907e-03 -1.253037091018333626e+01
4.415399502092810444e-03 -6.810253415470545235e+01
4.456254690668724240e-03 -1.187619213533137241e+02
4.497487907650172569e-03 -1.561680703564116186e+02
4.539102650890925079e-03 -1.796716148842685641e+02
4.581102450609995588e-03 -1.954788728861041420e+02
4.623490869691109124e-03 -2.109254986219862928e+02
4.666271503984952343e-03 -2.282137980426395245e+02
4.709447982614203831e-03 -2.429088230287183308e+02
4.753023968281404159e-03 -2.486443134115838518e+02
4.797003157579662197e-03 -2.437461729442648561e+02
4.841389281306242819e-03 -2.332526834220464025e+02
4.886186104779049848e-03 -2.238688439250779538e+02
4.931397428156049367e-03 -2.164373431224689739e+02
4.977027086757631648e-03 -2.036305818647492742e+02
5.023078951391972413e-03 -1.760737564208533001e+02
5.069556928683393443e-03 -1.319289117716223529e+02
5.116464961403767615e-03 -8.120425780563481055e+01
5.163807028806984001e-03 -4.067256954792928525e+01
5.211587146966517245e-03 -2.374228038742359104e+01
5.259809369116111646e-03 -3.360353685984573957e+01
5.308477785993619830e-03 -6.414088828613839155e+01
5.357596526188028972e-03 -1.060713188382184740e+02
5.407169756489686729e-03 -1.523349297116028822e+02
5.457201682243779765e-03 -1.989466308010808575e+02
5.507696547707071830e-03 -2.420684556289379827e+02
5.558658636407953421e-03 -2.751103184346531521e+02
5.610092271509814314e-03 -2.895128604529528502e+02
5.662001816177782317e-03 -2.794914390841790919e+02
5.714391673948855145e-03 -2.464237664182400636e+02
5.767266289105458382e-03 -1.974931056417275954e+02
5.820630147052453796e-03 -1.389365765291211119e+02
5.874487774697644861e-03 -7.167879100031881023e+01
5.928843740835797703e-03 4.214506755157174211e+00
5.983702656536214748e-03 8.113803861073675705e+01
6.039069175533898388e-03 1.436321976536178795e+02
6.094947994624329811e-03 1.794340308358725338e+02
6.151343854061904620e-03 1.903451821736499596e+02
6.208261537962052150e-03 1.905422865380710391e+02
6.265705874707076621e-03 1.943878564370774313e+02
6.323681737355753979e-03 2.061282095074121230e+02
6.382194044056716496e-03 2.192837980879258737e+02
6.441247758465666780e-03 2.238243653710424041e+02
6.500847890166448935e-03 2.140139873517783826e+02
6.560999495096013316e-03 1.888775754796606634e+02
6.621707675973320835e-03 1.444207134057678559e+02
6.682977582732208509e-03 7.207606431191479146e+01
6.744814412958265691e-03 -2.375543372212997895e+01
6.807223412329747002e-03 -1.090588653117933688e+02
6.870209875062573135e-03 -1.395084887392492305e+02
6.933779144359439491e-03 -1.015056114002202889e+02
6.997936612863088143e-03 -1.541730346817527675e+01
7.062687723113769168e-03 1.039861086571293498e+02
7.128037968010938162e-03 2.563348216422272117e+02
7.193992891279224651e-03 4.122957379727636180e+02
7.260558087938708688e-03 5.065769549788663539e+02
7.327739204779555940e-03 5.062281492849133429e+02
7.395541940841034688e-03 4.476655414850897614e+02
7.463972047894978923e-03 3.746371409490578799e+02
7.533035330933707946e-03 2.846529106744071100e+02
7.602737648662476200e-03 1.723587163890058491e+02
7.673084913996469809e-03 7.429942636957537161e+01
7.744083094562404478e-03 2.399937022832577327e+01
7.815738213204768969e-03 1.856689327179537941e+00
7.888056348496741074e-03 -2.897149133327869208e+01
7.961043635255848905e-03 -6.411872594965547023e+01
8.034706265064384470e-03 -7.053740403971121964e+01
8.109050486794647586e-03 -4.735592623480602015e+01
8.184082607139040941e-03 -3.815375629587779827e+01
8.259808991145072693e-03 -6.279771506741576559e+01
8.336236062755311704e-03 -7.869138727466764749e+01
8.413370305352335307e-03 -6.180474802703545834e+01
8.491218262308719913e-03 -6.941058278560100803e+01
8.569786537542124771e-03 -1.456882252304257293e+02
8.649081796075507034e-03 -2.420947577545345553e+02
8.729110764602518446e-03 -3.054293358462485912e+02
8.809880232058144370e-03 -3.406178139962100317e+02
8.891397050194612892e-03 -3.424803818119933112e+02
8.973668134162631274e-03 -2.935261143624111355e+02
9.056700463098012188e-03 -2.306496546984502061e+02
9.140501080713712284e-03 -1.937646104444587820e+02
9.225077095897368101e-03 -1.637729420706365033e+02
9.310435683314336255e-03 -1.354994261439937304e+02
9.396584084016341987e-03 -1.425028622512325001e+02
9.483529606055730865e-03 -1.689137161967968837e+02
9.571279625105427735e-03 -1.584645439461221770e+02
9.659841585084620250e-03 -1.056676766469358029e+02
9.749222998790225969e-03 -4.672159864265665874e+01
9.839431448534224564e-03 6.876050414996797144e+00
9.930474586786856850e-03 7.148802167984683820e+01
1.002236013682581035e-02 1.448603962435187782e+02
1.011509589339136365e-02 1.849250285683119159e+02
1.020868972334764216e-02 1.537949189597828763e+02
1.030314956634999571e-02 6.662222895997916794e+01
1.039848343551847375e-02 -3.297094425167230725e+01
1.049469941811761488e-02 -1.120108829911013970e+02
1.059180567624250398e-02 -1.416174549839057590e+02
1.068981044751115585e-02 -1.042370539964410909e+02
1.078872204576332774e-02 -6.482235912496179253e+00
1.088854886176578857e-02 1.061954770990492420e+02
1.098929936392411925e-02 1.595226392960278474e+02
1.109098209900108954e-02 1.533573733549265512e+02
1.119360569284169257e-02 1.120274574387317728e+02
1.129717885110488422e-02 -3.451633601362453874e+01
1.140171036000208610e-02 -3.095576066029781259e+02
1.150720908704253725e-02 -6.111986119134908222e+02
1.161368398178552926e-02 -8.308840070406807854e+02
1.172114407659960618e-02 -9.421273219470257345e+02
1.182959848742878677e-02 -9.754665520230448692e+02
1.193905641456588333e-02 -9.332311163471923692e+02
1.204952714343296948e-02 -8.306983010800145166e+02
1.216102004536907116e-02 -7.457230434557836816e+02
1.227354457842514714e-02 -7.324986432158589196e+02
1.238711028816642280e-02 -7.641756286576577395e+02
1.250172680848215222e-02 -8.271268931654060452e+02
1.261740386240286886e-02 -9.629082970730441957e+02
1.273415126292520155e-02 -1.135761114331000044e+03
1.285197891384431447e-02 -1.225260424348269225e+03
1.297089681059406668e-02 -1.190401566915340482e+03
1.309091504109492245e-02 -1.079320225856183924e+03
1.321204378660972845e-02 -9.142646086845425089e+02
1.333429332260739446e-02 -7.035833723726734661e+02
1.345767401963457455e-02 -4.979499274479365454e+02
1.358219634419540953e-02 -3.592083189087072128e+02
1.370787085963940874e-02 -2.624599176283060160e+02
1.383470822705755443e-02 -1.511664379737656247e+02
1.396271920618668769e-02 2.379090769298727537e+00
1.409191465632226616e-02 2.055112400707569122e+02
1.422230553723957507e-02 4.154165924383821107e+02
1.435390291012345054e-02 5.945330535333860098e+02
1.448671793850661235e-02 7.891687879779432251e+02
1.462076188921667373e-02 1.073404532552428918e+03
1.475604613333192545e-02 1.426799536902669388e+03
1.489258214714594616e-02 1.720826863641444788e+03
1.503038151314115174e-02 1.848764534047921188e+03
1.516945592097134962e-02 1.771257694702715526e+03
1.530981716845338306e-02 1.572590918191985338e+03
1.545147716256795034e-02 1.388639969749258171e+03
1.559444792046968224e-02 1.253752967435175833e+03
1.573874157050657654e-02 1.106616948077668212e+03
1.588437035324885213e-02 8.988131368832991939e+02
1.603134662252732670e-02 6.116079760396994516e+02
1.617968284648141006e-02 2.754014140096650181e+02
1.632939160861678757e-02 -2.566252473881320384e+01
1.648048560887288572e-02 -2.115126226010053188e+02
1.663297766470022560e-02 -3.108106333004934072e+02
1.678688071214773370e-02 -4.144377310272940917e+02
1.694220780696012452e-02 -5.413689574957941204e+02
1.709897212568544170e-02 -7.317716559641180538e+02
1.725718696679280975e-02 -1.053690533808518921e+03
1.741686575180058719e-02 -1.426213273822133942e+03
1.757802202641490716e-02 -1.676265289784565766e+03
1.774066946167877218e-02 -1.675134677249760898e+03
1.790482185513180002e-02 -1.420411714483848982e+03
1.807049313198066595e-02 -9.870668032407384089e+02
1.823769734628039041e-02 -4.982472519159854301e+02
1.840644868212657284e-02 -5.530369405740304956e+01
1.857676145485862712e-02 3.192936890175224107e+02
1.874865011227417472e-02 5.971148549166935027e+02
1.892212923585466500e-02 7.510819438362671008e+02
1.909721354200233021e-02 7.142071757965832148e+02
1.927391788328858963e-02 4.573773388335052914e+02
1.945225724971403128e-02 3.794762753369400343e+01
1.963224676997999199e-02 -6.016845921077640469e+02
1.981390171277197521e-02 -1.455861304305441763e+03
1.999723748805487533e-02 -2.317198403280151069e+03
2.018226964838025148e-02 -2.796778063927166386e+03
2.036901389020563669e-02 -2.461905147767010021e+03
2.055748605522611516e-02 -1.515887845733035647e+03
2.074770213171815009e-02 -6.737797438528546081e+02
2.093967825589591880e-02 -3.964640984843340448e+02
2.113343071328015188e-02 -6.462039807442242818e+02
2.132897594007963568e-02 -9.793609185364907717e+02
2.152633052458553450e-02 -9.210955537625770830e+02
2.172551120857858092e-02 -3.929017386375778642e+02
2.192653488874928697e-02 3.088006715955641539e+02
2.212941861813133224e-02 8.558380742216386352e+02
2.233417960754816023e-02 1.070476341978307346e+03
2.254083522707301182e-02 1.120696921975369605e+03
2.274940300750243408e-02 1.152209408092534431e+03
2.295990064184343440e-02 1.110806937835897543e+03
2.317234598681440494e-02 9.599603992507552448e+02
2.338675706435991430e-02 5.772199524373384065e+02
2.360315206317952982e-02 -1.833142786233950119e+02
2.382154934027079160e-02 -1.285101520187305368e+03
2.404196742248643215e-02 -2.168406118456369768e+03
2.426442500810605668e-02 -2.238195480863144439e+03
2.448894096842231527e-02 -1.456550074069673656e+03
2.471553434934177854e-02 -1.705761858229773225e+02
2.494422437300061746e-02 1.478506056034354060e+03
2.517503043939524690e-02 3.224050285267626350e+03
2.540797212802803351e-02 4.231650091925813285e+03
2.564306919956825179e-02 3.992830994935274248e+03
2.588034159752838903e-02 3.267930445235285333e+03
2.611980944995599685e-02 3.262945303015195805e+03
2.636149307114114479e-02 4.078230295267837846e+03
2.660541296333971892e-02 4.820861793916648821e+03
2.685158981851264517e-02 4.656823312336335221e+03
2.710004452008120401e-02 3.548430161491473882e+03
2.735079814469858900e-02 2.270987528875329190e+03
2.760387196403787588e-02 1.294943853576195806e+03
2.785928744659650277e-02 2.799269726956745217e+02
2.811706625951746613e-02 -1.143845808269794134e+03
2.837723027042736781e-02 -2.585420121490212296e+03
2.863980154929147287e-02 -3.215656097733569368e+03
2.890480237028591678e-02 -2.573572541849336176e+03
2.917225521368724955e-02 -1.203499486736017388e+03
2.944218276777946230e-02 1.182371479819960314e+01
2.971460793077864565e-02 1.009831046972593526e+03
2.998955381277548446e-02 2.124157585084753464e+03
3.026704373769569315e-02 3.383577291888489071e+03
3.054710124527861351e-02 4.259555436477793592e+03
3.082975009307412084e-02 4.033089898908187479e+03
3.111501425845798752e-02 2.642817269892995682e+03
3.140291794066590869e-02 5.832062611638868930e+02
3.169348556284636020e-02 -1.777812809941836122e+03
3.198674177413242392e-02 -3.614699316596627796e+03
3.228271145173278872e-02 -4.096936146664203079e+03
3.258141970304215262e-02 -3.663344773045137117e+03
3.288289186777100526e-02 -3.330802224560193736e+03
3.318715352009542208e-02 -3.566314123415936592e+03
3.349423047082630139e-02 -4.222177772798279875e+03
3.380414876959907111e-02 -4.672671059897449595e+03
3.411693470708346276e-02 -4.460576553552507903e+03
3.443261481721378997e-02 -4.140769953253366111e+03
3.475121587943982154e-02 -4.808855668741634872e+03
3.507276492099854759e-02 -6.225907009249202019e+03
3.539728921920688026e-02 -7.311127754768952400e+03
3.572481630377564998e-02 -7.733842922247861679e+03
3.605537395914496651e-02 -7.409004876030227024e+03
3.638899022684118773e-02 -6.705549058673092986e+03
3.672569340785573205e-02 -6.418851880044868267e+03
3.706551206504585944e-02 -6.434235631400491002e+03
3.740847502555770532e-02 -6.066211419219063828e+03
3.775461138327167870e-02 -5.045962307824915115e+03
3.810395050127058508e-02 -3.583705684276412740e+03
3.845652201433046730e-02 -2.136985410699245222e+03
3.881235583143457374e-02 -9.051166757840564969e+02
3.917148213831057185e-02 1.007835684448749589e+02
3.953393139999124284e-02 4.926205425901052877e+02
3.989973436339881718e-02 4.289284711392235749e+01
4.026892205995331875e-02 -7.616530383824810997e+02
4.064152580820495214e-02 -1.119782835194934250e+03
4.101757721649090110e-02 -7.001598442393018331e+02
4.139710818561669753e-02 2.087634572851504799e+01
4.178015091156239008e-02 2.574987427249720895e+01
4.216673788821375529e-02 -7.818488318352464148e+02
4.255690191011881479e-02 -9.902429489512512646e+02
4.295067607526977665e-02 -8.440914113404573982e+00
4.334809378791082413e-02 1.052342399431357990e+03
4.374918876137179335e-02 8.609674718739863692e+02
4.415399502092812872e-02 -4.834587478939229186e+02
4.456254690668726842e-02 -1.283218389554901023e+03
4.497487907650175171e-02 -2.147249922945968592e+02
4.539102650890927682e-02 1.500687204089751276e+03
4.581102450609998017e-02 1.403043120262033426e+03
4.623490869691111727e-02 -5.864103567573351938e+01
4.666271503984954078e-02 -8.911980879460495544e+02
4.709447982614205913e-02 -7.987879539732462035e+02
4.753023968281406414e-02 3.297750836628415527e+02
4.797003157579664973e-02 2.285705880826795692e+03
4.841389281306245074e-02 4.381394174953700713e+03
4.886186104779052797e-02 5.394856274669073173e+03
4.931397428156051449e-02 4.723810388166899429e+03
4.977027086757634250e-02 2.884843251489088289e+03
5.023078951391975189e-02 4.401472791873552524e+02
5.069556928683396219e-02 -1.400501572884022607e+03
5.116464961403770217e-02 -1.741329769838275297e+03
5.163807028806986776e-02 -1.135856885908041477e+03
5.211587146966519674e-02 -1.338374897604553553e+02
5.259809369116114075e-02 1.627104504126179108e+03
5.308477785993622605e-02 3.958551190224614402e+03
5.357596526188031921e-02 6.473128741138404621e+03
5.407169756489689505e-02 8.035737975017124882e+03
5.457201682243782020e-02 8.358919552077386470e+03
5.507696547707074258e-02 9.290952417284430339e+03
5.558658636407956544e-02 1.162738896297808787e+04
5.610092271509817263e-02 1.423820129734121656e+04
5.662001816177784919e-02 1.523126785979563647e+04
5.714391673948858441e-02 1.437474627803859221e+04
5.767266289105461158e-02 1.370930017512262748e+04
5.820630147052456571e-02 1.342570329392350504e+04
5.874487774697647463e-02 1.171799205247960344e+04
5.928843740835800652e-02 9.161929308396638589e+03
5.983702656536217523e-02 7.198209876727895789e+03
6.039069175533900991e-02 4.979680029567978636e+03
6.094947994624332760e-02 2.093825988644978679e+03
6.151343854061908090e-02 3.706451795079551630e+02
6.208261537962055793e-02 -4.331968849885324744e+02
6.265705874707079570e-02 -1.433852303834552913e+03
6.323681737355757448e-02 -2.660504063450736339e+03
6.382194044056720139e-02 -4.408211796099425555e+03
6.441247758465670770e-02 -5.526330472088541683e+03
6.500847890166451537e-02 -5.799736697038803868e+03
6.560999495096016265e-02 -6.687462989366485999e+03
6.621707675973323437e-02 -8.400545425922375216e+03
6.682977582732212152e-02 -1.006714292932997341e+04
6.744814412958269334e-02 -1.175235008698189267e+04
6.807223412329750645e-02 -1.264861070426780498e+04
6.870209875062577298e-02 -1.267976127872259531e+04
6.933779144359443480e-02 -1.280115272994750921e+04
6.997936612863091266e-02 -1.164556792928295363e+04
7.062687723113772464e-02 -8.644340285021726231e+03
7.128037968010941805e-02 -5.482718576855540050e+03
7.193992891279228641e-02 -2.715999840863464215e+03
7.260558087938712157e-02 -1.297096750213053156e+03
7.327739204779559756e-02 -2.614523541738826680e+03
7.395541940841038331e-02 -4.482654620013005115e+03
7.463972047894983086e-02 -4.389471823833422604e+03
7.533035330933711415e-02 -3.191098772182630000e+03
7.602737648662480363e-02 -2.715188027312251961e+03
7.673084913996473799e-02 -2.776912602934781717e+03
7.744083094562408121e-02 -2.042576958804387232e+03
7.815738213204771745e-02 -1.239305402210842203e+03
7.888056348496745585e-02 -7.561561132771648772e+02
7.961043635255853068e-02 1.153083032468387955e+03
8.034706265064388286e-02 3.611503528796812134e+03
8.109050486794652790e-02 4.227505354771211387e+03
8.184082607139045451e-02 3.880659862509950472e+03
8.259808991145077550e-02 3.684941876954480904e+03
8.336236062755317255e-02 2.963953633016269123e+03
8.413370305352339817e-02 2.008379294995967030e+03
8.491218262308725118e-02 9.366121267703638296e+02
8.569786537542128935e-02 4.280974433385654265e+02
8.649081796075511197e-02 2.959691551951255860e+03
8.729110764602522610e-02 5.864886747104431379e+03
8.809880232058149574e-02 5.520804500017960891e+03
8.891397050194617402e-02 3.604107464795481974e+03
8.973668134162636478e-02 1.743073389871822656e+03
9.056700463098016352e-02 9.867266668960942297e+02
9.140501080713717141e-02 9.511866817279133102e+02
9.225077095897371571e-02 7.501206413544223324e+02
9.310435683314341460e-02 5.037524045920599747e+02
9.396584084016346150e-02 5.943817286804460309e+00
9.483529606055735028e-02 -6.285523787036108843e+02
9.571279625105433286e-02 -1.165923230698326734e+03
9.659841585084624760e-02 -1.865057794658919192e+03
9.749222998790231520e-02 -3.101668867774499631e+03
9.839431448534229074e-02 -4.163685468732785012e+03
9.930474586786862401e-02 -4.248254358003572634e+03
1.002236013682581001e-01 -5.122506927778838872e+03
1.011509589339136261e-01 -7.971110954404450240e+03
1.020868972334765118e-01 -8.303836585423459837e+03
1.030314956635000612e-01 -3.628233409483080322e+03
1.039848343551848381e-01 2.879021838288339495e+03
1.049469941811762563e-01 9.022176778515713522e+03
1.059180567624251473e-01 1.272352550257898838e+04
1.068981044751116660e-01 1.081467631175986571e+04
1.078872204576332705e-01 5.638868397628513776e+03
1.088854886176578857e-01 3.118927688085136651e+03
1.098929936392411960e-01 4.429868570550725053e+03
1.109098209900108989e-01 5.505524731075519412e+03
1.119360569284169327e-01 4.037014941679819003e+03
1.129717885110488318e-01 1.880747236343076565e+03
1.140171036000208610e-01 6.670947707820641881e+02
1.150720908704253725e-01 4.698685209043283066e+02
1.161368398178553030e-01 4.152213060162962392e+02
1.172114407659960583e-01 1.862543980953228129e+02
1.182959848742878711e-01 -1.039433170937606974e+02
1.193905641456588368e-01 -5.503055184428294524e+02
1.204952714343296982e-01 -1.039879483488299911e+03
1.216102004536907116e-01 -1.334454555970914043e+03
1.227354457842514679e-01 -1.367218804742862176e+03
1.238711028816642246e-01 -1.242372133828570441e+03
1.250172680848215256e-01 -7.439071064299253067e+02
1.261740386240287060e-01 9.679918735387582274e+02
1.273415126292520017e-01 2.722150087014998462e+03
1.285197891384431412e-01 2.606565921662788242e+03
1.297089681059406807e-01 1.423557438136383098e+03
1.309091504109492210e-01 5.455913837539906126e+02
1.321204378660972845e-01 1.565526889722655142e+02
1.333429332260739619e-01 -1.906665415442128051e+02
1.345767401963457455e-01 -4.563294152184569157e+02
1.358219634419541022e-01 -5.489041709272021308e+02
1.370787085963940943e-01 -6.495041586017480313e+02
1.383470822705755443e-01 -8.349685149929564432e+02
1.396271920618668561e-01 -1.105398449890469692e+03
1.409191465632226581e-01 -1.358891325186619042e+03
1.422230553723957402e-01 -1.479439038907160921e+03
1.435390291012345054e-01 -1.525704664989936646e+03
1.448671793850661305e-01 -1.645720485701007647e+03
1.462076188921667408e-01 -1.669294516187485442e+03
1.475604613333192650e-01 -1.187496074690046498e+03
1.489258214714594686e-01 -2.770611013720726987e+02
1.503038151314115001e-01 4.076756516013448959e+02
1.516945592097135032e-01 3.790490489792381936e+02
1.530981716845338514e-01 -2.250531234751824741e+02
1.545147716256795034e-01 -7.073959350224859008e+02
1.559444792046968120e-01 -6.834329891525836729e+02
1.573874157050657585e-01 -4.292682096346158005e+02
1.588437035324885005e-01 -2.475235825276209596e+02
1.603134662252732601e-01 -1.986173117559460479e+02
1.617968284648141075e-01 -1.881278230095373374e+02
1.632939160861678896e-01 -1.509832596634452671e+02
1.648048560887288572e-01 -8.446247402585298403e+01
1.663297766470022421e-01 -1.023155626032331611e+01
1.678688071214773092e-01 4.488848694235164771e+01
1.694220780696012729e-01 5.474931126487678057e+01
1.709897212568544100e-01 2.694245211233294413e+00
1.725718696679281183e-01 -7.209389530408782321e+01
1.741686575180058927e-01 -8.180672986868182761e+01
1.757802202641490508e-01 -2.430620160603399427e+01
1.774066946167877357e-01 2.999378868843922419e+01
1.790482185513180002e-01 5.400252609647833424e+01
1.807049313198066387e-01 5.799533883094176190e+01
1.823769734628039041e-01 5.501088317972022423e+01
1.840644868212657215e-01 5.163759447105155687e+01
1.857676145485862573e-01 4.955186983475033458e+01
1.874865011227417610e-01 4.859141245711830948e+01
1.892212923585466500e-01 4.822736227585147617e+01
1.909721354200232812e-01 4.794171045983810586e+01
1.927391788328859101e-01 4.730935776787649161e+01
1.945225724971403058e-01 4.603604147388273304e+01
1.963224676997999407e-01 4.398564699978450676e+01
1.981390171277197521e-01 4.119442765018609975e+01
1.999723748805487533e-01 3.784738870684581968e+01
2.018226964838024939e-01 3.421227846038931375e+01
2.036901389020563946e-01 3.056649674209813838e+01
2.055748605522611239e-01 2.714362244415109160e+01
2.074770213171814870e-01 2.409694120667151651e+01
2.093967825589591880e-01 2.148504460499005120e+01
2.113343071328015188e-01 1.928648032615775776e+01
2.132897594007963638e-01 1.742765505423793115e+01
2.152633052458553520e-01 1.580709606667220157e+01
2.172551120857857954e-01 1.431864772462041913e+01
2.192653488874928835e-01 1.287877304312544169e+01
2.212941861813133015e-01 1.144518757817195365e+01
2.233417960754816023e-01 1.001673794637313364e+01
2.254083522707301113e-01 8.618993938926145404e+00
2.274940300750243338e-01 7.286562914908465416e+00
2.295990064184343371e-01 6.050845097631043501e+00
2.317234598681440494e-01 4.932994929838301346e+00
2.338675706435991430e-01 3.941343239784679042e+00
2.360315206317953052e-01 3.071698290732314263e+00
2.382154934027078952e-01 2.309491503232948162e+00
2.404196742248643215e-01 1.634804016047350927e+00
2.426442500810605807e-01 1.028538831595627201e+00
2.448894096842231527e-01 4.770822864345536374e-01
2.471553434934177784e-01 -2.680327871748477975e-02
2.494422437300061746e-01 -4.853034185825375602e-01
2.517503043939524621e-01 -8.982771208503184113e-01
2.540797212802803351e-01 -1.265324033161809858e+00
2.564306919956825248e-01 -1.587212785496303624e+00
2.588034159752838903e-01 -1.866585688492202522e+00
2.611980944995599963e-01 -2.107298433911450886e+00
2.636149307114114548e-01 -2.313408235340193908e+00
2.660541296333971961e-01 -2.488792815394106128e+00
2.685158981851264448e-01 -2.637123917673028117e+00
2.710004452008120124e-01 -2.761469901920646564e+00
2.735079814469859039e-01 -2.864090953567474784e+00
2.760387196403787935e-01 -2.946802748137996364e+00
2.785928744659650347e-01 -3.011485845736474154e+00
2.811706625951746474e-01 -3.060356917832868007e+00
2.837723027042736712e-01 -3.095593549468286021e+00
2.863980154929147148e-01 -3.119463530714711386e+00
2.890480237028591470e-01 -3.133605814331641426e+00
2.917225521368724817e-01 -3.139155019980415240e+00
2.944218276777946230e-01 -3.136844203285163779e+00
2.971460793077864704e-01 -3.127526904549377207e+00
2.998955381277548238e-01 -3.111891630077032733e+00
3.026704373769569245e-01 -3.090486625667098863e+00
3.054710124527861281e-01 -3.063732959692559543e+00
3.082975009307412084e-01 -3.032001756826068650e+00
3.111501425845799029e-01 -2.995786386894885744e+00
3.140291794066590869e-01 -2.955608089333039423e+00
3.169348556284636298e-01 -2.912078457992297587e+00
3.198674177413242115e-01 -2.865872925742781074e+00
3.228271145173279288e-01 -2.817604968039471025e+00
3.258141970304215262e-01 -2.767880691379565938e+00
3.288289186777104134e-01 -2.717285002731573140e+00
3.318715352009545816e-01 -2.666209413454788013e+00
3.349423047082633609e-01 -2.614952080589169281e+00
3.380414876959910719e-01 -2.563714207269478962e+00
3.411693470708350162e-01 -2.512611777889943721e+00
3.443261481721382467e-01 -2.461620292654845610e+00
3.475121587943982293e-01 -2.410727565362395186e+00
3.507276492099854481e-01 -2.359954130504660963e+00
3.539728921920687887e-01 -2.309311612437290773e+00
3.572481630377565276e-01 -2.258835919897300482e+00
3.605537395914496512e-01 -2.208567856151920861e+00
3.638899022684118911e-01 -2.158641916937461325e+00
3.672569340785573067e-01 -2.109261827203807282e+00
3.706551206504586360e-01 -2.060505444600323699e+00
3.740847502555770254e-01 -2.012563786538153376e+00
3.775461138327168009e-01 -1.965466252839689787e+00
3.810395050127058925e-01 -1.919263933333212435e+00
3.845652201433046868e-01 -1.874025348444162020e+00
3.881235583143457513e-01 -1.829678032195689141e+00
3.917148213831057602e-01 -1.786173178580238607e+00
3.953393139999124006e-01 -1.743519097623446923e+00
3.989973436339881996e-01 -1.701732442032950265e+00
4.026892205995331597e-01 -1.660773301909538979e+00
4.064152580820494798e-01 -1.620598101899373589e+00
4.101757721649089694e-01 -1.581314422109029394e+00
4.139710818561669892e-01 -1.542711994268683995e+00
4.178015091156238592e-01 -1.504696222951004136e+00
4.216673788821375668e-01 -1.467548345960691059e+00
4.255690191011881063e-01 -1.431464965642873288e+00
4.295067607526977249e-01 -1.396223761336600866e+00
4.334809378791081858e-01 -1.361521080453836241e+00
4.374918876137179335e-01 -1.327283063418565501e+00
4.415399502092812734e-01 -1.293744348450427850e+00
4.456254690668726703e-01 -1.261123978889543418e+00
4.497487907650175032e-01 -1.229484869097220212e+00
4.539102650890927682e-01 -1.198578502802111423e+00
4.581102450609997878e-01 -1.168377775180800882e+00
4.623490869691112004e-01 -1.138736249727567262e+00
4.666271503984954494e-01 -1.109593830206761389e+00
4.709447982614206052e-01 -1.080940263089084974e+00
4.753023968281406275e-01 -1.052851671469531070e+00
4.797003157579664556e-01 -1.025469782268932040e+00
4.841389281306244796e-01 -9.989233241918340500e-01
4.886186104779052797e-01 -9.731658955783191178e-01
4.931397428156051865e-01 -9.480615094757853800e-01
4.977027086757634389e-01 -9.235325921058759047e-01
