5.023078951391972766e-05 -5.873201688045905935e-06
5.069556928683388889e-05 -6.089829950827281967e-06
5.116464961403767209e-05 -6.314575436011221396e-06
5.163807028806978715e-05 -6.547739219093360897e-06
5.211587146966517408e-05 -6.789334446940585369e-06
5.259809369116105792e-05 -7.039850543507446415e-06
5.308477785993620074e-05 -7.299654989223137125e-06
5.357596526188023334e-05 -7.569196799287849136e-06
5.407169756489686838e-05 -7.848645609114066830e-06
5.457201682243774209e-05 -8.138324282327848616e-06
5.507696547707072019e-05 -8.439097524470346524e-06
5.558658636407947621e-05 -8.750734773299158231e-06
5.610092271509814368e-05 -9.074022611073930553e-06
5.662001816177776272e-05 -9.409196594134857579e-06
5.714391673948855254e-05 -9.756697629279961208e-06
5.767266289105452040e-05 -1.011716686272282547e-05
5.820630147052453362e-05 -1.049085973211438740e-05
5.874487774697638518e-05 -1.087856471345778205e-05
5.928843740835797296e-05 -1.128036644846071633e-05
5.983702656536208243e-05 -1.169748730720397828e-05
6.039069175533898090e-05 -1.213020930019451666e-05
6.094947994624323197e-05 -1.257844937706213622e-05
6.151343854061905325e-05 -1.304364398796225435e-05
6.208261537962046349e-05 -1.352581286649599542e-05
6.265705874707077272e-05 -1.402584347027828925e-05
6.323681737355747149e-05 -1.454460800298721739e-05
6.382194044056716117e-05 -1.508224628109197322e-05
6.441247758465660166e-05 -1.564008059789799405e-05
6.500847890166448447e-05 -1.621843329102618620e-05
6.560999495096006865e-05 -1.681780915900913612e-05
6.621707675973320618e-05 -1.743982727801394930e-05
6.682977582732201624e-05 -1.808462730015913204e-05
6.744814412958265366e-05 -1.875355421327089568e-05
6.807223412329740388e-05 -1.944680551787120927e-05
6.870209875062573948e-05 -2.016630323292734715e-05
6.933779144359432660e-05 -2.091199681425291932e-05
6.997936612863088740e-05 -2.168513063089791046e-05
7.062687723113762230e-05 -2.248670542617474055e-05
7.128037968010938271e-05 -2.331871640458518693e-05
7.193992891279217604e-05 -2.418072317764816920e-05
7.260558087938708525e-05 -2.507476235045131191e-05
7.327739204779548296e-05 -2.600140523687282651e-05
7.395541940841035122e-05 -2.696265381218812258e-05
7.463972047894970900e-05 -2.795871717085542948e-05
7.533035330933708054e-05 -2.899155543568562889e-05
7.602737648662468122e-05 -3.006286151503846464e-05
7.673084913996470135e-05 -3.117366662772271007e-05
7.744083094562397159e-05 -3.232531527749404611e-05
7.815738213204768861e-05 -3.351901165188928087e-05
7.888056348496733539e-05 -3.475636868451755082e-05
7.961043635255848851e-05 -3.603956140281066477e-05
8.034706265064376881e-05 -3.737017350190609613e-05
8.109050486794647857e-05 -3.874969810879640207e-05
8.184082607139033080e-05 -4.017994954887509198e-05
8.259808991145073235e-05 -4.166348373239345357e-05
8.336236062755304006e-05 -4.320107987888145858e-05
8.413370305352336012e-05 -4.479531589256030636e-05
8.491218262308711999e-05 -4.644820414176197297e-05
8.569786537542125422e-05 -4.816194193184792423e-05
8.649081796075497601e-05 -4.993865572259433445e-05
8.729110764602517904e-05 -5.178026462766079676e-05
8.809880232058136021e-05 -5.369000659721275540e-05
8.891397050194612133e-05 -5.566962032638140623e-05
8.973668134162622167e-05 -5.772155020099501929e-05
9.056700463098011755e-05 -5.984922957460395848e-05
9.140501080713702852e-05 -6.205461031489261725e-05
9.225077095897366963e-05 -6.434114522157048611e-05
9.310435683314326931e-05 -6.671144309353258721e-05
9.396584084016341878e-05 -6.916888932127476981e-05
9.483529606055720999e-05 -7.171553978615608090e-05
9.571279625105427573e-05 -7.435556695339635546e-05
9.659841585084609408e-05 -7.709273321748648172e-05
9.749222998790226565e-05 -7.992957831943503803e-05
9.839431448534213939e-05 -8.286987769989924630e-05
9.930474586786856308e-05 -8.591734275881896497e-05
1.002236013682579583e-04 -8.907586148506793069e-05
1.011509589339134820e-04 -9.234998604151599530e-05
1.020868972334763565e-04 -9.574305317179196938e-05
1.030314956634999056e-04 -9.925935191076644350e-05
1.039848343551846730e-04 -1.029039369259139011e-04
1.049469941811760989e-04 -1.066801583905577244e-04
1.059180567624249856e-04 -1.105930327689034251e-04
1.068981044751114967e-04 -1.146495627102382480e-04
1.078872204576332200e-04 -1.188510096214058222e-04
1.088854886176578347e-04 -1.232058335139415257e-04
1.098929936392411427e-04 -1.277175621205946297e-04
1.109098209900108428e-04 -1.323927712445111557e-04
1.119360569284168759e-04 -1.372356949645739627e-04
1.129717885110487723e-04 -1.422535708625713880e-04
1.140171036000207905e-04 -1.474519924677637284e-04
1.150720908704253189e-04 -1.528394274492808234e-04
1.161368398178552329e-04 -1.584204860811594449e-04
1.172114407659959940e-04 -1.642033972926899843e-04
1.182959848742878010e-04 -1.701929644169309448e-04
1.193905641456587704e-04 -1.763982384984316709e-04
1.204952714343296340e-04 -1.828264666305522330e-04
1.216102004536906569e-04 -1.894856998126953748e-04
1.227354457842514009e-04 -1.963828262294542296e-04
1.238711028816641597e-04 -2.035268371211980062e-04
1.250172680848214582e-04 -2.109276653270326929e-04
1.261740386240286192e-04 -2.185939388922533038e-04
1.273415126292519537e-04 -2.265330193559014381e-04
1.285197891384430753e-04 -2.347543021606898295e-04
1.297089681059405996e-04 -2.432690881482113912e-04
1.309091504109491746e-04 -2.520870846409987054e-04
1.321204378660972237e-04 -2.612183062186938668e-04
1.333429332260738904e-04 -2.706727018682298898e-04
1.345767401963456707e-04 -2.804620433964466865e-04
1.358219634419540367e-04 -2.905956821116917744e-04
1.370787085963940223e-04 -3.010891591538558828e-04
1.383470822705754793e-04 -3.119510823505019419e-04
1.396271920618667869e-04 -3.231939415247984948e-04
1.409191465632225878e-04 -3.348308562556104057e-04
1.422230553723956845e-04 -3.468745339198572191e-04
1.435390291012344252e-04 -3.593406692743814513e-04
1.448671793850660400e-04 -3.722400009833114957e-04
1.462076188921666593e-04 -3.855873742661199469e-04
1.475604613333191787e-04 -3.993968144298317845e-04
1.489258214714593792e-04 -4.136854969284350946e-04
1.503038151314114394e-04 -4.284686580189536070e-04
1.516945592097134355e-04 -4.437583412430980037e-04
1.530981716845337536e-04 -4.595768803944214878e-04
1.545147716256794134e-04 -4.759372340094882806e-04
1.559444792046967400e-04 -4.928550843786596008e-04
1.573874157050656830e-04 -5.103493821184330349e-04
1.588437035324884346e-04 -5.284408876229586705e-04
1.603134662252731857e-04 -5.471473397355617295e-04
1.617968284648140247e-04 -5.664811022300096947e-04
1.632939160861678171e-04 -5.864677575113012116e-04
1.648048560887287726e-04 -6.071278048712620357e-04
1.663297766470021616e-04 -6.284838167810032853e-04
1.678688071214772372e-04 -6.505487155479344145e-04
1.694220780696011769e-04 -6.733469422150674833e-04
1.709897212568543161e-04 -6.969000134671923937e-04
1.725718696679280292e-04 -7.212313257101365081e-04
1.741686575180057981e-04 -7.463645900907110069e-04
1.757802202641489621e-04 -7.723256612615877256e-04
1.774066946167876340e-04 -7.991334068926235924e-04
1.790482185513179233e-04 -8.268148989062390920e-04
1.807049313198065489e-04 -8.553919370597910321e-04
1.823769734628037913e-04 -8.848909265194721940e-04
1.840644868212656232e-04 -9.153402903151483874e-04
1.857676145485861856e-04 -9.467651815295982307e-04
1.874865011227416648e-04 -9.791901241766993134e-04
1.892212923585465481e-04 -1.012643033583377102e-03
1.909721354200231774e-04 -1.047150572274117798e-03
1.927391788328858225e-04 -1.082740851891545375e-03
1.945225724971402217e-04 -1.119440061897806083e-03
1.963224676997998364e-04 -1.157275954689439843e-03
1.981390171277196339e-04 -1.196274477734637865e-03
1.999723748805486438e-04 -1.236466462623254242e-03
2.018226964838024009e-04 -1.277880561651778156e-03
2.036901389020562758e-04 -1.320544301692049049e-03
2.055748605522610226e-04 -1.364487975129790014e-03
2.074770213171813838e-04 -1.409742091182556584e-03
2.093967825589591067e-04 -1.456334157521951746e-03
2.113343071328014028e-04 -1.504291922001863143e-03
2.132897594007962582e-04 -1.553644238284977979e-03
2.152633052458552464e-04 -1.604424955908801244e-03
2.172551120857856867e-04 -1.656663753152886037e-03
2.192653488874927710e-04 -1.710384900544160633e-03
2.212941861813132042e-04 -1.765614844199406980e-03
2.233417960754814700e-04 -1.822390630881144105e-03
2.254083522707299957e-04 -1.880740402790003060e-03
2.274940300750242182e-04 -1.940688325416301202e-03
2.295990064184342335e-04 -2.002263167511176157e-03
2.317234598681439486e-04 -2.065493294339876100e-03
2.338675706435990400e-04 -2.130395220981220073e-03
2.360315206317952072e-04 -2.196999305714871214e-03
2.382154934027077783e-04 -2.265327900654795241e-03
2.404196742248642152e-04 -2.335402391209299208e-03
2.426442500810604638e-04 -2.407248526377423706e-03
2.448894096842230486e-04 -2.480881444602492727e-03
2.471553434934176704e-04 -2.556325198742041838e-03
2.494422437300060683e-04 -2.633598016807974732e-03
2.517503043939523389e-04 -2.712708069165302265e-03
2.540797212802799600e-04 -2.793687512310498704e-03
2.564306919956823639e-04 -2.876545768647085968e-03
2.588034159752835108e-04 -2.961289365646649439e-03
2.611980944995598449e-04 -3.047925045969316401e-03
2.636149307114110576e-04 -3.136464794393143980e-03
2.660541296333970591e-04 -3.226913003108017406e-03
2.685158981851260332e-04 -3.319272983662387502e-03
2.710004452008118992e-04 -3.413540471250890804e-03
2.735079814469854585e-04 -3.509707147129598800e-03
2.760387196403786352e-04 -3.607755799617614993e-03
2.785928744659646244e-04 -3.707678644422099292e-03
2.811706625951744943e-04 -3.809465291205917613e-03
2.837723027042732206e-04 -3.913107122814709661e-03
2.863980154929145596e-04 -4.018586336533371689e-03
2.890480237028587147e-04 -4.125861798411198898e-03
2.917225521368723654e-04 -4.234913771942689330e-03
2.944218276777941460e-04 -4.345730787344384040e-03
2.971460793077862809e-04 -4.458274377638368410e-03
2.998955381277543806e-04 -4.572498027333253209e-03
3.026704373769567558e-04 -4.688352994138205582e-03
3.054710124527856862e-04 -4.805795333440865923e-03
3.082975009307410805e-04 -4.924767189620940511e-03
3.111501425845793981e-04 -5.045202575062893505e-03
3.140291794066589742e-04 -5.167028823558021851e-03
3.169348556284631532e-04 -5.290183323217696916e-03
3.198674177413240549e-04 -5.414584724697180801e-03
3.228271145173274015e-04 -5.540151818265234319e-03
3.258141970304213376e-04 -5.666816385161226564e-03
3.288289186777098899e-04 -5.794491169499932891e-03
3.318715352009544311e-04 -5.923060612086348577e-03
3.349423047082628730e-04 -6.052438660374497535e-03
3.380414876959908759e-04 -6.182525613632193148e-03
3.411693470708344737e-04 -6.313207134889613735e-03
3.443261481721376959e-04 -6.444339153417472620e-03
3.475121587943980571e-04 -6.575807746174301520e-03
3.507276492099853089e-04 -6.707491574543693325e-03
3.539728921920686291e-04 -6.839227768904759981e-03
3.572481630377563155e-04 -6.970883310242587463e-03
3.605537395914494461e-04 -7.102323925052589013e-03
3.638899022684116756e-04 -7.233387171517696723e-03
3.672569340785571189e-04 -7.363924735680379453e-03
3.706551206504584361e-04 -7.493792802930654244e-03
3.740847502555768537e-04 -7.622817615104086203e-03
3.775461138327166157e-04 -7.750823694290913390e-03
3.810395050127056535e-04 -7.877644254796879394e-03
3.845652201433044800e-04 -8.003084548801522174e-03
3.881235583143455314e-04 -8.126939684990607329e-03
3.917148213831055581e-04 -8.249027130491333806e-03
3.953393139999122029e-04 -8.369150183823193326e-03
3.989973436339879658e-04 -8.487119342925172200e-03
4.026892205995329641e-04 -8.602742817125041269e-03
4.064152580820493067e-04 -8.715824046007139558e-03
4.101757721649087638e-04 -8.826164060400038328e-03
4.139710818561667671e-04 -8.933575593999737441e-03
4.178015091156236623e-04 -9.037841558998900571e-03
4.216673788821373339e-04 -9.138749698839720298e-03
4.255690191011879072e-04 -9.236057057205529150e-03
4.295067607526975085e-04 -9.329531011573646837e-03
4.334809378791080114e-04 -9.418992312871103320e-03
4.374918876137176907e-04 -9.504228251283896450e-03
4.415399502092810661e-04 -9.585023731832719232e-03
4.456254690668724240e-04 -9.661172272006121609e-03
4.497487907650172460e-04 -9.732474465415360404e-03
4.539102650890925188e-04 -9.798744956290982022e-03
4.581102450609995588e-04 -9.859745256745168149e-03
4.623490869691109775e-04 -9.915228871673221339e-03
4.666271503984952018e-04 -9.964978960782485892e-03
4.709447982614203398e-04 -1.000879450419162216e-02
4.753023968281404267e-04 -1.004646829563225416e-02
4.797003157579662197e-04 -1.007781531498587631e-02
4.841389281306242276e-04 -1.010266671966178302e-02
4.886186104779050065e-04 -1.012086039221682041e-02
4.931397428156048934e-04 -1.013218312574174461e-02
4.977027086757631865e-04 -1.013641058324752514e-02
5.023078951391972630e-04 -1.013332549172275832e-02
5.069556928683394310e-04 -1.012272617725407976e-02
5.116464961403767615e-04 -1.010443665218825268e-02
5.163807028806984001e-04 -1.007831256294424577e-02
5.211587146966517679e-04 -1.004421049478714315e-02
5.259809369116111213e-04 -1.000200430864012918e-02
5.308477785993620480e-04 -9.951552776283739341e-03
5.357596526188028755e-04 -9.892657184897735156e-03
5.407169756489687380e-04 -9.825112023084824411e-03
5.457201682243779765e-04 -9.748783545497732503e-03
5.507696547707071613e-04 -9.663574925320760414e-03
5.558658636407953855e-04 -9.569383693315109199e-03
5.610092271509814097e-04 -9.466143634693847606e-03
5.662001816177782100e-04 -9.353815716929158100e-03
5.714391673948855796e-04 -9.232298629459956274e-03
5.767266289105457732e-04 -9.101443648229257458e-03
5.820630147052453362e-04 -8.961175296524678119e-03
5.874487774697645295e-04 -8.811471546813989461e-03
5.928843740835797703e-04 -8.652394035447740980e-03
5.983702656536214748e-04 -8.484013510988005699e-03
6.039069175533897955e-04 -8.306384323940830747e-03
6.094947994624330245e-04 -8.119536847866723125e-03
6.151343854061905054e-04 -7.923482313048259978e-03
6.208261537962052583e-04 -7.718309126791340902e-03
6.265705874707077272e-04 -7.504180817255848984e-03
6.323681737355754196e-04 -7.281336285439949686e-03
6.382194044056716930e-04 -7.050046583343494086e-03
6.441247758465667213e-04 -6.810566720962645156e-03
6.500847890166448718e-04 -6.563108702150493787e-03
6.560999495096013099e-04 -6.307920026458060415e-03
6.621707675973320618e-04 -6.045363824367212292e-03
6.682977582732208943e-04 -5.775894353569297271e-03
6.744814412958265908e-04 -5.500019919876040012e-03
6.807223412329747435e-04 -5.218244256520516988e-03
6.870209875062573135e-04 -4.931025876384930243e-03
6.933779144359439707e-04 -4.638836965420532928e-03
6.997936612863087926e-04 -4.342263483024902913e-03
7.062687723113768735e-04 -4.042010006795205418e-03
7.128037968010938813e-04 -3.738840579075267991e-03
7.193992891279217062e-04 -3.433499618698139175e-03
7.260558087938709338e-04 -3.126654217987354708e-03
7.327739204779548567e-04 -2.819013159399110652e-03
7.395541940841035122e-04 -2.511404087885228242e-03
7.463972047894970900e-04 -2.204761621906954280e-03
7.533035330933707512e-04 -1.900046878207277152e-03
7.602737648662468394e-04 -1.598137423811270275e-03
7.673084913996469593e-04 -1.299860353282813932e-03
7.744083094562396888e-04 -1.006118783896705433e-03
7.815738213204768319e-04 -7.179383866342067431e-04
7.888056348496733268e-04 -4.363945666641365633e-04
7.961043635255849122e-04 -1.624890887091149326e-04
8.034706265064376881e-04 1.029065540058765274e-04
8.109050486794647586e-04 3.588955615540291057e-04
8.184082607139033351e-04 6.044589739119555225e-04
8.259808991145073777e-04 8.385356250237523254e-04
8.336236062755303464e-04 1.060170182504280821e-03
8.413370305352335741e-04 1.268594082235329499e-03
8.491218262308711457e-04 1.463065138243957669e-03
8.569786537542125422e-04 1.642739039775781675e-03
8.649081796075497059e-04 1.806785440524261155e-03
8.729110764602518446e-04 1.954574408005833701e-03
8.809880232058135479e-04 2.085727946708649302e-03
8.891397050194612675e-04 2.199917548254433624e-03
8.973668134162622167e-04 2.296767886284040855e-03
9.056700463098011755e-04 2.376047764150742304e-03
9.140501080713703394e-04 2.437889204025850409e-03
9.225077095897367234e-04 2.482723971672114345e-03
9.310435683314326931e-04 2.511006363858861098e-03
9.396584084016341336e-04 2.523267101569971662e-03
9.483529606055720457e-04 2.520420808485532207e-03
9.571279625105428386e-04 2.503879626115030569e-03
9.659841585084609408e-04 2.475220652398386380e-03
9.749222998790225752e-04 2.436061978040976982e-03
9.839431448534212855e-04 2.388356078447127166e-03
9.930474586786856850e-04 2.334620265380353901e-03
1.002236013682579474e-03 2.277662416197194072e-03
1.011509589339135715e-03 2.220227482986945975e-03
1.020868972334763565e-03 2.165309933586657444e-03
1.030314956635000221e-03 2.116419983021448990e-03
1.039848343551846811e-03 2.077260741106153486e-03
1.049469941811762182e-03 2.051331325088197235e-03
1.059180567624249964e-03 2.042201680293959619e-03
1.068981044751116105e-03 2.053761154278963171e-03
1.078872204576332037e-03 2.089784886977637517e-03
1.088854886176579377e-03 2.153597087633192953e-03
1.098929936392411318e-03 2.248348753435779317e-03
1.109098209900109648e-03 2.377103010493761444e-03
1.119360569284168650e-03 2.542421245021234642e-03
1.129717885110488942e-03 2.746073537153114440e-03
1.140171036000207959e-03 2.989410241073062191e-03
1.150720908704254246e-03 3.273276736036314239e-03
1.161368398178552275e-03 3.597501249733198007e-03
1.172114407659961268e-03 3.960986324819740223e-03
1.182959848742877983e-03 4.362044572188283550e-03
1.193905641456588897e-03 4.798064661174373385e-03
1.204952714343296340e-03 5.265281902600497076e-03
1.216102004536907897e-03 5.759165703801564888e-03
1.227354457842514063e-03 6.274541067682733349e-03
1.238711028816642844e-03 6.805292666901050988e-03
1.250172680848214528e-03 7.344581570695466778e-03
1.261740386240287493e-03 7.885390361499934955e-03
1.273415126292519375e-03 8.420255257357022599e-03
1.285197891384430753e-03 8.941325828977133433e-03
1.297089681059406105e-03 9.441346831970615430e-03
1.309091504109491638e-03 9.913433201144952397e-03
1.321204378660972237e-03 1.035093954786870003e-02
1.333429332260738795e-03 1.074852138421176356e-02
1.345767401963456761e-03 1.110221105114175474e-02
1.358219634419540259e-03 1.140900044933479060e-02
1.370787085963940223e-03 1.166791348908680255e-02
1.383470822705754793e-03 1.187996382713719414e-02
1.396271920618668031e-03 1.204750866937632191e-02
1.409191465632225878e-03 1.217523006987529001e-02
1.422230553723956683e-03 1.226981819837418865e-02
1.435390291012344360e-03 1.233890530765073545e-02
1.448671793850660455e-03 1.239187135431714035e-02
1.462076188921666809e-03 1.243911755903565411e-02
1.475604613333191895e-03 1.249072283806977601e-02
1.489258214714593792e-03 1.255721531213970822e-02
1.503038151314114394e-03 1.264794112872892097e-02
1.516945592097134138e-03 1.277029277215937023e-02
1.530981716845337699e-03 1.293020695514545196e-02
1.545147716256794297e-03 1.313038775916257513e-02
1.559444792046967400e-03 1.337053387186201356e-02
1.573874157050656830e-03 1.364755456744734530e-02
1.588437035324884346e-03 1.395479833038122501e-02
1.603134662252731803e-03 1.428314916054914882e-02
1.617968284648140355e-03 1.462117988251950863e-02
1.632939160861678063e-03 1.495621229791030404e-02
1.648048560887287834e-03 1.527606639511331320e-02
1.663297766470021562e-03 1.556894621227502759e-02
1.678688071214772372e-03 1.582576294321137375e-02
1.694220780696011714e-03 1.604098136355317991e-02
1.709897212568543216e-03 1.621329915050535170e-02
1.725718696679280238e-03 1.634669511313498538e-02
1.741686575180057981e-03 1.644933261485454629e-02
1.757802202641489675e-03 1.653421241896574356e-02
1.774066946167876394e-03 1.661693290744539406e-02
1.790482185513179178e-03 1.671453142855493929e-02
1.807049313198065598e-03 1.684360848116536746e-02
1.823769734628038130e-03 1.701750697222122882e-02
1.840644868212656287e-03 1.724521274208727986e-02
1.857676145485861801e-03 1.752872039885870065e-02
1.874865011227416648e-03 1.786310270496446403e-02
1.892212923585465589e-03 1.823604818844949682e-02
1.909721354200231936e-03 1.862949139420264077e-02
1.927391788328858225e-03 1.902130968852512941e-02
1.945225724971402000e-03 1.938877800303611884e-02
1.963224676997998418e-03 1.971151193213356231e-02
1.981390171277196393e-03 1.997475970003644366e-02
1.999723748805486492e-03 2.017217595216610690e-02
2.018226964838023847e-03 2.030674822939940519e-02
2.036901389020562975e-03 2.039088168972782653e-02
2.055748605522610389e-03 2.044420919648430590e-02
2.074770213171814055e-03 2.049041164421393918e-02
2.093967825589591013e-03 2.055258105937196253e-02
2.113343071328013974e-03 2.064909485369803566e-02
2.132897594007962527e-03 2.078962848642666381e-02
2.152633052458552410e-03 2.097347324670225180e-02
2.172551120857856705e-03 2.118941106148377815e-02
2.192653488874927656e-03 2.141847262522284662e-02
2.212941861813132096e-03 2.163877940592591823e-02
2.233417960754814809e-03 2.183125964713261355e-02
2.254083522707299794e-03 2.198508953460609483e-02
2.274940300750242020e-03 2.210136526363896611e-02
2.295990064184342226e-03 2.219448424069405193e-02
2.317234598681439540e-03 2.228936736565980889e-02
2.338675706435990129e-03 2.241599904460701842e-02
2.360315206317949686e-03 2.260194391437644196e-02
2.382154934027077946e-03 2.286490528547395137e-02
2.404196742248639659e-03 2.320716499232708396e-02
2.426442500810604367e-03 2.361418343270713788e-02
2.448894096842227884e-03 2.405765025510301150e-02
2.471553434934176379e-03 2.450261821393247968e-02
2.494422437300057756e-03 2.491694172002648089e-02
2.517503043939523389e-03 2.528000461363237583e-02
2.540797212802799708e-03 2.558838389620938028e-02
2.564306919956823531e-03 2.585580746515571751e-02
2.588034159752835000e-03 2.610767544661422510e-02
2.611980944995598557e-03 2.637203386571651889e-02
2.636149307114110576e-03 2.666961159609475621e-02
2.660541296333970591e-03 2.700701170039640150e-02
2.685158981851260441e-03 2.737588036448385109e-02
2.710004452008118667e-03 2.775841530306671218e-02
2.735079814469854910e-03 2.813711263837756840e-02
2.760387196403786460e-03 2.850437156122622231e-02
2.785928744659646027e-03 2.886746855972600542e-02
2.811706625951745052e-03 2.924535151826512802e-02
2.837723027042732531e-03 2.965807179059218313e-02
2.863980154929145813e-03 3.011276406916535767e-02
2.890480237028587255e-03 3.059344375503189259e-02
2.917225521368723654e-03 3.106106758598097331e-02
2.944218276777941460e-03 3.146626625860386717e-02
2.971460793077862917e-03 3.177133145378020773e-02
2.998955381277543589e-03 3.197311969170402168e-02
3.026704373769567667e-03 3.211502582887136581e-02
3.054710124527856754e-03 3.227954659786043401e-02
3.082975009307410696e-03 3.256070330329180473e-02
3.111501425845793981e-03 3.302580450232112802e-02
3.140291794066589742e-03 3.368277971938471449e-02
3.169348556284631423e-03 3.446956204139967062e-02
3.198674177413240657e-03 3.527329003311361483e-02
3.228271145173274449e-03 3.597416850441395586e-02
3.258141970304213268e-03 3.649568662278276920e-02
3.288289186777099225e-03 3.683713560822635125e-02
3.318715352009544203e-03 3.707247570955750360e-02
3.349423047082628838e-03 3.731506629942028114e-02
3.380414876959908759e-03 3.766449869315558613e-02
3.411693470708344628e-03 3.816276566908250595e-02
3.443261481721380645e-03 3.878172744425580770e-02
3.475121587943980680e-03 3.944725482840622660e-02
3.507276492099856667e-03 4.008410987404003450e-02
3.539728921920686291e-03 4.065596506627850576e-02
3.572481630377566733e-03 4.117912615330827919e-02
3.605537395914494569e-03 4.170412688145249541e-02
3.638899022684120767e-03 4.228048256768249247e-02
3.672569340785571297e-03 4.292812500618835292e-02
3.706551206504587938e-03 4.363099442650247850e-02
3.740847502555768103e-03 4.435250603630946920e-02
3.775461138327169952e-03 4.505944425653559543e-02
3.810395050127056860e-03 4.573839978559538638e-02
3.845652201433048811e-03 4.639906473988070906e-02
3.881235583143455205e-03 4.706962294741984937e-02
3.917148213831059267e-03 4.779022735991168142e-02
3.953393139999122029e-03 4.860321751401031065e-02
3.989973436339883453e-03 4.953573761218135058e-02
4.026892205995329967e-03 5.057720799361990066e-02
4.064152580820497296e-03 5.166877969382843022e-02
4.101757721649087855e-03 5.272509318669692246e-02
4.139710818561672008e-03 5.368721365174679988e-02
4.178015091156236406e-03 5.457218110943831690e-02
4.216673788821373448e-03 5.547140540174870516e-02
4.255690191011879397e-03 5.648136480618638072e-02
4.295067607526975410e-03 5.761312509993378461e-02
4.334809378791079464e-03 5.876166002969157587e-02
4.374918876137176907e-03 5.977877172564116659e-02
4.415399502092810444e-03 6.060244091815488593e-02
4.456254690668724240e-03 6.132829876467998237e-02
4.497487907650172569e-03 6.214713592311425783e-02
4.539102650890925079e-03 6.319476453844337371e-02
4.581102450609995588e-03 6.445252550212576814e-02
4.623490869691109124e-03 6.579423220643407233e-02
4.666271503984952343e-03 6.712522105535810579e-02
4.709447982614203831e-03 6.845856786456396004e-02
4.753023968281404159e-03 6.984623219487659518e-02
4.797003157579662197e-03 7.125930031272995069e-02
4.841389281306242819e-03 7.258674540639796502e-02
4.886186104779049848e-03 7.378363396937549779e-02
4.931397428156049367e-03 7.499349137852853731e-02
4.977027086757631648e-03 7.646064999403950901e-02
5.023078951391972413e-03 7.828646774752420767e-02
5.069556928683393443e-03 8.029923620606677082e-02
5.116464961403767615e-03 8.220725178116146392e-02
5.163807028806984001e-03 8.387302994820908242e-02
5.211587146966517245e-03 8.539384767327336256e-02
5.259809369116111646e-03 8.691954404535981449e-02
5.308477785993619830e-03 8.847447276845006592e-02
5.357596526188028972e-03 9.002020646422012606e-02
5.407169756489686729e-03 9.162692081775292152e-02
5.457201682243779765e-03 9.344323259520805058e-02
5.507696547707071830e-03 9.545939816850076975e-02
5.558658636407953421e-03 9.741786953039378860e-02
5.610092271509814314e-03 9.906937617338537616e-02
5.662001816177782317e-03 1.004731756866734382e-01
5.714391673948855145e-03 1.019368910281152757e-01
5.767266289105458382e-03 1.036779985936744503e-01
5.820630147052453796e-03 1.056563469642582270e-01
5.874487774697644861e-03 1.077304237950667265e-01
5.928843740835797703e-03 1.098247238319758068e-01
5.983702656536214748e-03 1.118870756232602792e-01
6.039069175533898388e-03 1.138396263291937549e-01
6.094947994624329811e-03 1.156987848152489090e-01
6.151343854061904620e-03 1.176336578575097741e-01
6.208261537962052150e-03 1.197585901445028661e-01
6.265705874707076621e-03 1.219361794623640000e-01
6.323681737355753979e-03 1.239257056477110625e-01
6.382194044056716496e-03 1.256740182641429282e-01
6.441247758465666780e-03 1.273422832429821627e-01
6.500847890166448935e-03 1.291162642587557197e-01
6.560999495096013316e-03 1.311023291226560694e-01
6.621707675973320835e-03 1.333029444989060341e-01
6.682977582732208509e-03 1.355572112936866414e-01
6.744814412958265691e-03 1.376250292396128394e-01
6.807223412329747002e-03 1.394710737869504225e-01
6.870209875062573135e-03 1.413335583259564820e-01
6.933779144359439491e-03 1.433807946652055632e-01
6.997936612863088143e-03 1.454555396078990870e-01
7.062687723113769168e-03 1.472948683867987552e-01
7.128037968010938162e-03 1.488704009686340202e-01
7.193992891279224651e-03 1.504335233326604404e-01
7.260558087938708688e-03 1.523446061097170068e-01
7.327739204779555940e-03 1.548291442462483014e-01
7.395541940841034688e-03 1.577241967234348508e-01
7.463972047894978923e-03 1.605230281316404606e-01
7.533035330933707946e-03 1.628396518276255811e-01
7.602737648662476200e-03 1.647483858045027949e-01
7.673084913996469809e-03 1.665579160231539235e-01
7.744083094562404478e-03 1.684030255841527379e-01
7.815738213204768969e-03 1.701597192776395928e-01
7.888056348496741074e-03 1.716534430267863953e-01
7.961043635255848905e-03 1.729500664962750345e-01
8.034706265064384470e-03 1.744470542107893485e-01
8.109050486794647586e-03 1.764298184857739371e-01
8.184082607139040941e-03 1.785323059305364279e-01
8.259808991145072693e-03 1.800387953284590392e-01
8.336236062755311704e-03 1.807247098189575241e-01
8.413370305352335307e-03 1.810628750305577073e-01
8.491218262308719913e-03 1.817014141441679609e-01
8.569786537542124771e-03 1.828902830991308570e-01
8.649081796075507034e-03 1.843357839865285563e-01
8.729110764602518446e-03 1.857258193887964537e-01
8.809880232058144370e-03 1.871444642691106330e-01
8.891397050194612892e-03 1.886021936939154819e-01
8.973668134162631274e-03 1.897300617135528333e-01
9.056700463098012188e-03 1.902276637802721992e-01
9.140501080713712284e-03 1.902317482072243271e-01
9.225077095897368101e-03 1.903296334158806891e-01
9.310435683314336255e-03 1.909640677006139431e-01
9.396584084016341987e-03 1.919298348776565799e-01
9.483529606055730865e-03 1.930988985652153656e-01
9.571279625105427735e-03 1.945098710631739669e-01
9.659841585084620250e-03 1.954954906716556973e-01
9.749222998790225969e-03 1.953142876882005552e-01
9.839431448534224564e-03 1.942068735265924384e-01
9.930474586786856850e-03 1.930521527398513515e-01
1.002236013682581035e-02 1.921780959002039879e-01
1.011509589339136365e-02 1.910258412654804172e-01
1.020868972334764216e-02 1.894734608399996634e-01
1.030314956634999571e-02 1.878429653722665793e-01
1.039848343551847375e-02 1.857726704355374958e-01
1.049469941811761488e-02 1.831044997721255341e-01
1.059180567624250398e-02 1.807582912515058871e-01
1.068981044751115585e-02 1.794330527470840431e-01
1.078872204576332774e-02 1.783750018961162420e-01
1.088854886176578857e-02 1.766338731449938471e-01
1.098929936392411925e-02 1.741525162324965847e-01
1.109098209900108954e-02 1.709031292342376440e-01
1.119360569284169257e-02 1.669475054323503183e-01
1.129717885110488422e-02 1.630137722761359764e-01
1.140171036000208610e-02 1.597661201271934894e-01
1.150720908704253725e-02 1.567926652054493775e-01
1.161368398178552926e-02 1.533190326766040723e-01
1.172114407659960618e-02 1.490911044194579427e-01
1.182959848742878677e-02 1.441718687624503892e-01
1.193905641456588333e-02 1.392498498986474709e-01
1.204952714343296948e-02 1.353810104451695639e-01
1.216102004536907116e-02 1.323440876624462359e-01
1.227354457842514714e-02 1.287140938208955476e-01
1.238711028816642280e-02 1.235647843004900742e-01
1.250172680848215222e-02 1.168143843406597437e-01
1.261740386240286886e-02 1.095167138173489263e-01
1.273415126292520155e-02 1.033740379139333337e-01
1.285197891384431447e-02 9.842535958027130716e-02
1.297089681059406668e-02 9.266037950893438180e-02
1.309091504109492245e-02 8.489489883468988307e-02
1.321204378660972845e-02 7.579250703181163173e-02
1.333429332260739446e-02 6.693632679066689739e-02
1.345767401963457455e-02 5.943514458588979033e-02
1.358219634419540953e-02 5.193647988965088141e-02
1.370787085963940874e-02 4.202272066277924767e-02
1.383470822705755443e-02 2.937866788275166410e-02
1.396271920618668769e-02 1.577538781558501454e-02
1.409191465632226616e-02 3.022423959620502195e-03
1.422230553723957507e-02 -9.127502180504457746e-03
1.435390291012345054e-02 -2.283020382097347353e-02
1.448671793850661235e-02 -3.860041097159930268e-02
1.462076188921667373e-02 -5.436525630286997979e-02
1.475604613333192545e-02 -6.871562132866158856e-02
1.489258214714594616e-02 -8.285895773076039361e-02
1.503038151314115174e-02 -9.910671186432205848e-02
1.516945592097134962e-02 -1.180472098589571139e-01
1.530981716845338306e-02 -1.372837834999155460e-01
1.545147716256795034e-02 -1.551313353899253789e-01
1.559444792046968224e-02 -1.731055567114195004e-01
1.573874157050657654e-02 -1.933688646124941679e-01
1.588437035324885213e-02 -2.148790279607173115e-01
1.603134662252732670e-02 -2.343154092895523011e-01
1.617968284648141006e-02 -2.522662707817359129e-01
1.632939160861678757e-02 -2.730345794122348013e-01
1.648048560887288572e-02 -2.981868947509367929e-01
1.663297766470022560e-02 -3.244640791012860515e-01
1.678688071214773370e-02 -3.486641139435553982e-01
1.694220780696012452e-02 -3.724285157875109054e-01
1.709897212568544170e-02 -3.980980035033708786e-01
1.725718696679280975e-02 -4.238644896045135058e-01
1.741686575180058719e-02 -4.471485264047644348e-01
1.757802202641490716e-02 -4.704264133895702527e-01
1.774066946167877218e-02 -4.967067561794145658e-01
1.790482185513180002e-02 -5.237716060873360835e-01
1.807049313198066595e-02 -5.489578419786327323e-01
1.823769734628039041e-02 -5.741724430058633422e-01
1.840644868212657284e-02 -6.023490402917074382e-01
1.857676145485862712e-02 -6.316359477532457189e-01
1.874865011227417472e-02 -6.588714557403198002e-01
1.892212923585466500e-02 -6.858303835755023004e-01
1.909721354200233021e-02 -7.147342929322222371e-01
1.927391788328858963e-02 -7.426603930253445895e-01
1.945225724971403128e-02 -7.679975627169406405e-01
1.963224676997999199e-02 -7.935717673512984183e-01
1.981390171277197521e-02 -8.205910863470039507e-01
1.999723748805487533e-02 -8.461675487725796030e-01
2.018226964838025148e-02 -8.698144771335635239e-01
2.036901389020563669e-02 -8.936773366199455282e-01
2.055748605522611516e-02 -9.169039066808909455e-01
2.074770213171815009e-02 -9.382736576131619488e-01
2.093967825589591880e-02 -9.608649964741335925e-01
2.113343071328015188e-02 -9.857330414804709173e-01
2.132897594007963568e-02 -1.008765469944101545e+00
2.152633052458553450e-02 -1.028409518578824233e+00
2.172551120857858092e-02 -1.046611603911729471e+00
2.192653488874928697e-02 -1.063142995281954883e+00
2.212941861813133224e-02 -1.077282870126592851e+00
2.233417960754816023e-02 -1.090834400060100018e+00
2.254083522707301182e-02 -1.103376022516560528e+00
2.274940300750243408e-02 -1.112976136947352979e+00
2.295990064184343440e-02 -1.121235373264994006e+00
2.317234598681440494e-02 -1.129492635757776808e+00
2.338675706435991430e-02 -1.136683828952420150e+00
2.360315206317952982e-02 -1.142991682182315838e+00
2.382154934027079160e-02 -1.148218020888021496e+00
2.404196742248643215e-02 -1.150339218622131954e+00
2.426442500810605668e-02 -1.150301747977090283e+00
2.448894096842231527e-02 -1.149540661933180274e+00
2.471553434934177854e-02 -1.146740604355279025e+00
2.494422437300061746e-02 -1.141518967772378712e+00
2.517503043939524690e-02 -1.134881753216261613e+00
2.540797212802803351e-02 -1.127976840337001407e+00
2.564306919956825179e-02 -1.121846073967193602e+00
2.588034159752838903e-02 -1.113792324780802367e+00
2.611980944995599685e-02 -1.099171968553150025e+00
2.636149307114114479e-02 -1.078316132756730772e+00
2.660541296333971892e-02 -1.055869385507032021e+00
2.685158981851264517e-02 -1.035900584264335178e+00
2.710004452008120401e-02 -1.017444820030268815e+00
2.735079814469858900e-02 -9.953939496225657768e-01
2.760387196403787588e-02 -9.672592205814359856e-01
2.785928744659650277e-02 -9.349284356986864442e-01
2.811706625951746613e-02 -9.013170743340954694e-01
2.837723027042736781e-02 -8.675514309531550117e-01
2.863980154929147287e-02 -8.320754311586272545e-01
2.890480237028591678e-02 -7.941904687684423481e-01
2.917225521368724955e-02 -7.559523514588206705e-01
2.944218276777946230e-02 -7.208415690461351666e-01
2.971460793077864565e-02 -6.885592159354373409e-01
2.998955381277548446e-02 -6.559389422595429675e-01
3.026704373769569315e-02 -6.225136952602692286e-01
3.054710124527861351e-02 -5.882227199891864045e-01
3.082975009307412084e-02 -5.531646224024020508e-01
3.111501425845798752e-02 -5.179061399340648686e-01
3.140291794066590869e-02 -4.842872789004521450e-01
3.169348556284636020e-02 -4.532724044195613478e-01
3.198674177413242392e-02 -4.248293021002832459e-01
3.228271145173278872e-02 -4.008927162461512483e-01
3.258141970304215262e-02 -3.824393820778423936e-01
3.288289186777100526e-02 -3.691655726537025894e-01
3.318715352009542208e-02 -3.581312426093392620e-01
3.349423047082630139e-02 -3.466804305151213184e-01
3.380414876959907111e-02 -3.347035309612635956e-01
3.411693470708346276e-02 -3.230024315374572796e-01
3.443261481721378997e-02 -3.121563431672270128e-01
3.475121587943982154e-02 -3.026487091207449298e-01
3.507276492099854759e-02 -2.939573992500614241e-01
3.539728921920688026e-02 -2.850428481194455799e-01
3.572481630377564998e-02 -2.760309050719727542e-01
3.605537395914496651e-02 -2.672845964681971331e-01
3.638899022684118773e-02 -2.605614902715343573e-01
3.672569340785573205e-02 -2.580870874392244274e-01
3.706551206504585944e-02 -2.597287914599438752e-01
3.740847502555770532e-02 -2.649929595097620383e-01
3.775461138327167870e-02 -2.757114290357154940e-01
3.810395050127058508e-02 -2.936269699272169853e-01
3.845652201433046730e-02 -3.187278526397658296e-01
3.881235583143457374e-02 -3.503384667464427005e-01
3.917148213831057185e-02 -3.890157356666070210e-01
3.953393139999124284e-02 -4.373347484736254676e-01
3.989973436339881718e-02 -4.988440597280843214e-01
4.026892205995331875e-02 -5.728294501969238839e-01
4.064152580820495214e-02 -6.542796849864457309e-01
4.101757721649090110e-02 -7.399405791674714683e-01
4.139710818561669753e-02 -8.292927560542833199e-01
4.178015091156239008e-02 -9.233506416377632586e-01
4.216673788821375529e-02 -1.018489862009709812e+00
4.255690191011881479e-02 -1.108518008307456393e+00
4.295067607526977665e-02 -1.192561912618938846e+00
4.334809378791082413e-02 -1.269026176954479057e+00
4.374918876137179335e-02 -1.332304257321416996e+00
4.415399502092812872e-02 -1.378861471016663121e+00
4.456254690668726842e-02 -1.407447548293601081e+00
4.497487907650175171e-02 -1.417517674996167543e+00
4.539102650890927682e-02 -1.406569763882461022e+00
4.581102450609998017e-02 -1.369969284374073171e+00
4.623490869691111727e-02 -1.302770862831010623e+00
4.666271503984954078e-02 -1.199086569102535194e+00
4.709447982614205913e-02 -1.055623396645680945e+00
4.753023968281406414e-02 -8.763136432815887833e-01
4.797003157579664973e-02 -6.657019551764613574e-01
4.841389281306245074e-02 -4.217944316932588644e-01
4.886186104779052797e-02 -1.456065714753559670e-01
4.931397428156051449e-02 1.590890771175802465e-01
4.977027086757634250e-02 4.915491958203870304e-01
5.023078951391975189e-02 8.470505307903186676e-01
5.069556928683396219e-02 1.220143424233258278e+00
5.116464961403770217e-02 1.607632340682692229e+00
5.163807028806986776e-02 2.004577778390887577e+00
5.211587146966519674e-02 2.401975893810297080e+00
5.259809369116114075e-02 2.788982563276279247e+00
5.308477785993622605e-02 3.159083721962049118e+00
5.357596526188031921e-02 3.511326211585275914e+00
5.407169756489689505e-02 3.842885580399380885e+00
5.457201682243782020e-02 4.142295890354411370e+00
5.507696547707074258e-02 4.399887721261004359e+00
5.558658636407956544e-02 4.607354269991197349e+00
5.610092271509817263e-02 4.754624891771874751e+00
5.662001816177784919e-02 4.840453507781117715e+00
5.714391673948858441e-02 4.874370842031450657e+00
5.767266289105461158e-02 4.855175090012746608e+00
5.820630147052456571e-02 4.771394925773766893e+00
5.874487774697647463e-02 4.622115706535352864e+00
5.928843740835800652e-02 4.414697741289590027e+00
5.983702656536217523e-02 4.154919956624595123e+00
6.039069175533900991e-02 3.849726667216720521e+00
6.094947994624332760e-02 3.508483577376309004e+00
6.151343854061908090e-02 3.140649091554819083e+00
6.208261537962055793e-02 2.760583087062255192e+00
6.265705874707079570e-02 2.382713067239345062e+00
6.323681737355757448e-02 2.022072764023372660e+00
6.382194044056720139e-02 1.693942426676577240e+00
6.441247758465670770e-02 1.400035991577017747e+00
6.500847890166451537e-02 1.138947764340614066e+00
6.560999495096016265e-02 9.122552513986719180e-01
6.621707675973323437e-02 7.321198053148508800e-01
6.682977582732212152e-02 6.124052695717659978e-01
6.744814412958269334e-02 5.517680056954022971e-01
6.807223412329750645e-02 5.426800506107630762e-01
6.870209875062577298e-02 5.808072814912798032e-01
6.933779144359443480e-02 6.646124843513004921e-01
6.997936612863091266e-02 7.860589487356287597e-01
7.062687723113772464e-02 9.348155053657607461e-01
7.128037968010941805e-02 1.104207098293983558e+00
7.193992891279228641e-02 1.286369109096411778e+00
7.260558087938712157e-02 1.469658256831715804e+00
7.327739204779559756e-02 1.643540110224068096e+00
7.395541940841038331e-02 1.805493505493090511e+00
7.463972047894983086e-02 1.953349001559110176e+00
7.533035330933711415e-02 2.076851400378600054e+00
7.602737648662480363e-02 2.164157210449606517e+00
7.673084913996473799e-02 2.200968310620748269e+00
7.744083094562408121e-02 2.166326081290969263e+00
7.815738213204771745e-02 2.043530338038231697e+00
7.888056348496745585e-02 1.825272666564847324e+00
7.961043635255853068e-02 1.511229916461123590e+00
8.034706265064388286e-02 1.111848217157699992e+00
8.109050486794652790e-02 6.523417884883720985e-01
8.184082607139045451e-02 1.562139692394864110e-01
8.259808991145077550e-02 -3.524255052138673405e-01
8.336236062755317255e-02 -8.418925444239183653e-01
8.413370305352339817e-02 -1.281299409561616809e+00
8.491218262308725118e-02 -1.638414697455783164e+00
8.569786537542128935e-02 -1.895335421577541979e+00
8.649081796075511197e-02 -2.043724555489206729e+00
8.729110764602522610e-02 -2.079555528214196869e+00
8.809880232058149574e-02 -2.013421466751963873e+00
8.891397050194617402e-02 -1.865642452806051343e+00
8.973668134162636478e-02 -1.659402499448996204e+00
9.056700463098016352e-02 -1.414374282685417983e+00
9.140501080713717141e-02 -1.143201046002816801e+00
9.225077095897371571e-02 -8.580078329504661205e-01
9.310435683314341460e-02 -5.642059435758289831e-01
9.396584084016346150e-02 -2.593917818662733188e-01
9.483529606055735028e-02 5.763371212793678977e-02
9.571279625105433286e-02 3.782190659162941726e-01
9.659841585084624760e-02 6.783287437707793410e-01
9.749222998790231520e-02 9.218785591633686938e-01
9.839431448534229074e-02 1.068621539348060923e+00
9.930474586786862401e-02 1.082313534404799604e+00
1.002236013682581001e-01 9.415745324018034434e-01
1.011509589339136261e-01 6.492807492924129731e-01
1.020868972334765118e-01 2.330066200515193142e-01
1.030314956635000612e-01 -2.625436046140258717e-01
1.039848343551848381e-01 -7.858745528532410374e-01
1.049469941811762563e-01 -1.270108227578809146e+00
1.059180567624251473e-01 -1.641720494628654103e+00
1.068981044751116660e-01 -1.850927649225595051e+00
1.078872204576332705e-01 -1.883604216118676566e+00
1.088854886176578857e-01 -1.757794610316784301e+00
1.098929936392411960e-01 -1.515052431263892663e+00
1.109098209900108989e-01 -1.205791863104776152e+00
1.119360569284169327e-01 -8.851294041767659992e-01
1.129717885110488318e-01 -6.056415557820594708e-01
1.140171036000208610e-01 -3.973667640492832276e-01
1.150720908704253725e-01 -2.612663080802177795e-01
1.161368398178553030e-01 -1.690442521658822583e-01
1.172114407659960583e-01 -8.424266403226322864e-02
1.182959848742878711e-01 8.246554100255319361e-03
1.193905641456588368e-01 9.227304520111447028e-02
1.204952714343296982e-01 1.269499840536523760e-01
1.216102004536907116e-01 6.651004833792245607e-02
1.227354457842514679e-01 -1.171463697745771110e-01
1.238711028816642246e-01 -4.209189842455425268e-01
1.250172680848215256e-01 -8.059084755845309367e-01
1.261740386240287060e-01 -1.205646263190933709e+00
1.273415126292520017e-01 -1.546994147567239741e+00
1.285197891384431412e-01 -1.775126249158836655e+00
1.297089681059406807e-01 -1.868737081263511346e+00
1.309091504109492210e-01 -1.836855353568567661e+00
1.321204378660972845e-01 -1.712562960259907507e+00
1.333429332260739619e-01 -1.541923449105913058e+00
1.345767401963457455e-01 -1.364055113099245764e+00
1.358219634419541022e-01 -1.201156231504460381e+00
1.370787085963940943e-01 -1.060217520657006585e+00
1.383470822705755443e-01 -9.364390884132172133e-01
1.396271920618668561e-01 -8.218278702995287510e-01
1.409191465632226581e-01 -7.149536133849663244e-01
1.422230553723957402e-01 -6.223848768856635738e-01
1.435390291012345054e-01 -5.546776578091451304e-01
1.448671793850661305e-01 -5.192516799506405878e-01
1.462076188921667408e-01 -5.115803519517541087e-01
1.475604613333192650e-01 -5.141063629210996799e-01
1.489258214714594686e-01 -5.088576880248335543e-01
1.503038151314115001e-01 -4.871570188361743492e-01
1.516945592097135032e-01 -4.474414614662908796e-01
1.530981716845338514e-01 -3.936181927526659630e-01
1.545147716256795034e-01 -3.349821856077314086e-01
1.559444792046968120e-01 -2.830267498888003330e-01
1.573874157050657585e-01 -2.458567062059267283e-01
1.588437035324885005e-01 -2.229400652481843548e-01
1.603134662252732601e-01 -2.076674147934837178e-01
1.617968284648141075e-01 -1.924287804944209701e-01
1.632939160861678896e-01 -1.714029060411529082e-01
1.648048560887288572e-01 -1.424211298545663695e-01
1.663297766470022421e-01 -1.071752784650790019e-01
1.678688071214773092e-01 -6.960188643741993531e-02
1.694220780696012729e-01 -3.379704391966479454e-02
1.709897212568544100e-01 -2.641174505353249304e-03
1.725718696679281183e-01 2.228005026488235479e-02
1.741686575180058927e-01 4.016025228033635180e-02
1.757802202641490508e-01 5.099368282877969616e-02
1.774066946167877357e-01 5.554926720823149394e-02
1.790482185513180002e-01 5.511269796353961831e-02
1.807049313198066387e-01 5.144446574292778351e-02
1.823769734628039041e-01 4.660290070257728373e-02
1.840644868212657215e-01 4.217660310467832852e-02
1.857676145485862573e-01 3.882599783437185037e-02
1.874865011227417610e-01 3.660351168278728334e-02
1.892212923585466500e-01 3.528905314993232428e-02
1.909721354200232812e-01 3.454670220467792596e-02
1.927391788328859101e-01 3.401946169082468996e-02
1.945225724971403058e-01 3.340261277409596608e-02
1.963224676997999407e-01 3.249142554728526311e-02
1.981390171277197521e-01 3.119984115321667098e-02
1.999723748805487533e-01 2.955193278611593574e-02
2.018226964838024939e-01 2.765201333468633033e-02
2.036901389020563946e-01 2.564463176866317237e-02
2.055748605522611239e-01 2.367465251930283079e-02
2.074770213171814870e-01 2.185566937237066673e-02
2.093967825589591880e-01 2.025258094909922202e-02
2.113343071328015188e-01 1.887898639051758740e-02
2.132897594007963638e-01 1.770664690665025784e-02
2.152633052458553520e-01 1.668234536663112597e-02
2.172551120857857954e-01 1.574632291158899189e-02
2.192653488874928835e-01 1.484788872048613262e-02
2.212941861813133015e-01 1.395503308816223656e-02
2.233417960754816023e-01 1.305698869539855152e-02
2.254083522707301113e-01 1.216078302932236364e-02
2.274940300750243338e-01 1.128433558634498943e-02
2.295990064184343371e-01 1.044868606143999588e-02
2.317234598681440494e-01 9.671347215256927143e-03
2.338675706435991430e-01 8.962334628791188140e-03
2.360315206317953052e-01 8.323391762507304989e-03
2.382154934027078952e-01 7.749506231673469227e-03
2.404196742248643215e-01 7.231761286621397368e-03
2.426442500810605807e-01 6.760431655991926483e-03
2.448894096842231527e-01 6.327252151004656051e-03
2.471553434934177784e-01 5.926535189671127898e-03
2.494422437300061746e-01 5.555116272788838093e-03
2.517503043939524621e-01 5.211539232900760585e-03
2.540797212802803351e-01 4.895034236787290660e-03
2.564306919956825248e-01 4.604588827180516528e-03
2.588034159752838903e-01 4.338520956640574272e-03
2.611980944995599963e-01 4.094549104363686375e-03
2.636149307114114548e-01 3.870107560293846709e-03
2.660541296333971961e-01 3.662762254847901858e-03
2.685158981851264448e-01 3.470528953584886903e-03
2.710004452008120124e-01 3.291986798001120696e-03
2.735079814469859039e-01 3.126198169435702185e-03
2.760387196403787935e-01 2.972514317183411799e-03
2.785928744659650347e-01 2.830396137238080489e-03
2.811706625951746474e-01 2.699266116580204336e-03
2.837723027042736712e-01 2.578440519786870649e-03
2.863980154929147148e-01 2.467109009180865585e-03
2.890480237028591470e-01 2.364443289790585118e-03
2.917225521368724817e-01 2.269814742346133122e-03
2.944218276777946230e-01 2.182565573798394241e-03
2.971460793077864704e-01 2.101817823588415530e-03
2.998955381277548238e-01 2.026710164729302825e-03
3.026704373769569245e-01 1.956511288413554945e-03
3.054710124527861281e-01 1.890604293256145868e-03
3.082975009307412084e-01 1.828480274653344938e-03
3.111501425845799029e-01 1.769718736753031398e-03
3.140291794066590869e-01 1.713992579608012096e-03
3.169348556284636298e-01 1.661049769233778400e-03
3.198674177413242115e-01 1.610707437647929683e-03
3.228271145173279288e-01 1.562819746313217403e-03
3.258141970304215262e-01 1.517283322919306659e-03
3.288289186777104134e-01 1.473993205295812516e-03
3.318715352009545816e-01 1.432833380358471825e-03
3.349423047082633609e-01 1.393671717534653411e-03
3.380414876959910719e-01 1.356349902073366925e-03
3.411693470708350162e-01 1.320689897340319345e-03
3.443261481721382467e-01 1.286496823220925059e-03
3.475121587943982293e-01 1.253590901527027249e-03
3.507276492099854481e-01 1.221805037526418891e-03
3.539728921920687887e-01 1.190998558066357418e-03
3.572481630377565276e-01 1.161073390317702084e-03
3.605537395914496512e-01 1.131961682458203786e-03
3.638899022684118911e-01 1.103634221797296930e-03
3.672569340785573067e-01 1.076081237783567358e-03
3.706551206504586360e-01 1.049307949241359752e-03
3.740847502555770254e-01 1.023311534186672166e-03
3.775461138327168009e-01 9.980849421353419574e-04
3.810395050127058925e-01 9.736000305616666168e-04
3.845652201433046868e-01 9.498241462390074946e-04
3.881235583143457513e-01 9.267061580471421195e-04
3.917148213831057602e-01 9.041922755382004974e-04
3.953393139999124006e-01 8.822497334364482824e-04
3.989973436339881996e-01 8.608543599634179951e-04
4.026892205995331597e-01 8.399602553675000966e-04
4.064152580820494798e-01 8.195465404194604737e-04
4.101757721649089694e-01 7.996338062850635690e-04
4.139710818561669892e-01 7.801458221182644079e-04
4.178015091156238592e-01 7.610246666732818025e-04
4.216673788821375668e-01 7.423719870526175081e-04
4.255690191011881063e-01 7.242452609745494681e-04
4.295067607526977249e-01 7.065673203486080595e-04
4.334809378791081858e-01 6.892382748020332373e-04
4.374918876137179335e-01 6.722034593771053805e-04
4.415399502092812734e-01 6.555363281612265657e-04
4.456254690668726703e-01 6.393272501027406820e-04
4.497487907650175032e-01 6.235640506914540268e-04
4.539102650890927682e-01 6.081723578675544148e-04
4.581102450609997878e-01 5.931083747998937717e-04
4.623490869691112004e-01 5.783456557537901017e-04
4.666271503984954494e-01 5.638510834141476384e-04
4.709447982614206052e-01 5.496135585397083105e-04
4.753023968281406275e-01 5.356718590445753167e-04
4.797003157579664556e-01 5.220876995624435272e-04
4.841389281306244796e-01 5.088845553056048051e-04
4.886186104779052797e-01 4.960431136638465037e-04
4.931397428156051865e-01 4.835264622258173190e-04
4.977027086757634389e-01 4.713107648150729394e-04
