5.023078951391972766e-05 -4.465241877062380813e-05
5.069556928683388889e-05 -4.628238777062497857e-05
5.116464961403767209e-05 -4.797111180474436211e-05
5.163807028806978715e-05 -4.972091842811739685e-05
5.211587146966517408e-05 -5.153417252244346620e-05
5.259809369116105792e-05 -5.341286692142756487e-05
5.308477785993620074e-05 -5.535944292090116470e-05
5.357596526188023334e-05 -5.737660509088249750e-05
5.407169756489686838e-05 -5.946642049603061028e-05
5.457201682243774209e-05 -6.163166660627634281e-05
5.507696547707072019e-05 -6.387507843734668617e-05
5.558658636407947621e-05 -6.619927371944036394e-05
5.610092271509814368e-05 -6.860721912688962293e-05
5.662001816177776272e-05 -7.110187924562149622e-05
5.714391673948855254e-05 -7.368665630760400608e-05
5.767266289105452040e-05 -7.636446817647443860e-05
5.820630147052453362e-05 -7.913848378298991924e-05
5.874487774697638518e-05 -8.201223727854437418e-05
5.928843740835797296e-05 -8.498935857207972515e-05
5.983702656536208243e-05 -8.807339992416017603e-05
6.039069175533898090e-05 -9.126846898343893776e-05
6.094947994624323197e-05 -9.457779237682279220e-05
6.151343854061905325e-05 -9.800610039102804726e-05
6.208261537962046349e-05 -1.015570824967527324e-04
6.265705874707077272e-05 -1.052352141623699174e-04
6.323681737355747149e-05 -1.090454042445897172e-04
6.382194044056716117e-05 -1.129917945021522493e-04
6.441247758465660166e-05 -1.170793217412146388e-04
6.500847890166448447e-05 -1.213127795172563606e-04
6.560999495096006865e-05 -1.256975051637328384e-04
6.621707675973320618e-05 -1.302388936343701115e-04
6.682977582732201624e-05 -1.349421454583219382e-04
6.744814412958265366e-05 -1.398130254135912325e-04
6.807223412329740388e-05 -1.448572967659394041e-04
6.870209875062573948e-05 -1.500813699527400616e-04
6.933779144359432660e-05 -1.554913287861087775e-04
6.997936612863088740e-05 -1.610934476593797369e-04
7.062687723113762230e-05 -1.668941733267105196e-04
7.128037968010938271e-05 -1.729010743181526419e-04
7.193992891279217604e-05 -1.791211394388042208e-04
7.260558087938708525e-05 -1.855613134336227461e-04
7.327739204779548296e-05 -1.922298747215676180e-04
7.395541940841035122e-05 -1.991341123282501979e-04
7.463972047894970900e-05 -2.062823231281764118e-04
7.533035330933708054e-05 -2.136829819014448683e-04
7.602737648662468122e-05 -2.213444587301783553e-04
7.673084913996470135e-05 -2.292756734247726545e-04
7.744083094562397159e-05 -2.374861001406903594e-04
7.815738213204768861e-05 -2.459847287299368355e-04
7.888056348496733539e-05 -2.547814003803343949e-04
7.961043635255848851e-05 -2.638864864126343602e-04
8.034706265064376881e-05 -2.733104984587333519e-04
8.109050486794647857e-05 -2.830637439154604388e-04
8.184082607139033080e-05 -2.931573549650203208e-04
8.259808991145073235e-05 -3.036031868867292908e-04
8.336236062755304006e-05 -3.144125273343319877e-04
8.413370305352336012e-05 -3.255977654882683740e-04
8.491218262308711999e-05 -3.371718005187963126e-04
8.569786537542125422e-05 -3.491469796384617081e-04
8.649081796075497601e-05 -3.615369392895143074e-04
8.729110764602517904e-05 -3.743557518063508872e-04
8.809880232058136021e-05 -3.876174017362323193e-04
8.891397050194612133e-05 -4.013356050019835754e-04
8.973668134162622167e-05 -4.155260065142407449e-04
9.056700463098011755e-05 -4.302048247612760964e-04
9.140501080713702852e-05 -4.453876620093837231e-04
9.225077095897366963e-05 -4.610908349498550152e-04
9.310435683314326931e-05 -4.773316373460695849e-04
9.396584084016341878e-05 -4.941273009110060946e-04
9.483529606055720999e-05 -5.114958231351168652e-04
9.571279625105427573e-05 -5.294559758925369928e-04
9.659841585084609408e-05 -5.480268622961640117e-04
9.749222998790226565e-05 -5.672283136801926310e-04
9.839431448534213939e-05 -5.870802973555950318e-04
9.930474586786856308e-05 -6.076035391272597251e-04
1.002236013682579583e-04 -6.288217409812496680e-04
1.011509589339134820e-04 -6.507554758014928633e-04
1.020868972334763565e-04 -6.734279959592383551e-04
1.030314956634999056e-04 -6.968621978836452577e-04
1.039848343551846730e-04 -7.210831961208583442e-04
1.049469941811760989e-04 -7.461110628701605064e-04
1.059180567624249856e-04 -7.719758139743003369e-04
1.068981044751114967e-04 -7.987067154276980335e-04
1.078872204576332200e-04 -8.263239549341252739e-04
1.088854886176578347e-04 -8.548594080315388092e-04
1.098929936392411427e-04 -8.843474654316426167e-04
1.109098209900108428e-04 -9.148064446971067168e-04
1.119360569284168759e-04 -9.462691084884939209e-04
1.129717885110487723e-04 -9.787692763776332291e-04
1.140171036000207905e-04 -1.012340205802304913e-03
1.150720908704253189e-04 -1.047014738625205244e-03
1.161368398178552329e-04 -1.082820831985544874e-03
1.172114407659959940e-04 -1.119792691638179984e-03
1.182959848742878010e-04 -1.157968852847995889e-03
1.193905641456587704e-04 -1.197385929786081273e-03
1.204952714343296340e-04 -1.238079295657417388e-03
1.216102004536906569e-04 -1.280086241388279315e-03
1.227354457842514009e-04 -1.323443748402909842e-03
1.238711028816641597e-04 -1.368196890833520358e-03
1.250172680848214582e-04 -1.414382873954512111e-03
1.261740386240286192e-04 -1.462047307738787534e-03
1.273415126292519537e-04 -1.511234495624019444e-03
1.285197891384430753e-04 -1.561971979698785094e-03
1.297089681059405996e-04 -1.614316455416988814e-03
1.309091504109491746e-04 -1.668320651476899600e-03
1.321204378660972237e-04 -1.724023445657036973e-03
1.333429332260738904e-04 -1.781468913421301080e-03
1.345767401963456707e-04 -1.840711064951138735e-03
1.358219634419540367e-04 -1.901797426192032396e-03
1.370787085963940223e-04 -1.964781903945334897e-03
1.383470822705754793e-04 -2.029713377910958867e-03
1.396271920618667869e-04 -2.096644347350269146e-03
1.409191465632225878e-04 -2.165632359988418649e-03
1.422230553723956845e-04 -2.236734466502677404e-03
1.435390291012344252e-04 -2.310007541561352393e-03
1.448671793850660400e-04 -2.385498952027002590e-03
1.462076188921666593e-04 -2.463273838072165683e-03
1.475604613333191787e-04 -2.543386364916464144e-03
1.489258214714593792e-04 -2.625911343624977301e-03
1.503038151314114394e-04 -2.710906898782239078e-03
1.516945592097134355e-04 -2.798422992253119142e-03
1.530981716845337536e-04 -2.888536432781105365e-03
1.545147716256794134e-04 -2.981303196606377697e-03
1.559444792046967400e-04 -3.076781413084957086e-03
1.573874157050656830e-04 -3.175040637827853101e-03
1.588437035324884346e-04 -3.276178015891033964e-03
1.603134662252731857e-04 -3.380247418553672042e-03
1.617968284648140247e-04 -3.487290064052191597e-03
1.632939160861678171e-04 -3.597391576493161498e-03
1.648048560887287726e-04 -3.710654138758855830e-03
1.663297766470021616e-04 -3.827146717496160595e-03
1.678688071214772372e-04 -3.946904764057800746e-03
1.694220780696011769e-04 -4.070004929966196394e-03
1.709897212568543161e-04 -4.196545061021282087e-03
1.725718696679280292e-04 -4.326598195815725689e-03
1.741686575180057981e-04 -4.460239527088667374e-03
1.757802202641489621e-04 -4.597561791803124812e-03
1.774066946167876340e-04 -4.738628483680648422e-03
1.790482185513179233e-04 -4.883508811289748869e-03
1.807049313198065489e-04 -5.032286044512602335e-03
1.823769734628037913e-04 -5.185037127810604093e-03
1.840644868212656232e-04 -5.341862888967608899e-03
1.857676145485861856e-04 -5.502837959285065451e-03
1.874865011227416648e-04 -5.668020498086265985e-03
1.892212923585465481e-04 -5.837505634735432394e-03
1.909721354200231774e-04 -6.011369821614915773e-03
1.927391788328858225e-04 -6.189684833944046616e-03
1.945225724971402217e-04 -6.372550646204195451e-03
1.963224676997998364e-04 -6.560043790987239026e-03
1.981390171277196339e-04 -6.752226570956391602e-03
1.999723748805486438e-04 -6.949201410032174349e-03
2.018226964838024009e-04 -7.151041490912454258e-03
2.036901389020562758e-04 -7.357815493357967515e-03
2.055748605522610226e-04 -7.569622409407267445e-03
2.074770213171813838e-04 -7.786533245152371489e-03
2.093967825589591067e-04 -8.008616492901037345e-03
2.113343071328014028e-04 -8.235935738516173346e-03
2.132897594007962582e-04 -8.468556168045430349e-03
2.152633052458552464e-04 -8.706584004672312735e-03
2.172551120857856867e-04 -8.950085438908845017e-03
2.192653488874927710e-04 -9.199093165737158573e-03
2.212941861813132042e-04 -9.453668352409481945e-03
2.233417960754814700e-04 -9.713916400084286404e-03
2.254083522707299957e-04 -9.979894458716893901e-03
2.274940300750242182e-04 -1.025163194156139372e-02
2.295990064184342335e-04 -1.052920466581258076e-02
2.317234598681439486e-04 -1.081269841201940377e-02
2.338675706435990400e-04 -1.110213613974019194e-02
2.360315206317952072e-04 -1.139759089044001250e-02
2.382154934027077783e-04 -1.169913119646676103e-02
2.404196742248642152e-04 -1.200677747684518459e-02
2.426442500810604638e-04 -1.232058281105639225e-02
2.448894096842230486e-04 -1.264057685357607499e-02
2.471553434934176704e-04 -1.296679800990300536e-02
2.494422437300060683e-04 -1.329927515635833356e-02
2.517503043939523389e-04 -1.363800230054792832e-02
2.540797212802799600e-04 -1.398304522399006905e-02
2.564306919956823639e-04 -1.433442051258618406e-02
2.588034159752835108e-04 -1.469208509185774073e-02
2.611980944995598449e-04 -1.505603898211307565e-02
2.636149307114110576e-04 -1.542629009297666505e-02
2.660541296333970591e-04 -1.580284090917837697e-02
2.685158981851260332e-04 -1.618570528578466491e-02
2.710004452008118992e-04 -1.657487685905202970e-02
2.735079814469854585e-04 -1.697033281914338970e-02
2.760387196403786352e-04 -1.737200681573624478e-02
2.785928744659646244e-04 -1.777987657353795672e-02
2.811706625951744943e-04 -1.819390761070235549e-02
2.837723027042732206e-04 -1.861408684913358480e-02
2.863980154929145596e-04 -1.904034001452372185e-02
2.890480237028587147e-04 -1.947253128628182936e-02
2.917225521368723654e-04 -1.991058570649827802e-02
2.944218276777941460e-04 -2.035449638004834666e-02
2.971460793077862809e-04 -2.080414884363569403e-02
2.998955381277543806e-04 -2.125938407456722662e-02
3.026704373769567558e-04 -2.172005809778999874e-02
3.054710124527856862e-04 -2.218609939826649349e-02
3.082975009307410805e-04 -2.265740856795271305e-02
3.111501425845793981e-04 -2.313384431313969536e-02
3.140291794066589742e-04 -2.361523279118161664e-02
3.169348556284631532e-04 -2.410143265350059988e-02
3.198674177413240549e-04 -2.459224571243956436e-02
3.228271145173274015e-04 -2.508744905642764159e-02
3.258141970304213376e-04 -2.558689960896049290e-02
3.288289186777098899e-04 -2.609036707024536828e-02
3.318715352009544311e-04 -2.659752076689150813e-02
3.349423047082628730e-04 -2.710814269453006714e-02
3.380414876959908759e-04 -2.762199198048619422e-02
3.411693470708344737e-04 -2.813877698727653212e-02
3.443261481721376959e-04 -2.865813716748384990e-02
3.475121587943980571e-04 -2.917988651757551927e-02
3.507276492099853089e-04 -2.970376542690263827e-02
3.539728921920686291e-04 -3.022932035952908408e-02
3.572481630377563155e-04 -3.075622879112644911e-02
3.605537395914494461e-04 -3.128413518836926227e-02
3.638899022684116756e-04 -3.181257600760344084e-02
3.672569340785571189e-04 -3.234113892837912202e-02
3.706551206504584361e-04 -3.286942233086759257e-02
3.740847502555768537e-04 -3.339688359991404426e-02
3.775461138327166157e-04 -3.392300677228560213e-02
3.810395050127056535e-04 -3.444736220261817444e-02
3.845652201433044800e-04 -3.496945607533670508e-02
3.881235583143455314e-04 -3.548872512674937363e-02
3.917148213831055581e-04 -3.600464535176096936e-02
3.953393139999122029e-04 -3.651661685203769908e-02
3.989973436339879658e-04 -3.702401150436492039e-02
4.026892205995329641e-04 -3.752618683564874075e-02
4.064152580820493067e-04 -3.802242851396912121e-02
4.101757721649087638e-04 -3.851203043204981524e-02
4.139710818561667671e-04 -3.899428279236938355e-02
4.178015091156236623e-04 -3.946843847491490059e-02
4.216673788821373339e-04 -3.993383553948538778e-02
4.255690191011879072e-04 -4.038968307550476478e-02
4.295067607526975085e-04 -4.083516274923473105e-02
4.334809378791080114e-04 -4.126957068101314713e-02
4.374918876137176907e-04 -4.169203059968761699e-02
4.415399502092810661e-04 -4.210160362894670161e-02
4.456254690668724240e-04 -4.249732771023757849e-02
4.497487907650172460e-04 -4.287827176047946665e-02
4.539102650890925188e-04 -4.324356127013854328e-02
4.581102450609995588e-04 -4.359229248293519654e-02
4.623490869691109775e-04 -4.392357441395550177e-02
4.666271503984952018e-04 -4.423655403495654198e-02
4.709447982614203398e-04 -4.453028935735112853e-02
4.753023968281404267e-04 -4.480374768021321008e-02
4.797003157579662197e-04 -4.505591327651915778e-02
4.841389281306242276e-04 -4.528578012483425869e-02
4.886186104779050065e-04 -4.549234627181090312e-02
4.931397428156048934e-04 -4.567459431290917665e-02
4.977027086757631865e-04 -4.583168063926284369e-02
5.023078951391972630e-04 -4.596281004937911169e-02
5.069556928683394310e-04 -4.606708308815234826e-02
5.116464961403767615e-04 -4.614354604276312000e-02
5.163807028806984001e-04 -4.619129369259408757e-02
5.211587146966517679e-04 -4.620935842626888723e-02
5.259809369116111213e-04 -4.619684464265089857e-02
5.308477785993620480e-04 -4.615304143909682022e-02
5.357596526188028755e-04 -4.607731645442863372e-02
5.407169756489687380e-04 -4.596905658587551596e-02
5.457201682243779765e-04 -4.582769740860908464e-02
5.507696547707071613e-04 -4.565265540490247992e-02
5.558658636407953855e-04 -4.544320454666624098e-02
5.610092271509814097e-04 -4.519870419567941638e-02
5.662001816177782100e-04 -4.491876898112946020e-02
5.714391673948855796e-04 -4.460320440545661319e-02
5.767266289105457732e-04 -4.425185296193298590e-02
5.820630147052453362e-04 -4.386464533271471761e-02
5.874487774697645295e-04 -4.344144646837606871e-02
5.928843740835797703e-04 -4.298223636385865853e-02
5.983702656536214748e-04 -4.248695743054842905e-02
6.039069175533897955e-04 -4.195560508349170659e-02
6.094947994624330245e-04 -4.138857887844213379e-02
6.151343854061905054e-04 -4.078650077211330716e-02
6.208261537962052583e-04 -4.014999492727901187e-02
6.265705874707077272e-04 -3.947959617884493067e-02
6.323681737355754196e-04 -3.877590020116620378e-02
6.382194044056716930e-04 -3.803957161405648046e-02
6.441247758465667213e-04 -3.727154524297730809e-02
6.500847890166448718e-04 -3.647312130227774174e-02
6.560999495096013099e-04 -3.564572141342451511e-02
6.621707675973320618e-04 -3.479078315835423124e-02
6.682977582732208943e-04 -3.390967430752529765e-02
6.744814412958265908e-04 -3.300381184143588026e-02
6.807223412329747435e-04 -3.207492205950972924e-02
6.870209875062573135e-04 -3.112515014219089868e-02
6.933779144359439707e-04 -3.015685784230068278e-02
6.997936612863087926e-04 -2.917235792047295079e-02
7.062687723113768735e-04 -2.817394890595843748e-02
7.128037968010938813e-04 -2.716401953677872322e-02
7.193992891279217062e-04 -2.614525192609025439e-02
7.260558087938709338e-04 -2.512076868285638767e-02
7.327739204779548567e-04 -2.409393211765480103e-02
7.395541940841035122e-04 -2.306794831717026359e-02
7.463972047894970900e-04 -2.204599431753577476e-02
7.533035330933707512e-04 -2.103140463934032034e-02
7.602737648662468394e-04 -2.002788876983677135e-02
7.673084913996469593e-04 -1.903954234815515012e-02
7.744083094562396888e-04 -1.807040891087653006e-02
7.815738213204768319e-04 -1.712428022564646199e-02
7.888056348496733268e-04 -1.620491170125731850e-02
7.961043635255849122e-04 -1.531631483628440211e-02
8.034706265064376881e-04 -1.446285337958113336e-02
8.109050486794647586e-04 -1.364880773327127594e-02
8.184082607139033351e-04 -1.287804012975083019e-02
8.259808991145073777e-04 -1.215411246694433726e-02
8.336236062755303464e-04 -1.148066362185274324e-02
8.413370305352335741e-04 -1.086154697556893436e-02
8.491218262308711457e-04 -1.030031614073954535e-02
8.569786537542125422e-04 -9.799809476963090155e-03
8.649081796075497059e-04 -9.362347687374100377e-03
8.729110764602518446e-04 -8.990169506570239860e-03
8.809880232058135479e-04 -8.685463746034802549e-03
8.891397050194612675e-04 -8.449716463678133560e-03
8.973668134162622167e-04 -8.283376638397215580e-03
9.056700463098011755e-04 -8.186215543526054184e-03
9.140501080713703394e-04 -8.157868240054533954e-03
9.225077095897367234e-04 -8.197532316626123319e-03
9.310435683314326931e-04 -8.303150996422009600e-03
9.396584084016341336e-04 -8.471451860278604931e-03
9.483529606055720457e-04 -8.698701992911582470e-03
9.571279625105428386e-04 -8.980971450602765957e-03
9.659841585084609408e-04 -9.313216280851013482e-03
9.749222998790225752e-04 -9.688840296918285744e-03
9.839431448534212855e-04 -1.010054428888667796e-02
9.930474586786856850e-04 -1.054104979012296037e-02
1.002236013682579474e-03 -1.100236627793851375e-02
1.011509589339135715e-03 -1.147490427382068072e-02
1.020868972334763565e-03 -1.194845299553599742e-02
1.030314956635000221e-03 -1.241324613049547484e-02
1.039848343551846811e-03 -1.285929405381452777e-02
1.049469941811762182e-03 -1.327534487061285580e-02
1.059180567624249964e-03 -1.365019248755564886e-02
1.068981044751116105e-03 -1.397382889991657592e-02
1.078872204576332037e-03 -1.423652405290869519e-02
1.088854886176579377e-03 -1.442823278744321744e-02
1.098929936392411318e-03 -1.453996283556311699e-02
1.109098209900109648e-03 -1.456470777622455824e-02
1.119360569284168650e-03 -1.449668131554371527e-02
1.129717885110488942e-03 -1.433063178785952234e-02
1.140171036000207959e-03 -1.406380955595640074e-02
1.150720908704254246e-03 -1.369649113702700420e-02
1.161368398178552275e-03 -1.322999286999136138e-02
1.172114407659961268e-03 -1.266743142213738044e-02
1.182959848742877983e-03 -1.201568953053318983e-02
1.193905641456588897e-03 -1.128403356767571607e-02
1.204952714343296340e-03 -1.048255620035719662e-02
1.216102004536907897e-03 -9.624108452765034807e-03
1.227354457842514063e-03 -8.724442364547320070e-03
1.238711028816642844e-03 -7.799613814992077676e-03
1.250172680848214528e-03 -6.866312518000183829e-03
1.261740386240287493e-03 -5.943258520216203322e-03
1.273415126292519375e-03 -5.048606735947884852e-03
1.285197891384430753e-03 -4.198791232385564245e-03
1.297089681059406105e-03 -3.410404577643978349e-03
1.309091504109491638e-03 -2.698257722033810691e-03
1.321204378660972237e-03 -2.073427447555941609e-03
1.333429332260738795e-03 -1.545028973565276947e-03
1.345767401963456761e-03 -1.119272963102304870e-03
1.358219634419540259e-03 -7.974656364524040399e-04
1.370787085963940223e-03 -5.778152050854365581e-04
1.383470822705754793e-03 -4.552396644428647926e-04
1.396271920618668031e-03 -4.198765042190031552e-04
1.409191465632225878e-03 -4.592349274814533345e-04
1.422230553723956683e-03 -5.585040060247451876e-04
1.435390291012344360e-03 -6.997345368598893679e-04
1.448671793850660455e-03 -8.644941117588059252e-04
1.462076188921666809e-03 -1.034194484734131956e-03
1.475604613333191895e-03 -1.189976221099942099e-03
1.489258214714593792e-03 -1.315641093901431108e-03
1.503038151314114394e-03 -1.397315113985424934e-03
1.516945592097134138e-03 -1.424003361264430554e-03
1.530981716845337699e-03 -1.390016650375386353e-03
1.545147716256794297e-03 -1.293481423268982768e-03
1.559444792046967400e-03 -1.137463255018237446e-03
1.573874157050656830e-03 -9.305494925208249299e-04
1.588437035324884346e-03 -6.845861526846773416e-04
1.603134662252731803e-03 -4.157035350550280215e-04
1.617968284648140355e-03 -1.422797387112783294e-04
1.632939160861678063e-03 1.168754685567228757e-04
1.648048560887287834e-03 3.428345063189912681e-04
1.663297766470021562e-03 5.197940656526681613e-04
1.678688071214772372e-03 6.356915684847257338e-04
1.694220780696011714e-03 6.839133415912007153e-04
1.709897212568543216e-03 6.647625927700047963e-04
1.725718696679280238e-03 5.851103691544134316e-04
1.741686575180057981e-03 4.590353119021209913e-04
1.757802202641489675e-03 3.061083680396292942e-04
1.774066946167876394e-03 1.500789010249437515e-04
1.790482185513179178e-03 1.623467556062912953e-05
1.807049313198065598e-03 -7.154515505763005929e-05
1.823769734628038130e-03 -9.353484860376108916e-05
1.840644868212656287e-03 -3.745992612544839305e-05
1.857676145485861801e-03 1.000022098281158427e-04
1.874865011227416648e-03 3.114668823823042569e-04
1.892212923585465589e-03 5.796953492487837275e-04
1.909721354200231936e-03 8.789234897727995609e-04
1.927391788328858225e-03 1.178235602685605331e-03
1.945225724971402000e-03 1.445798624432489965e-03
1.963224676997998418e-03 1.653502859776131637e-03
1.981390171277196393e-03 1.781747054146460077e-03
1.999723748805486492e-03 1.822814757277948106e-03
2.018226964838023847e-03 1.782874407678222174e-03
2.036901389020562975e-03 1.681441067803650597e-03
2.055748605522610389e-03 1.548631830485617525e-03
2.074770213171814055e-03 1.420182714233792203e-03
2.093967825589591013e-03 1.331174438588206624e-03
2.113343071328013974e-03 1.309553148723606973e-03
2.132897594007962527e-03 1.370736757360825533e-03
2.152633052458552410e-03 1.514602318123242468e-03
2.172551120857856705e-03 1.725706274199280280e-03
2.192653488874927656e-03 1.976837792310040011e-03
2.212941861813132096e-03 2.235633898610768153e-03
2.233417960754814809e-03 2.472471054027587916e-03
2.254083522707299794e-03 2.668206071869992386e-03
2.274940300750242020e-03 2.819343822287505644e-03
2.295990064184342226e-03 2.939440603619175672e-03
2.317234598681439540e-03 3.055572817552165612e-03
2.338675706435990129e-03 3.200758927614629802e-03
2.360315206317949686e-03 3.403861978173018926e-03
2.382154934027077946e-03 3.679821565264191144e-03
2.404196742248639659e-03 4.023077868074006677e-03
2.426442500810604367e-03 4.406682540409817030e-03
2.448894096842227884e-03 4.787907030184261441e-03
2.471553434934176379e-03 5.119421712688247694e-03
2.494422437300057756e-03 5.363066024325131853e-03
2.517503043939523389e-03 5.502130134147471818e-03
2.540797212802799708e-03 5.547971346274331757e-03
2.564306919956823531e-03 5.538236531855362903e-03
2.588034159752835000e-03 5.526504539516288207e-03
2.611980944995598557e-03 5.566271150423666818e-03
2.636149307114110576e-03 5.694209791621819734e-03
2.660541296333970591e-03 5.918708230356002457e-03
2.685158981851260441e-03 6.218061192949279371e-03
2.710004452008118667e-03 6.549515207354821358e-03
2.735079814469854910e-03 6.866064786562641256e-03
2.760387196403786460e-03 7.134575814892124904e-03
2.785928744659646027e-03 7.347784503657627322e-03
2.811706625951745052e-03 7.524513305107078526e-03
2.837723027042732531e-03 7.697581518150482804e-03
2.863980154929145813e-03 7.894280892648729286e-03
2.890480237028587255e-03 8.118771839475969962e-03
2.917225521368723654e-03 8.345844838680489472e-03
2.944218276777941460e-03 8.531030780982037931e-03
2.971460793077862917e-03 8.634351400872168972e-03
2.998955381277543589e-03 8.647401120413442110e-03
3.026704373769567667e-03 8.609582755750046917e-03
3.054710124527856754e-03 8.602485735357857932e-03
3.082975009307410696e-03 8.720418368926967714e-03
3.111501425845793981e-03 9.028000817260208727e-03
3.140291794066589742e-03 9.524347825098530146e-03
3.169348556284631423e-03 1.013311528946841608e-02
3.198674177413240657e-03 1.072747428932108518e-02
3.228271145173274449e-03 1.118193254363507826e-02
3.258141970304213268e-03 1.142775785339646133e-02
3.288289186777099225e-03 1.148400896039087661e-02
3.318715352009544203e-03 1.144662354685769233e-02
3.349423047082628838e-03 1.143952395556609332e-02
3.380414876959908759e-03 1.155221923396889186e-02
3.411693470708344628e-03 1.179785926027057674e-02
3.443261481721380645e-03 1.211491869744214453e-02
3.475121587943980680e-03 1.241085038673707744e-02
3.507276492099856667e-03 1.262073288905778828e-02
3.539728921920686291e-03 1.274486317352168871e-02
3.572481630377566733e-03 1.284310401043863535e-02
3.605537395914494569e-03 1.299153801055787268e-02
3.638899022684120767e-03 1.323257828882169231e-02
3.672569340785571297e-03 1.355282354270734464e-02
3.706551206504587938e-03 1.390142247284147613e-02
3.740847502555768103e-03 1.423152393371642302e-02
3.775461138327169952e-03 1.453100169091167161e-02
3.810395050127056860e-03 1.481952475394556802e-02
3.845652201433048811e-03 1.511926860883561381e-02
3.881235583143455205e-03 1.543041393145117013e-02
3.917148213831059267e-03 1.573718704721384365e-02
3.953393139999122029e-03 1.603927808520604764e-02
3.989973436339883453e-03 1.637466281062512075e-02
4.026892205995329967e-03 1.680264428228853482e-02
4.064152580820497296e-03 1.735345757404366598e-02
4.101757721649087855e-03 1.798977446685381607e-02
4.139710818561672008e-03 1.862412551597262406e-02
4.178015091156236406e-03 1.918745003964679799e-02
4.216673788821373448e-03 1.968926732617029898e-02
4.255690191011879397e-03 2.020694921703893379e-02
4.295067607526975410e-03 2.080552555886399854e-02
4.334809378791079464e-03 2.146350795057843514e-02
4.374918876137176907e-03 2.208593019167959942e-02
4.415399502092810444e-03 2.260364730815954057e-02
4.456254690668724240e-03 2.306136793739765878e-02
4.497487907650172569e-03 2.359420680646018981e-02
4.539102650890925079e-03 2.430240872420057902e-02
4.581102450609995588e-03 2.514972810240791168e-02
4.623490869691109124e-03 2.599912718935900452e-02
4.666271503984952343e-03 2.675415033466595899e-02
4.709447982614203831e-03 2.745023385653080211e-02
4.753023968281404159e-03 2.819087462664566363e-02
4.797003157579662197e-03 2.900757195940418393e-02
4.841389281306242819e-03 2.982481901224747628e-02
4.886186104779049848e-03 3.058783016486757086e-02
4.931397428156049367e-03 3.139298920407717491e-02
4.977027086757631648e-03 3.242958600209386311e-02
5.023078951391972413e-03 3.376955228204969045e-02
5.069556928683393443e-03 3.525825725182198112e-02
5.116464961403767615e-03 3.666141604136945870e-02
5.163807028806984001e-03 3.790055842537973924e-02
5.211587146966517245e-03 3.908289686702796917e-02
5.259809369116111646e-03 4.030078221881824851e-02
5.308477785993619830e-03 4.149441561493399239e-02
5.357596526188028972e-03 4.258116297642532827e-02
5.407169756489686729e-03 4.365316917340329034e-02
5.457201682243779765e-03 4.491465309313002335e-02
5.507696547707071830e-03 4.640500835818136410e-02
5.558658636407953421e-03 4.790458710577449875e-02
5.610092271509814314e-03 4.919104766281472141e-02
5.662001816177782317e-03 5.030518757140300251e-02
5.714391673948855145e-03 5.146774627508171607e-02
5.767266289105458382e-03 5.280671679326959939e-02
5.820630147052453796e-03 5.430092126880688846e-02
5.874487774697644861e-03 5.594184039050250495e-02
5.928843740835797703e-03 5.776086581657730729e-02
5.983702656536214748e-03 5.966772227269866863e-02
6.039069175533898388e-03 6.144970193592057262e-02
6.094947994624329811e-03 6.302215501521087060e-02
6.151343854061904620e-03 6.453572425333638229e-02
6.208261537962052150e-03 6.614456056596450251e-02
6.265705874707076621e-03 6.780834376800767838e-02
6.323681737355753979e-03 6.941856309102786837e-02
6.382194044056716496e-03 7.097041796612281461e-02
6.441247758465666780e-03 7.250401017052170161e-02
6.500847890166448935e-03 7.402596094783339686e-02
6.560999495096013316e-03 7.558837427375822426e-02
6.621707675973320835e-03 7.728356736017941153e-02
6.682977582732208509e-03 7.907425828509777321e-02
6.744814412958265691e-03 8.080505180850772184e-02
6.807223412329747002e-03 8.244799363649282786e-02
6.870209875062573135e-03 8.415366243950876679e-02
6.933779144359439491e-03 8.601380398225363932e-02
6.997936612863088143e-03 8.793252404792832599e-02
7.062687723113769168e-03 8.974663051429247751e-02
7.128037968010938162e-03 9.139124422187668018e-02
7.193992891279224651e-03 9.301103967952149831e-02
7.260558087938708688e-03 9.491062870245141336e-02
7.327739204779555940e-03 9.725250444068225808e-02
7.395541940841034688e-03 9.985331810461353652e-02
7.463972047894978923e-03 1.023945872618898384e-01
7.533035330933707946e-03 1.046790082247066184e-01
7.602737648662476200e-03 1.066477955781828524e-01
7.673084913996469809e-03 1.084113118744149118e-01
7.744083094562404478e-03 1.102008569358069318e-01
7.815738213204768969e-03 1.120353209565404379e-01
7.888056348496741074e-03 1.136587984798636125e-01
7.961043635255848905e-03 1.150049513984283261e-01
8.034706265064384470e-03 1.163871913341648495e-01
8.109050486794647586e-03 1.180655006008974744e-01
8.184082607139040941e-03 1.198683223467004594e-01
8.259808991145072693e-03 1.213729144870013821e-01
8.336236062755311704e-03 1.224187393079139152e-01
8.413370305352335307e-03 1.232914047028785820e-01
8.491218262308719913e-03 1.243389260369555105e-01
8.569786537542124771e-03 1.256691798023022999e-01
8.649081796075507034e-03 1.272171736626030170e-01
8.729110764602518446e-03 1.288233689578646979e-01
8.809880232058144370e-03 1.303847120474055377e-01
8.891397050194612892e-03 1.319601063878405589e-01
8.973668134162631274e-03 1.334901571527461750e-01
9.056700463098012188e-03 1.346988372821871505e-01
9.140501080713712284e-03 1.355565303825888301e-01
9.225077095897368101e-03 1.364912564636250880e-01
9.310435683314336255e-03 1.378018015737935975e-01
9.396584084016341987e-03 1.393184351501050577e-01
9.483529606055730865e-03 1.410446591900565150e-01
9.571279625105427735e-03 1.431151890902127854e-01
9.659841585084620250e-03 1.449372388988167115e-01
9.749222998790225969e-03 1.457654563947290982e-01
9.839431448534224564e-03 1.457477807007613313e-01
9.930474586786856850e-03 1.455963790192467411e-01
1.002236013682581035e-02 1.456972384382442254e-01
1.011509589339136365e-02 1.458037387718413291e-01
1.020868972334764216e-02 1.457819392086451837e-01
1.030314956634999571e-02 1.457837828530517688e-01
1.039848343551847375e-02 1.454689205633061255e-01
1.049469941811761488e-02 1.445686697557289624e-01
1.059180567624250398e-02 1.437378759718419829e-01
1.068981044751115585e-02 1.436132865103673661e-01
1.078872204576332774e-02 1.438193100591662332e-01
1.088854886176578857e-02 1.437729801055468715e-01
1.098929936392411925e-02 1.433254293373956711e-01
1.109098209900108954e-02 1.422490848910758221e-01
1.119360569284169257e-02 1.404654551858968148e-01
1.129717885110488422e-02 1.386226035263822542e-01
1.140171036000208610e-02 1.374925044081115877e-01
1.150720908704253725e-02 1.368582610665996790e-01
1.161368398178552926e-02 1.359361055357342085e-01
1.172114407659960618e-02 1.343017770976247527e-01
1.182959848742878677e-02 1.318958128782745098e-01
1.193905641456588333e-02 1.292337377379740304e-01
1.204952714343296948e-02 1.273019188823518444e-01
1.216102004536907116e-02 1.262092076884928638e-01
1.227354457842514714e-02 1.248913905299289528e-01
1.238711028816642280e-02 1.223869619680115067e-01
1.250172680848215222e-02 1.185567792342869797e-01
1.261740386240286886e-02 1.142878519057909797e-01
1.273415126292520155e-02 1.109597557716461569e-01
1.285197891384431447e-02 1.086090088453340596e-01
1.297089681059406668e-02 1.054902089256379571e-01
1.309091504109492245e-02 1.005155528025033773e-01
1.321204378660972845e-02 9.437932917073221795e-02
1.333429332260739446e-02 8.862555878087854944e-02
1.345767401963457455e-02 8.434788130928949634e-02
1.358219634419540953e-02 8.052521388711608719e-02
1.370787085963940874e-02 7.492839941083442867e-02
1.383470822705755443e-02 6.705161975049922507e-02
1.396271920618668769e-02 5.848270312317087327e-02
1.409191465632226616e-02 5.086103679860698445e-02
1.422230553723957507e-02 4.384593399516577283e-02
1.435390291012345054e-02 3.519639301355699523e-02
1.448671793850661235e-02 2.412610768206038814e-02
1.462076188921667373e-02 1.275838461768359980e-02
1.475604613333192545e-02 2.993260205655802475e-03
1.489258214714594616e-02 -6.137872906528151970e-03
1.503038151314115174e-02 -1.707789881575768817e-02
1.516945592097134962e-02 -3.042085707483854068e-02
1.530981716845338306e-02 -4.367710888457113083e-02
1.545147716256795034e-02 -5.521864606927275737e-02
1.559444792046968224e-02 -6.673873845041511377e-02
1.573874157050657654e-02 -8.067112789045745302e-02
1.588437035324885213e-02 -9.624799851096914327e-02
1.603134662252732670e-02 -1.101389716780895311e-01
1.617968284648141006e-02 -1.225409113387759680e-01
1.632939160861678757e-02 -1.372996288295112721e-01
1.648048560887288572e-02 -1.558325058377910133e-01
1.663297766470022560e-02 -1.749311701996774659e-01
1.678688071214773370e-02 -1.917002456008962130e-01
1.694220780696012452e-02 -2.082629665886863990e-01
1.709897212568544170e-02 -2.269800627758714051e-01
1.725718696679280975e-02 -2.458557420590197495e-01
1.741686575180058719e-02 -2.624120723080236584e-01
1.757802202641490716e-02 -2.792292247299238972e-01
1.774066946167877218e-02 -2.994860191867362853e-01
1.790482185513180002e-02 -3.208988844754647185e-01
1.807049313198066595e-02 -3.401696305565182765e-01
1.823769734628039041e-02 -3.590610455685007141e-01
1.840644868212657284e-02 -3.809390292767719233e-01
1.857676145485862712e-02 -4.038871386814329445e-01
1.874865011227417472e-02 -4.245508989197426808e-01
1.892212923585466500e-02 -4.445819644058714992e-01
1.909721354200233021e-02 -4.663048211532637710e-01
1.927391788328858963e-02 -4.870702237587750116e-01
1.945225724971403128e-02 -5.055335094880983871e-01
1.963224676997999199e-02 -5.247872611662013353e-01
1.981390171277197521e-02 -5.456919168573372003e-01
1.999723748805487533e-02 -5.647966493283641531e-01
2.018226964838025148e-02 -5.821388459417194960e-01
2.036901389020563669e-02 -6.008223112445684189e-01
2.055748605522611516e-02 -6.197328465988728441e-01
2.074770213171815009e-02 -6.364713854451362618e-01
2.093967825589591880e-02 -6.535524530900848061e-01
2.113343071328015188e-02 -6.723330285900506187e-01
2.132897594007963568e-02 -6.895828294056136620e-01
2.152633052458553450e-02 -7.055064414993053035e-01
2.172551120857858092e-02 -7.227781744808449149e-01
2.192653488874928697e-02 -7.390479194510074512e-01
2.212941861813133224e-02 -7.511440662986662575e-01
2.233417960754816023e-02 -7.605633952883563698e-01
2.254083522707301182e-02 -7.681453917593500380e-01
2.274940300750243408e-02 -7.736439383853855878e-01
2.295990064184343440e-02 -7.797324905996450006e-01
2.317234598681440494e-02 -7.871008812988685710e-01
2.338675706435991430e-02 -7.931080284307642225e-01
2.360315206317952982e-02 -7.979607706099239861e-01
2.382154934027079160e-02 -8.021650229507819585e-01
2.404196742248643215e-02 -8.039886143517683825e-01
2.426442500810605668e-02 -8.045965695007899487e-01
2.448894096842231527e-02 -8.047680756540525060e-01
2.471553434934177854e-02 -8.016301703089573349e-01
2.494422437300061746e-02 -7.947262242277454147e-01
2.517503043939524690e-02 -7.863254780363856389e-01
2.540797212802803351e-02 -7.787819864099779776e-01
2.564306919956825179e-02 -7.740652293633440983e-01
2.588034159752838903e-02 -7.696419856964874517e-01
2.611980944995599685e-02 -7.605316519590372693e-01
2.636149307114114479e-02 -7.469609864660597953e-01
2.660541296333971892e-02 -7.320338912635940831e-01
2.685158981851264517e-02 -7.184594864427966687e-01
2.710004452008120401e-02 -7.065759731597025528e-01
2.735079814469858900e-02 -6.929637620072960358e-01
2.760387196403787588e-02 -6.754011995430474480e-01
2.785928744659650277e-02 -6.546505879847251963e-01
2.811706625951746613e-02 -6.319182362345300286e-01
2.837723027042736781e-02 -6.089559960608927902e-01
2.863980154929147287e-02 -5.868404464589829228e-01
2.890480237028591678e-02 -5.658915511485193006e-01
2.917225521368724955e-02 -5.459742641344543790e-01
2.944218276777946230e-02 -5.271851897020581879e-01
2.971460793077864565e-02 -5.104083650409872996e-01
2.998955381277548446e-02 -4.958291099999285745e-01
3.026704373769569315e-02 -4.831672826440923108e-01
3.054710124527861351e-02 -4.707268620978230511e-01
3.082975009307412084e-02 -4.569705192583794484e-01
3.111501425845798752e-02 -4.427474915592635174e-01
3.140291794066590869e-02 -4.300535129417641933e-01
3.169348556284636020e-02 -4.196399256701102143e-01
3.198674177413242392e-02 -4.116705995855856060e-01
3.228271145173278872e-02 -4.070011928042088778e-01
3.258141970304215262e-02 -4.042891300584670611e-01
3.288289186777100526e-02 -4.007779235575937848e-01
3.318715352009542208e-02 -3.960947696342514424e-01
3.349423047082630139e-02 -3.910196454488946705e-01
3.380414876959907111e-02 -3.846433808909589525e-01
3.411693470708346276e-02 -3.763577745593620349e-01
3.443261481721378997e-02 -3.673909205871436767e-01
3.475121587943982154e-02 -3.587184075547979467e-01
3.507276492099854759e-02 -3.492740834381412585e-01
3.539728921920688026e-02 -3.371216654995783935e-01
3.572481630377564998e-02 -3.224495520180571395e-01
3.605537395914496651e-02 -3.066273308306424750e-01
3.638899022684118773e-02 -2.912878889894958134e-01
3.672569340785573205e-02 -2.779416851181381043e-01
3.706551206504585944e-02 -2.663034838607109545e-01
3.740847502555770532e-02 -2.565192847902540985e-01
3.775461138327167870e-02 -2.497546178930492300e-01
3.810395050127058508e-02 -2.462304820483913748e-01
3.845652201433046730e-02 -2.473011509712010336e-01
3.881235583143457374e-02 -2.540156734755107393e-01
3.917148213831057185e-02 -2.668289635071991461e-01
3.953393139999124284e-02 -2.883828392172529953e-01
3.989973436339881718e-02 -3.207567527397844342e-01
4.026892205995331875e-02 -3.623327946314252035e-01
4.064152580820495214e-02 -4.099791171595562056e-01
4.101757721649090110e-02 -4.636350630817487328e-01
4.139710818561669753e-02 -5.247025139166394681e-01
4.178015091156239008e-02 -5.921353381135170402e-01
4.216673788821375529e-02 -6.617889378672061618e-01
4.255690191011881479e-02 -7.294456001485972729e-01
4.295067607526977665e-02 -7.936145282377874421e-01
4.334809378791082413e-02 -8.517991657241075210e-01
4.374918876137179335e-02 -8.999895175545544745e-01
4.415399502092812872e-02 -9.356202453389538265e-01
4.456254690668726842e-02 -9.573054693829163853e-01
4.497487907650175171e-02 -9.641444183019663994e-01
4.539102650890927682e-02 -9.529676361189977074e-01
4.581102450609998017e-02 -9.175349715153935382e-01
4.623490869691111727e-02 -8.552725296499185115e-01
4.666271503984954078e-02 -7.647555501823924962e-01
4.709447982614205913e-02 -6.416268169060482807e-01
4.753023968281406414e-02 -4.865210726691118204e-01
4.797003157579664973e-02 -3.038073208650949875e-01
4.841389281306245074e-02 -9.375954208041673010e-02
4.886186104779052797e-02 1.457456567893623267e-01
4.931397428156051449e-02 4.153808351072298954e-01
4.977027086757634250e-02 7.151923439369518576e-01
5.023078951391975189e-02 1.040863523988803330e+00
5.069556928683396219e-02 1.383973946679313283e+00
5.116464961403770217e-02 1.739468203933332902e+00
5.163807028806986776e-02 2.107082485486165613e+00
5.211587146966519674e-02 2.482126356548999269e+00
5.259809369116114075e-02 2.854581521799662180e+00
5.308477785993622605e-02 3.220534728318144246e+00
5.357596526188031921e-02 3.578533065003508984e+00
5.407169756489689505e-02 3.924438320485315934e+00
5.457201682243782020e-02 4.249086114694571314e+00
5.507696547707074258e-02 4.541866854851692281e+00
5.558658636407956544e-02 4.796047129755950600e+00
5.610092271509817263e-02 5.006636079879139167e+00
5.662001816177784919e-02 5.172320800455566747e+00
5.714391673948858441e-02 5.296108980870958938e+00
5.767266289105461158e-02 5.375432790047094400e+00
5.820630147052456571e-02 5.400826994878633158e+00
5.874487774697647463e-02 5.366866767682264339e+00
5.928843740835800652e-02 5.272738178097955419e+00
5.983702656536217523e-02 5.119176181655924474e+00
6.039069175533900991e-02 4.912639657444307417e+00
6.094947994624332760e-02 4.661524034617205103e+00
6.151343854061908090e-02 4.373885645792204180e+00
6.208261537962055793e-02 4.060777107163394462e+00
6.265705874707079570e-02 3.732865385043176776e+00
6.323681737355757448e-02 3.398436203409143985e+00
6.382194044056720139e-02 3.064056760173095029e+00
6.441247758465670770e-02 2.733163816824001113e+00
6.500847890166451537e-02 2.408615531991343151e+00
6.560999495096016265e-02 2.096252496139902721e+00
6.621707675973323437e-02 1.809841797830329391e+00
6.682977582732212152e-02 1.562771810886296464e+00
6.744814412958269334e-02 1.362434457917897745e+00
6.807223412329750645e-02 1.209120367128085016e+00
6.870209875062577298e-02 1.096955359045479028e+00
6.933779144359443480e-02 1.020683438967226131e+00
6.997936612863091266e-02 9.808752075852888996e-01
7.062687723113772464e-02 9.791149869120118199e-01
7.128037968010941805e-02 1.005758761114151412e+00
7.193992891279228641e-02 1.047518537710689479e+00
7.260558087938712157e-02 1.095567338060239093e+00
7.327739204779559756e-02 1.145769211545863087e+00
7.395541940841038331e-02 1.196533545475414906e+00
7.463972047894983086e-02 1.240615865497252335e+00
7.533035330933711415e-02 1.263201277156645430e+00
7.602737648662480363e-02 1.251260523764624821e+00
7.673084913996473799e-02 1.197586235479510597e+00
7.744083094562408121e-02 1.094759804945880877e+00
7.815738213204771745e-02 9.381231088854018463e-01
7.888056348496745585e-02 7.281903930888167231e-01
7.961043635255853068e-02 4.689096217553770374e-01
8.034706265064388286e-02 1.682056336276525066e-01
8.109050486794652790e-02 -1.601107587615676064e-01
8.184082607139045451e-02 -5.062578999010337588e-01
8.259808991145077550e-02 -8.594715528024492457e-01
8.336236062755317255e-02 -1.201675929906529161e+00
8.413370305352339817e-02 -1.521117737904872591e+00
8.491218262308725118e-02 -1.806118916150029730e+00
8.569786537542128935e-02 -2.043911660908074079e+00
8.649081796075511197e-02 -2.226066981784784904e+00
8.729110764602522610e-02 -2.345511550262732392e+00
8.809880232058149574e-02 -2.398507548105795362e+00
8.891397050194617402e-02 -2.384503697982348847e+00
8.973668134162636478e-02 -2.309509941499806818e+00
9.056700463098016352e-02 -2.181870470602635503e+00
9.140501080713717141e-02 -2.009131160884338740e+00
9.225077095897371571e-02 -1.804797402061751432e+00
9.310435683314341460e-02 -1.581446960394551793e+00
9.396584084016346150e-02 -1.348691797067738563e+00
9.483529606055735028e-02 -1.113939822050497463e+00
9.571279625105433286e-02 -8.832091470124481258e-01
9.659841585084624760e-02 -6.657281229219731422e-01
9.749222998790231520e-02 -4.700769122608315365e-01
9.839431448534229074e-02 -3.016765764273154349e-01
9.930474586786862401e-02 -1.668361541773317747e-01
1.002236013682581001e-01 -7.290376676853144167e-02
1.011509589339136261e-01 -2.561766629290400041e-02
1.020868972334765118e-01 -2.690065299480699432e-02
1.030314956635000612e-01 -7.543455504098446618e-02
1.039848343551848381e-01 -1.722592947072839054e-01
1.049469941811762563e-01 -3.128532607490647210e-01
1.059180567624251473e-01 -4.821169367433691955e-01
1.068981044751116660e-01 -6.668282802518491481e-01
1.078872204576332705e-01 -8.626959964869497233e-01
1.088854886176578857e-01 -1.056262768647539430e+00
1.098929936392411960e-01 -1.224245650057047552e+00
1.109098209900108989e-01 -1.346200198631330558e+00
1.119360569284169327e-01 -1.404197908950243878e+00
1.129717885110488318e-01 -1.393762063000641316e+00
1.140171036000208610e-01 -1.321331541070128957e+00
1.150720908704253725e-01 -1.203829977812370666e+00
1.161368398178553030e-01 -1.067642890541864453e+00
1.172114407659960583e-01 -9.431003698935936930e-01
1.182959848742878711e-01 -8.629649109556204456e-01
1.193905641456588368e-01 -8.565390891616923019e-01
1.204952714343296982e-01 -9.408115435773428681e-01
1.216102004536907116e-01 -1.114588370223698055e+00
1.227354457842514679e-01 -1.358281960630886243e+00
1.238711028816642246e-01 -1.639562062950406407e+00
1.250172680848215256e-01 -1.918433942073056286e+00
1.261740386240287060e-01 -2.156899667220927519e+00
1.273415126292520017e-01 -2.328174752550786764e+00
1.285197891384431412e-01 -2.416979921551251742e+00
1.297089681059406807e-01 -2.421269034753756433e+00
1.309091504109492210e-01 -2.350069116693181304e+00
1.321204378660972845e-01 -2.221585145859506838e+00
1.333429332260739619e-01 -2.060361647676739238e+00
1.345767401963457455e-01 -1.887766450697436982e+00
1.358219634419541022e-01 -1.718476848792731992e+00
1.370787085963940943e-01 -1.560119797718206414e+00
1.383470822705755443e-01 -1.411603871403471322e+00
1.396271920618668561e-01 -1.266201337162707219e+00
1.409191465632226581e-01 -1.117238307275164599e+00
1.422230553723957402e-01 -9.612767287352906864e-01
1.435390291012345054e-01 -7.995548444995390636e-01
1.448671793850661305e-01 -6.364526552711877727e-01
1.462076188921667408e-01 -4.763946860813467188e-01
1.475604613333192650e-01 -3.279795191895042428e-01
1.489258214714594686e-01 -2.026825286723512032e-01
1.503038151314115001e-01 -1.064913569639009960e-01
1.516945592097135032e-01 -4.243443737137347904e-02
1.530981716845338514e-01 -1.127909746012201522e-02
1.545147716256795034e-01 -7.242986693322611864e-03
1.559444792046968120e-01 -2.127032441481000943e-02
1.573874157050657585e-01 -4.416572593003655067e-02
1.588437035324885005e-01 -6.651957201161110000e-02
1.603134662252732601e-01 -8.121953510996356151e-02
1.617968284648141075e-01 -8.504701913488937892e-02
1.632939160861678896e-01 -7.706597499074691049e-02
1.648048560887288572e-01 -5.789280268303786947e-02
1.663297766470022421e-01 -2.961011983232678113e-02
1.678688071214773092e-01 4.534001917713782748e-03
1.694220780696012729e-01 4.055776617666374123e-02
1.709897212568544100e-01 7.439050988388910823e-02
1.725718696679281183e-01 1.024539323660334789e-01
1.741686575180058927e-01 1.221201750922975282e-01
1.757802202641490508e-01 1.323174017905041355e-01
1.774066946167877357e-01 1.337345574640896040e-01
1.790482185513180002e-01 1.283386493738383205e-01
1.807049313198066387e-01 1.187198113727166299e-01
1.823769734628039041e-01 1.076176988999044265e-01
1.840644868212657215e-01 9.711312853734188622e-02
1.857676145485862573e-01 8.816997795796618909e-02
1.874865011227417610e-01 8.099532925149001417e-02
1.892212923585466500e-01 7.540786199099902554e-02
1.909721354200232812e-01 7.101872603722977906e-02
1.927391788328859101e-01 6.735653311014318245e-02
1.945225724971403058e-01 6.397546228316743078e-02
1.963224676997999407e-01 6.053467296371217027e-02
1.981390171277197521e-01 5.684079961763525285e-02
1.999723748805487533e-01 5.285237307053122779e-02
2.018226964838024939e-01 4.865092185859653390e-02
2.036901389020563946e-01 4.439306343370078012e-02
2.055748605522611239e-01 4.025720306345765415e-02
2.074770213171814870e-01 3.639689388248547319e-02
2.093967825589591880e-01 3.291074113428380660e-02
2.113343071328015188e-01 2.983177753396344667e-02
2.132897594007963638e-01 2.713419033479119377e-02
2.152633052458553520e-01 2.475230891207563788e-02
2.172551120857857954e-01 2.260415644202803248e-02
2.192653488874928835e-01 2.061342722028250418e-02
2.212941861813133015e-01 1.872477832198717052e-02
2.233417960754816023e-01 1.691005956052328563e-02
2.254083522707301113e-01 1.516610989744097623e-02
2.274940300750243338e-01 1.350701624221138826e-02
2.295990064184343371e-01 1.195407085039015480e-02
2.317234598681440494e-01 1.052633222696622121e-02
2.338675706435991430e-01 9.234335197215852789e-03
2.360315206317953052e-01 8.077984265218957766e-03
2.382154934027078952e-01 7.047846834135945183e-03
2.404196742248643215e-01 6.128655921280963190e-03
2.426442500810605807e-01 5.303568859964204706e-03
2.448894096842231527e-01 4.557628972640290557e-03
2.471553434934177784e-01 3.879708029762736921e-03
2.494422437300061746e-01 3.262810685369785333e-03
2.517503043939524621e-01 2.703098896401367329e-03
2.540797212802803351e-01 2.198374411929289625e-03
2.564306919956825248e-01 1.746609217548177051e-03
2.588034159752838903e-01 1.345040542113029418e-03
2.611980944995599963e-01 9.899625954463921098e-04
2.636149307114114548e-01 6.769956048916719133e-04
2.660541296333971961e-01 4.016236272385452694e-04
2.685158981851264448e-01 1.596649555104428034e-04
2.710004452008120124e-01 -5.245433240378620765e-05
2.735079814469859039e-01 -2.377083985852230629e-04
2.760387196403787935e-01 -3.986158681331494649e-04
2.785928744659650347e-01 -5.374663519810985715e-04
2.811706625951746474e-01 -6.564470356898076614e-04
2.837723027042736712e-01 -7.577264537428534188e-04
2.863980154929147148e-01 -8.434398808028588986e-04
2.890480237028591470e-01 -9.154982583515468026e-04
2.917225521368724817e-01 -9.752082644350419834e-04
2.944218276777946230e-01 -1.023685023259884560e-03
2.971460793077864704e-01 -1.062244821415234824e-03
2.998955381277548238e-01 -1.092075847125644232e-03
3.026704373769569245e-01 -1.114120473456427186e-03
3.054710124527861281e-01 -1.129159469660319989e-03
3.082975009307412084e-01 -1.137891658036958723e-03
3.111501425845799029e-01 -1.140982105604374658e-03
3.140291794066590869e-01 -1.139092800916565026e-03
3.169348556284636298e-01 -1.132896179649160121e-03
3.198674177413242115e-01 -1.123054138498090016e-03
3.228271145173279288e-01 -1.110190932303166790e-03
3.258141970304215262e-01 -1.094884018789740775e-03
3.288289186777104134e-01 -1.077631788527760783e-03
3.318715352009545816e-01 -1.058846821126614626e-03
3.349423047082633609e-01 -1.038858018285746107e-03
3.380414876959910719e-01 -1.017922207299978062e-03
3.411693470708350162e-01 -9.962289123930077612e-04
3.443261481721382467e-01 -9.739222056617580269e-04
3.475121587943982293e-01 -9.511262325779561893e-04
3.507276492099854481e-01 -9.279453232936237580e-04
3.539728921920687887e-01 -9.044802052813883915e-04
3.572481630377565276e-01 -8.808292086754604486e-04
3.605537395914496512e-01 -8.571114620240085974e-04
3.638899022684118911e-01 -8.334331764571209023e-04
3.672569340785573067e-01 -8.099080471175376531e-04
3.706551206504586360e-01 -7.866325480570339999e-04
3.740847502555770254e-01 -7.636988710482085427e-04
3.775461138327168009e-01 -7.411653983102242226e-04
3.810395050127058925e-01 -7.190855693085477368e-04
3.845652201433046868e-01 -6.974777374142901703e-04
3.881235583143457513e-01 -6.763494548175523523e-04
3.917148213831057602e-01 -6.557091130955145951e-04
3.953393139999124006e-01 -6.355741952784722901e-04
3.989973436339881996e-01 -6.159790654283691085e-04
4.026892205995331597e-01 -5.969030281571252594e-04
4.064152580820494798e-01 -5.783387142659308705e-04
4.101757721649089694e-01 -5.603493266391437093e-04
4.139710818561669892e-01 -5.427700986334348977e-04
4.178015091156238592e-01 -5.254918732267672629e-04
4.216673788821375668e-01 -5.087416748733351131e-04
4.255690191011881063e-01 -4.926400412145221647e-04
4.295067607526977249e-01 -4.770472087115314847e-04
4.334809378791081858e-01 -4.617526196202893828e-04
4.374918876137179335e-01 -4.466754180842536881e-04
4.415399502092812734e-01 -4.319845194961065629e-04
4.456254690668726703e-01 -4.179012095060833081e-04
4.497487907650175032e-01 -4.044180198732328637e-04
4.539102650890927682e-01 -3.914112509115558929e-04
4.581102450609997878e-01 -3.787855672275832353e-04
4.623490869691112004e-01 -3.664715572132869539e-04
4.666271503984954494e-01 -3.543868827168718651e-04
4.709447982614206052e-01 -3.425090061617206663e-04
4.753023968281406275e-01 -3.309366100160964375e-04
4.797003157579664556e-01 -3.198100683444482810e-04
4.841389281306244796e-01 -3.091876610398708379e-04
4.886186104779052797e-01 -2.990253522389183893e-04
4.931397428156051865e-01 -2.892333061889440049e-04
4.977027086757634389e-01 -2.797619647155084942e-04
