5.023078951391972766e-05 -4.346661458882054247e-08
5.069556928683388889e-05 -4.509082674713053371e-08
5.116464961403767209e-05 -4.678497224364742194e-08
5.163807028806978715e-05 -4.854612427186058775e-08
5.211587146966517408e-05 -5.036425805356978784e-08
5.259809369116105792e-05 -5.225514132345504453e-08
5.308477785993620074e-05 -5.421964636752760055e-08
5.357596526188023334e-05 -5.626082504018663492e-08
5.407169756489686838e-05 -5.837547566340255785e-08
5.457201682243774209e-05 -6.057065864640620275e-08
5.507696547707072019e-05 -6.285994455308268684e-08
5.558658636407947621e-05 -6.523246931081842766e-08
5.610092271509814368e-05 -6.769748991437967762e-08
5.662001816177776272e-05 -7.025621838946623943e-08
5.714391673948855254e-05 -7.290566303365767432e-08
5.767266289105452040e-05 -7.566317849911019813e-08
5.820630147052453362e-05 -7.852238204330719578e-08
5.874487774697638518e-05 -8.149620307656911740e-08
5.928843740835797296e-05 -8.457257950996766763e-08
5.983702656536208243e-05 -8.778760978941000006e-08
6.039069175533898090e-05 -9.111921217465328187e-08
6.094947994624323197e-05 -9.457936283306695452e-08
6.151343854061905325e-05 -9.817639253392242496e-08
6.208261537962046349e-05 -1.019063952096098333e-07
6.265705874707077272e-05 -1.057817637953408966e-07
6.323681737355747149e-05 -1.098090687325999038e-07
6.382194044056716117e-05 -1.139816746422096899e-07
6.441247758465660166e-05 -1.183273948793193927e-07
6.500847890166448447e-05 -1.228383985376952103e-07
6.560999495096006865e-05 -1.275092870683904354e-07
6.621707675973320618e-05 -1.323715648048847688e-07
6.682977582732201624e-05 -1.374220917790799248e-07
6.744814412958265366e-05 -1.426758125564497511e-07
6.807223412329740388e-05 -1.481211866306432333e-07
6.870209875062573948e-05 -1.537960340803155851e-07
6.933779144359432660e-05 -1.596783253923735834e-07
6.997936612863088740e-05 -1.657828191527355796e-07
7.062687723113762230e-05 -1.721259516495092015e-07
7.128037968010938271e-05 -1.787398656672692205e-07
7.193992891279217604e-05 -1.855886567543948377e-07
7.260558087938708525e-05 -1.927073050346241932e-07
7.327739204779548296e-05 -2.000938527789719548e-07
7.395541940841035122e-05 -2.077778591241665209e-07
7.463972047894970900e-05 -2.157448881148862761e-07
7.533035330933708054e-05 -2.240213949583245975e-07
7.602737648662468122e-05 -2.326305120051798086e-07
7.673084913996470135e-05 -2.415753737694043040e-07
7.744083094562397159e-05 -2.508650422080094115e-07
7.815738213204768861e-05 -2.605053174709204616e-07
7.888056348496733539e-05 -2.705173207641328094e-07
7.961043635255848851e-05 -2.809319567317633732e-07
8.034706265064376881e-05 -2.917477493902085861e-07
8.109050486794647857e-05 -3.029921430383890487e-07
8.184082607139033080e-05 -3.146644400271947330e-07
8.259808991145073235e-05 -3.268149667122096155e-07
8.336236062755304006e-05 -3.394294810296408453e-07
8.413370305352336012e-05 -3.525420529462389131e-07
8.491218262308711999e-05 -3.661655224344751852e-07
8.569786537542125422e-05 -3.803279274989405382e-07
8.649081796075497601e-05 -3.950449306564934273e-07
8.729110764602517904e-05 -4.103320088128273486e-07
8.809880232058136021e-05 -4.262255066246003773e-07
8.891397050194612133e-05 -4.427382387995462885e-07
8.973668134162622167e-05 -4.598968457904292019e-07
9.056700463098011755e-05 -4.777487764533396634e-07
9.140501080713702852e-05 -4.962851904668405953e-07
9.225077095897366963e-05 -5.155676661585984564e-07
9.310435683314326931e-05 -5.355984461900545852e-07
9.396584084016341878e-05 -5.564384870265328198e-07
9.483529606055720999e-05 -5.780766868334544215e-07
9.571279625105427573e-05 -6.005684368992256102e-07
9.659841585084609408e-05 -6.239737676718241834e-07
9.749222998790226565e-05 -6.482897640574714315e-07
9.839431448534213939e-05 -6.735590326339903306e-07
9.930474586786856308e-05 -6.998273963240038841e-07
1.002236013682579583e-04 -7.271164802219559361e-07
1.011509589339134820e-04 -7.555058842977930326e-07
1.020868972334763565e-04 -7.849962090086321268e-07
1.030314956634999056e-04 -8.156406834563980339e-07
1.039848343551846730e-04 -8.475011168093686318e-07
1.049469941811760989e-04 -8.806171740632246825e-07
1.059180567624249856e-04 -9.150098759163300450e-07
1.068981044751114967e-04 -9.507963362023396678e-07
1.078872204576332200e-04 -9.879408865472893505e-07
1.088854886176578347e-04 -1.026593705377736013e-06
1.098929936392411427e-04 -1.066716199762121165e-06
1.109098209900108428e-04 -1.108461034659353905e-06
1.119360569284168759e-04 -1.151803510798097052e-06
1.129717885110487723e-04 -1.196865789677550569e-06
1.140171036000207905e-04 -1.243655994581851159e-06
1.150720908704253189e-04 -1.292342822704766574e-06
1.161368398178552329e-04 -1.342943500570187770e-06
1.172114407659959940e-04 -1.395548763403041132e-06
1.182959848742878010e-04 -1.450196592777701846e-06
1.193905641456587704e-04 -1.506995293429936249e-06
1.204952714343296340e-04 -1.566035860710355688e-06
1.216102004536906569e-04 -1.627404642156115139e-06
1.227354457842514009e-04 -1.691169232896487167e-06
1.238711028816641597e-04 -1.757416258298419450e-06
1.250172680848214582e-04 -1.826326244339645498e-06
1.261740386240286192e-04 -1.897948177185120139e-06
1.273415126292519537e-04 -1.972344329571001769e-06
1.285197891384430753e-04 -2.049680147698069629e-06
1.297089681059405996e-04 -2.130065916909370942e-06
1.309091504109491746e-04 -2.213594470639048163e-06
1.321204378660972237e-04 -2.300409136460095306e-06
1.333429332260738904e-04 -2.390601769900081341e-06
1.345767401963456707e-04 -2.484328978967433556e-06
1.358219634419540367e-04 -2.581671329107781831e-06
1.370787085963940223e-04 -2.682876572987011394e-06
1.383470822705754793e-04 -2.787999931802751857e-06
1.396271920618667869e-04 -2.897198012024939579e-06
1.409191465632225878e-04 -3.010628752193172778e-06
1.422230553723956845e-04 -3.128422533751576021e-06
1.435390291012344252e-04 -3.250808284337068979e-06
1.448671793850660400e-04 -3.377919271447505728e-06
1.462076188921666593e-04 -3.509904658406518864e-06
1.475604613333191787e-04 -3.646956370005263782e-06
1.489258214714593792e-04 -3.789273251528501903e-06
1.503038151314114394e-04 -3.937086900536137428e-06
1.516945592097134355e-04 -4.090469598075980646e-06
1.530981716845337536e-04 -4.249794480821482878e-06
1.545147716256794134e-04 -4.415172798640713821e-06
1.559444792046967400e-04 -4.586792044057932193e-06
1.573874157050656830e-04 -4.764975520936927962e-06
1.588437035324884346e-04 -4.949856868605256348e-06
1.603134662252731857e-04 -5.141737616418057681e-06
1.617968284648140247e-04 -5.340765766366591921e-06
1.632939160861678171e-04 -5.547345513145563091e-06
1.648048560887287726e-04 -5.761614625373911719e-06
1.663297766470021616e-04 -5.983947939893719649e-06
1.678688071214772372e-04 -6.214466592335680328e-06
1.694220780696011769e-04 -6.453576784204674490e-06
1.709897212568543161e-04 -6.701479177983673210e-06
1.725718696679280292e-04 -6.958495719334285564e-06
1.741686575180057981e-04 -7.224978153829972133e-06
1.757802202641489621e-04 -7.501230588602344464e-06
1.774066946167876340e-04 -7.787520057179813868e-06
1.790482185513179233e-04 -8.084257634386159876e-06
1.807049313198065489e-04 -8.391687823943627772e-06
1.823769734628037913e-04 -8.710193747016468363e-06
1.840644868212656232e-04 -9.040146023937279055e-06
1.857676145485861856e-04 -9.381898540201323756e-06
1.874865011227416648e-04 -9.735803343103138945e-06
1.892212923585465481e-04 -1.010223322277028165e-05
1.909721354200231774e-04 -1.048155960298117537e-05
1.927391788328858225e-04 -1.087423251059833601e-05
1.945225724971402217e-04 -1.128050634004940273e-05
1.963224676997998364e-04 -1.170081467474132782e-05
1.981390171277196339e-04 -1.213555823484326727e-05
1.999723748805486438e-04 -1.258510385056153816e-05
2.018226964838024009e-04 -1.304990152959809857e-05
2.036901389020562758e-04 -1.353036103733798318e-05
2.055748605522610226e-04 -1.402684064449984659e-05
2.074770213171813838e-04 -1.453982202077766682e-05
2.093967825589591067e-04 -1.506971905135620327e-05
2.113343071328014028e-04 -1.561692928679910705e-05
2.132897594007962582e-04 -1.618189191546716538e-05
2.152633052458552464e-04 -1.676506964734426756e-05
2.172551120857856867e-04 -1.736689050776280832e-05
2.192653488874927710e-04 -1.798773477829449928e-05
2.212941861813132042e-04 -1.862800499027483751e-05
2.233417960754814700e-04 -1.928823599051893107e-05
2.254083522707299957e-04 -1.996883714641740936e-05
2.274940300750242182e-04 -2.067020269856516425e-05
2.295990064184342335e-04 -2.139276710654354727e-05
2.317234598681439486e-04 -2.213690645575207546e-05
2.338675706435990400e-04 -2.290288438947438561e-05
2.360315206317952072e-04 -2.369118055785747088e-05
2.382154934027077783e-04 -2.450202523829052263e-05
2.404196742248642152e-04 -2.533583420054308886e-05
2.426442500810604638e-04 -2.619301351444981799e-05
2.448894096842230486e-04 -2.707370823698995228e-05
2.471553434934176704e-04 -2.797837697471722873e-05
2.494422437300060683e-04 -2.890728503365141874e-05
2.517503043939523389e-04 -2.986054819458092816e-05
2.540797212802799600e-04 -3.083873077975167226e-05
2.564306919956823639e-04 -3.184192007482823791e-05
2.588034159752835108e-04 -3.287032161606110310e-05
2.611980944995598449e-04 -3.392403195419859411e-05
2.636149307114110576e-04 -3.500326782164398220e-05
2.660541296333970591e-04 -3.610809847260017144e-05
2.685158981851260332e-04 -3.723855861480985027e-05
2.710004452008118992e-04 -3.839456616472003778e-05
2.735079814469854585e-04 -3.957601853513936763e-05
2.760387196403786352e-04 -4.078272992692236844e-05
2.785928744659646244e-04 -4.201452716134186969e-05
2.811706625951744943e-04 -4.327127544177991869e-05
2.837723027042732206e-04 -4.455284113079519925e-05
2.863980154929145596e-04 -4.585901601628929023e-05
2.890480237028587147e-04 -4.718922974656554752e-05
2.917225521368723654e-04 -4.854324186454472172e-05
2.944218276777941460e-04 -4.992082472361880738e-05
2.971460793077862809e-04 -5.132146685474149611e-05
2.998955381277543806e-04 -5.274450610546865234e-05
3.026704373769567558e-04 -5.418927448931519432e-05
3.054710124527856862e-04 -5.565511355657497251e-05
3.082975009307410805e-04 -5.714104791003106590e-05
3.111501425845793981e-04 -5.864610998971513095e-05
3.140291794066589742e-04 -6.016923988867672564e-05
3.169348556284631532e-04 -6.170942735689867703e-05
3.198674177413240549e-04 -6.326553582870532444e-05
3.228271145173274015e-04 -6.483637491255453411e-05
3.258141970304213376e-04 -6.642089769136674815e-05
3.288289186777098899e-04 -6.801784239890546998e-05
3.318715352009544311e-04 -6.962552690641415529e-05
3.349423047082628730e-04 -7.124282178979576558e-05
3.380414876959908759e-04 -7.286810231471114096e-05
3.411693470708344737e-04 -7.449979050738285283e-05
3.443261481721376959e-04 -7.613570265997066989e-05
3.475121587943980571e-04 -7.777408132804057930e-05
3.507276492099853089e-04 -7.941302519072932441e-05
3.539728921920686291e-04 -8.105026278017520177e-05
3.572481630377563155e-04 -8.268374457208428011e-05
3.605537395914494461e-04 -8.431161613676933060e-05
3.638899022684116756e-04 -8.593148331223784779e-05
3.672569340785571189e-04 -8.754127583471054894e-05
3.706551206504584361e-04 -8.913887987710382020e-05
3.740847502555768537e-04 -9.072192284303843787e-05
3.775461138327166157e-04 -9.228791417407519054e-05
3.810395050127056535e-04 -9.383440988001868902e-05
3.845652201433044800e-04 -9.535853018898710510e-05
3.881235583143455314e-04 -9.685734041681412000e-05
3.917148213831055581e-04 -9.832825380851006826e-05
3.953393139999122029e-04 -9.976847443035468668e-05
3.989973436339879658e-04 -1.011754636006409691e-04
4.026892205995329641e-04 -1.025465756584832878e-04
4.064152580820493067e-04 -1.038792992774928696e-04
4.101757721649087638e-04 -1.051708310405012370e-04
4.139710818561667671e-04 -1.064188518241212324e-04
4.178015091156236623e-04 -1.076204060114758533e-04
4.216673788821373339e-04 -1.087724903486430997e-04
4.255690191011879072e-04 -1.098717958777294758e-04
4.295067607526975085e-04 -1.109152241886275327e-04
4.334809378791080114e-04 -1.119004861142757683e-04
4.374918876137176907e-04 -1.128248480878547068e-04
4.415399502092810661e-04 -1.136857789632721069e-04
4.456254690668724240e-04 -1.144807329203342068e-04
4.497487907650172460e-04 -1.152073795654379282e-04
4.539102650890925188e-04 -1.158635709008001705e-04
4.581102450609995588e-04 -1.164462217228862969e-04
4.623490869691109775e-04 -1.169520457860648684e-04
4.666271503984952018e-04 -1.173782380947708956e-04
4.709447982614203398e-04 -1.177225461705634288e-04
4.753023968281404267e-04 -1.179825193237025408e-04
4.797003157579662197e-04 -1.181562515953361430e-04
4.841389281306242276e-04 -1.182420301535275941e-04
4.886186104779050065e-04 -1.182383542904339471e-04
4.931397428156048934e-04 -1.181427428388837563e-04
4.977027086757631865e-04 -1.179523044481116032e-04
5.023078951391972630e-04 -1.176642444527042442e-04
5.069556928683394310e-04 -1.172761686170625665e-04
5.116464961403767615e-04 -1.167863047605045823e-04
5.163807028806984001e-04 -1.161932736375575901e-04
5.211587146966517679e-04 -1.154959315709549024e-04
5.259809369116111213e-04 -1.146932607540780870e-04
5.308477785993620480e-04 -1.137838358871210538e-04
5.357596526188028755e-04 -1.127649643902074012e-04
5.407169756489687380e-04 -1.116339928775286544e-04
5.457201682243779765e-04 -1.103893785628795468e-04
5.507696547707071613e-04 -1.090303451925449631e-04
5.558658636407953855e-04 -1.075561759128827288e-04
5.610092271509814097e-04 -1.059668343142298531e-04
5.662001816177782100e-04 -1.042623545886763048e-04
5.714391673948855796e-04 -1.024413433904249315e-04
5.767266289105457732e-04 -1.005016877381993489e-04
5.820630147052453362e-04 -9.844234779261476628e-05
5.874487774697645295e-04 -9.626343899580841067e-05
5.928843740835797703e-04 -9.396639677383062978e-05
5.983702656536214748e-04 -9.155293710080462206e-05
6.039069175533897955e-04 -8.902443554575720913e-05
6.094947994624330245e-04 -8.638126377537960244e-05
6.151343854061905054e-04 -8.362315566774935680e-05
6.208261537962052583e-04 -8.075123423924100003e-05
6.265705874707077272e-04 -7.776816685684381704e-05
6.323681737355754196e-04 -7.467787840086843063e-05
6.382194044056716930e-04 -7.148476221091575728e-05
6.441247758465667213e-04 -6.819253032565054115e-05
6.500847890166448718e-04 -6.480370421433362545e-05
6.560999495096013099e-04 -6.132113498636634116e-05
6.621707675973320618e-04 -5.774979940220822602e-05
6.682977582732208943e-04 -5.409642635983289485e-05
6.744814412958265908e-04 -5.036863747301808744e-05
6.807223412329747435e-04 -4.657334297116914765e-05
6.870209875062573135e-04 -4.271623272926986539e-05
6.933779144359439707e-04 -3.880276590246679299e-05
6.997936612863087926e-04 -3.484047708624896382e-05
7.062687723113768735e-04 -3.083908643764656470e-05
7.128037968010938813e-04 -2.680903939793337522e-05
7.193992891279217062e-04 -2.276015761676440636e-05
7.260558087938709338e-04 -1.870002878768891141e-05
7.327739204779548567e-04 -1.463656474591459578e-05
7.395541940841035122e-04 -1.058011077335079588e-05
7.463972047894970900e-04 -6.542673908993534770e-06
7.533035330933707512e-04 -2.536609281224198279e-06
7.602737648662468394e-04 1.427976960560020270e-06
7.673084913996469593e-04 5.342427353718871246e-06
7.744083094562396888e-04 9.196753409594185625e-06
7.815738213204768319e-04 1.297857991573296452e-05
7.888056348496733268e-04 1.667454814779602677e-05
7.961043635255849122e-04 2.027313866170539917e-05
8.034706265064376881e-04 2.376567882112061864e-05
8.109050486794647586e-04 2.714310408899206850e-05
8.184082607139033351e-04 3.039344835587460853e-05
8.259808991145073777e-04 3.350372587603964896e-05
8.336236062755303464e-04 3.646297249973033298e-05
8.413370305352335741e-04 3.926382561799852153e-05
8.491218262308711457e-04 4.189898497262865086e-05
8.569786537542125422e-04 4.435832243991701557e-05
8.649081796075497059e-04 4.663118731388956592e-05
8.729110764602518446e-04 4.871026408354374898e-05
8.809880232058135479e-04 5.059270186802353875e-05
8.891397050194612675e-04 5.227545619796686413e-05
8.973668134162622167e-04 5.375292903231875652e-05
9.056700463098011755e-04 5.502118365897797997e-05
9.140501080713703394e-04 5.608238023209441593e-05
9.225077095897367234e-04 5.694325644244040981e-05
9.310435683314326931e-04 5.760910272540037386e-05
9.396584084016341336e-04 5.808467835756636252e-05
9.483529606055720457e-04 5.838072048828336018e-05
9.571279625105428386e-04 5.851653811317771519e-05
9.659841585084609408e-04 5.851256007896018439e-05
9.749222998790225752e-04 5.838766518302300419e-05
9.839431448534212855e-04 5.816557795568143784e-05
9.930474586786856850e-04 5.787992543285023762e-05
1.002236013682579474e-03 5.756863098481137907e-05
1.011509589339135715e-03 5.726588089642579857e-05
1.020868972334763565e-03 5.700952615803618997e-05
1.030314956635000221e-03 5.684718700462953436e-05
1.039848343551846811e-03 5.682967282639288795e-05
1.049469941811762182e-03 5.700219585482218853e-05
1.059180567624249964e-03 5.741144879621963240e-05
1.068981044751116105e-03 5.811157658563236803e-05
1.078872204576332037e-03 5.915517159897563498e-05
1.088854886176579377e-03 6.058635691220377688e-05
1.098929936392411318e-03 6.244787635909013451e-05
1.109098209900109648e-03 6.478378093054935904e-05
1.119360569284168650e-03 6.763119395551685264e-05
1.129717885110488942e-03 7.101385000965724397e-05
1.140171036000207959e-03 7.495191123594243678e-05
1.150720908704254246e-03 7.946098723069514383e-05
1.161368398178552275e-03 8.454008279202132657e-05
1.172114407659961268e-03 9.017455542280651006e-05
1.182959848742877983e-03 9.634470169128118153e-05
1.193905641456588897e-03 1.030180574140911225e-04
1.204952714343296340e-03 1.101426686930900259e-04
1.216102004536907897e-03 1.176570972260113015e-04
1.227354457842514063e-03 1.254927504412030727e-04
1.238711028816642844e-03 1.335646907461123781e-04
1.250172680848214528e-03 1.417760184638036528e-04
1.261740386240287493e-03 1.500295924852343052e-04
1.273415126292519375e-03 1.582195272669904829e-04
1.285197891384430753e-03 1.662305252643010614e-04
1.297089681059406105e-03 1.739579388473387134e-04
1.309091504109491638e-03 1.813012377941868253e-04
1.321204378660972237e-03 1.881585337021661030e-04
1.333429332260738795e-03 1.944481943102398334e-04
1.345767401963456761e-03 2.001087492756414528e-04
1.358219634419540259e-03 2.050886759960441068e-04
1.370787085963940223e-03 2.093677998223497790e-04
1.383470822705754793e-03 2.129566296344034110e-04
1.396271920618668031e-03 2.158825771881710417e-04
1.409191465632225878e-03 2.182103496475000124e-04
1.422230553723956683e-03 2.200370210685411386e-04
1.435390291012344360e-03 2.214718392131665098e-04
1.448671793850660455e-03 2.226543616958394844e-04
1.462076188921666809e-03 2.237421292185368040e-04
1.475604613333191895e-03 2.248864635555431683e-04
1.489258214714593792e-03 2.262507755313385540e-04
1.503038151314114394e-03 2.279807107235632226e-04
1.516945592097134138e-03 2.301915573472159110e-04
1.530981716845337699e-03 2.329804547948469736e-04
1.545147716256794297e-03 2.363926743363923449e-04
1.559444792046967400e-03 2.404274506416142012e-04
1.573874157050656830e-03 2.450423822902771283e-04
1.588437035324884346e-03 2.501366711456148102e-04
1.603134662252731803e-03 2.555719386595817124e-04
1.617968284648140355e-03 2.611720280768351811e-04
1.632939160861678063e-03 2.667390488329684801e-04
1.648048560887287834e-03 2.720843389744589274e-04
1.663297766470021562e-03 2.770212326359192253e-04
1.678688071214772372e-03 2.814057833878990723e-04
1.694220780696011714e-03 2.851491458910569970e-04
1.709897212568543216e-03 2.882276879284092824e-04
1.725718696679280238e-03 2.907018318166459253e-04
1.741686575180057981e-03 2.926959749159903194e-04
1.757802202641489675e-03 2.944123934929900629e-04
1.774066946167876394e-03 2.960933896848453586e-04
1.790482185513179178e-03 2.980045835620661709e-04
1.807049313198065598e-03 3.004059880861358143e-04
1.823769734628038130e-03 3.035056937797722676e-04
1.840644868212656287e-03 3.074453710968141885e-04
1.857676145485861801e-03 3.122553757192146899e-04
1.874865011227416648e-03 3.178587522592093160e-04
1.892212923585465589e-03 3.240616714187702992e-04
1.909721354200231936e-03 3.305804324955637996e-04
1.927391788328858225e-03 3.370667187532540863e-04
1.945225724971402000e-03 3.431627586861436320e-04
1.963224676997998418e-03 3.485469411605208621e-04
1.981390171277196393e-03 3.529851756902770469e-04
1.999723748805486492e-03 3.563753638997152408e-04
2.018226964838023847e-03 3.587609357171826796e-04
2.036901389020562975e-03 3.603332333412608175e-04
2.055748605522610389e-03 3.613965698473371713e-04
2.074770213171814055e-03 3.623190568980878021e-04
2.093967825589591013e-03 3.634595606524175623e-04
2.113343071328013974e-03 3.651038248354819570e-04
2.132897594007962527e-03 3.674015986909562412e-04
2.152633052458552410e-03 3.703412350073430640e-04
2.172551120857856705e-03 3.737473476357845909e-04
2.192653488874927656e-03 3.773243617796582139e-04
2.212941861813132096e-03 3.807335172487329557e-04
2.233417960754814809e-03 3.836822468190906007e-04
2.254083522707299794e-03 3.860098520628039227e-04
2.274940300750242020e-03 3.877450081028434238e-04
2.295990064184342226e-03 3.891280193335905878e-04
2.317234598681439540e-03 3.905661543622639250e-04
2.338675706435990129e-03 3.925473643912918064e-04
2.360315206317949686e-03 3.955216373659894914e-04
2.382154934027077946e-03 3.997824965658628663e-04
2.404196742248639659e-03 4.053775571679131030e-04
2.426442500810604367e-03 4.120844739213461844e-04
2.448894096842227884e-03 4.194573553468248605e-04
2.471553434934176379e-03 4.269371908428200172e-04
2.494422437300057756e-03 4.340001659494411787e-04
2.517503043939523389e-03 4.402958423345872791e-04
2.540797212802799708e-03 4.457390881002118140e-04
2.564306919956823531e-03 4.505132584151619237e-04
2.588034159752835000e-03 4.549887944912704360e-04
2.611980944995598557e-03 4.595865702856426573e-04
2.636149307114110576e-03 4.646249177200331747e-04
2.660541296333970591e-03 4.702142129893660473e-04
2.685158981851260441e-03 4.762419403673744328e-04
2.710004452008118667e-03 4.824547842013662781e-04
2.735079814469854910e-03 4.886036969572759604e-04
2.760387196403786460e-03 4.945856659631773676e-04
2.785928744659646027e-03 5.005134859418006437e-04
2.811706625951745052e-03 5.066600673709243004e-04
2.837723027042732531e-03 5.132930139364526387e-04
2.863980154929145813e-03 5.204615189359620758e-04
2.890480237028587255e-03 5.278510022320350575e-04
2.917225521368723654e-03 5.348032084864945976e-04
2.944218276777941460e-03 5.405356210631111777e-04
2.971460793077862917e-03 5.445003975927257319e-04
2.998955381277543589e-03 5.467469164153951474e-04
3.026704373769567667e-03 5.480974619670205125e-04
3.054710124527856754e-03 5.500032262893260080e-04
3.082975009307410696e-03 5.540728972651711966e-04
3.111501425845793981e-03 5.614320644824066656e-04
3.140291794066589742e-03 5.721810504473911129e-04
3.169348556284631423e-03 5.852196974712542497e-04
3.198674177413240657e-03 5.985677425213255026e-04
3.228271145173274449e-03 6.100998427813337762e-04
3.258141970304213268e-03 6.183967290248535125e-04
3.288289186777099225e-03 6.233168523906009806e-04
3.318715352009544203e-03 6.260184539294281125e-04
3.349423047082628838e-03 6.284093055032935818e-04
3.380414876959908759e-03 6.322733797614152763e-04
3.411693470708344628e-03 6.385128126409746283e-04
3.443261481721380645e-03 6.468735708948761438e-04
3.475121587943980680e-03 6.562656807398318604e-04
3.507276492099856667e-03 6.654494951374349907e-04
3.539728921920686291e-03 6.736913495763879357e-04
3.572481630377566733e-03 6.810396563524268726e-04
3.605537395914494569e-03 6.881016504801300369e-04
3.638899022684120767e-03 6.955343797962080859e-04
3.672569340785571297e-03 7.036079955565539444e-04
3.706551206504587938e-03 7.120908362603227838e-04
3.740847502555768103e-03 7.204754169823104860e-04
3.775461138327169952e-03 7.283526366373571257e-04
3.810395050127056860e-03 7.356848606720683493e-04
3.845652201433048811e-03 7.428611228952837270e-04
3.881235583143455205e-03 7.505835013498521292e-04
3.917148213831059267e-03 7.596666390545407177e-04
3.953393139999122029e-03 7.707618563437646864e-04
3.989973436339883453e-03 7.840144954251665813e-04
4.026892205995329967e-03 7.987657844424231280e-04
4.064152580820497296e-03 8.135854340768849209e-04
4.101757721649087855e-03 8.268775218893456005e-04
4.139710818561672008e-03 8.378967523312480558e-04
4.178015091156236406e-03 8.474984609191085674e-04
4.216673788821373448e-03 8.578460802967291174e-04
4.255690191011879397e-03 8.709361514678339326e-04
4.295067607526975410e-03 8.868849600315083931e-04
4.334809378791079464e-03 9.034282603305380079e-04
4.374918876137176907e-03 9.173456811973214982e-04
4.415399502092810444e-03 9.269152789751778634e-04
4.456254690668724240e-03 9.333640866398344163e-04
4.497487907650172569e-03 9.399479973216454121e-04
4.539102650890925079e-03 9.493841392828471400e-04
4.581102450609995588e-03 9.619522259736724675e-04
4.623490869691109124e-03 9.759534980175703237e-04
4.666271503984952343e-03 9.897882592225771235e-04
4.709447982614203831e-03 1.003235068983740702e-03
4.753023968281404159e-03 1.016592585766295251e-03
4.797003157579662197e-03 1.029088798742590566e-03
4.841389281306242819e-03 1.039115333384056867e-03
4.886186104779049848e-03 1.046639943259527810e-03
4.931397428156049367e-03 1.054933724678294238e-03
4.977027086757631648e-03 1.068741649880347241e-03
5.023078951391972413e-03 1.089945531277226572e-03
5.069556928683393443e-03 1.115249127913505540e-03
5.116464961403767615e-03 1.138743485865596674e-03
5.163807028806984001e-03 1.156773351410300644e-03
5.211587146966517245e-03 1.169915117557440015e-03
5.259809369116111646e-03 1.180637863787811033e-03
5.308477785993619830e-03 1.190526504332539834e-03
5.357596526188028972e-03 1.200630546571564324e-03
5.407169756489686729e-03 1.213062726380027736e-03
5.457201682243779765e-03 1.229622425161817738e-03
5.507696547707071830e-03 1.248148558797862505e-03
5.558658636407953421e-03 1.262372009300774013e-03
5.610092271509814314e-03 1.267562754037627765e-03
5.662001816177782317e-03 1.265904610552788653e-03
5.714391673948855145e-03 1.264641726489380098e-03
5.767266289105458382e-03 1.269088797180689546e-03
5.820630147052453796e-03 1.278990192972219182e-03
5.874487774697644861e-03 1.291242691552060146e-03
5.928843740835797703e-03 1.303444305034633576e-03
5.983702656536214748e-03 1.313922934322002498e-03
6.039069175533898388e-03 1.321218573950836165e-03
6.094947994624329811e-03 1.325969527558926858e-03
6.151343854061904620e-03 1.331596612701556152e-03
6.208261537962052150e-03 1.340538109672986681e-03
6.265705874707076621e-03 1.350694729615879806e-03
6.323681737355753979e-03 1.357689049332623521e-03
6.382194044056716496e-03 1.359711296414167726e-03
6.441247758465666780e-03 1.358465966693523947e-03
6.500847890166448935e-03 1.356942212844120888e-03
6.560999495096013316e-03 1.358012014578515499e-03
6.621707675973320835e-03 1.362735845761506520e-03
6.682977582732208509e-03 1.367613812122365829e-03
6.744814412958265691e-03 1.366532614150083817e-03
6.807223412329747002e-03 1.358453443491341225e-03
6.870209875062573135e-03 1.349784480367355191e-03
6.933779144359439491e-03 1.345584626773380305e-03
6.997936612863088143e-03 1.341931200098882325e-03
7.062687723113769168e-03 1.331020801414697224e-03
7.128037968010938162e-03 1.311129190018512497e-03
7.193992891279224651e-03 1.288430414758055071e-03
7.260558087938708688e-03 1.270934977009289483e-03
7.327739204779555940e-03 1.261507760717630634e-03
7.395541940841034688e-03 1.254581540563774354e-03
7.463972047894978923e-03 1.240653985086071290e-03
7.533035330933707946e-03 1.216062570760380974e-03
7.602737648662476200e-03 1.185762383994406078e-03
7.673084913996469809e-03 1.155778054135602568e-03
7.744083094562404478e-03 1.127586974320181476e-03
7.815738213204768969e-03 1.099047926093404785e-03
7.888056348496741074e-03 1.065547545659641625e-03
7.961043635255848905e-03 1.024374235977563866e-03
8.034706265064384470e-03 9.823881176004535185e-04
8.109050486794647586e-03 9.499334806815184877e-04
8.184082607139040941e-03 9.234023547502268406e-04
8.259808991145072693e-03 8.864920517719975055e-04
8.336236062755311704e-03 8.310597173014582341e-04
8.413370305352335307e-03 7.659188233133835955e-04
8.491218262308719913e-03 7.052199200477677742e-04
8.569786537542124771e-03 6.534606413862607474e-04
8.649081796075507034e-03 6.035697297074982910e-04
8.729110764602518446e-03 5.516490561439385413e-04
8.809880232058144370e-03 5.025613735507326657e-04
8.891397050194612892e-03 4.536269920172228669e-04
8.973668134162631274e-03 3.916689848290480285e-04
9.056700463098012188e-03 3.092916068453414511e-04
9.140501080713712284e-03 2.101088746680165376e-04
9.225077095897368101e-03 1.060023824539593095e-04
9.310435683314336255e-03 8.522497887100919522e-06
9.396584084016341987e-03 -8.211577350454465863e-05
9.483529606055730865e-03 -1.686284098773269970e-04
9.571279625105427735e-03 -2.534951927580180548e-04
9.659841585084620250e-03 -3.492462133405056855e-04
9.749222998790225969e-03 -4.675056297924362505e-04
9.839431448534224564e-03 -6.045089242762484395e-04
9.930474586786856850e-03 -7.472328880315046856e-04
1.002236013682581035e-02 -8.939814743942947530e-04
1.011509589339136365e-02 -1.057057865592089026e-03
1.020868972334764216e-02 -1.233579899672303292e-03
1.030314956634999571e-02 -1.412355785796914421e-03
1.039848343551847375e-02 -1.599117959101446209e-03
1.049469941811761488e-02 -1.796520247068799899e-03
1.059180567624250398e-02 -1.991817935418721541e-03
1.068981044751115585e-02 -2.176313197924318460e-03
1.078872204576332774e-02 -2.363230398333649070e-03
1.088854886176578857e-02 -2.570467663625982183e-03
1.098929936392411925e-02 -2.793798624702937498e-03
1.109098209900108954e-02 -3.023711509197539275e-03
1.119360569284169257e-02 -3.261185281281999641e-03
1.129717885110488422e-02 -3.502898971219066057e-03
1.140171036000208610e-02 -3.740716265152316602e-03
1.150720908704253725e-02 -3.978870793570098326e-03
1.161368398178552926e-02 -4.224097143611674210e-03
1.172114407659960618e-02 -4.478622557649659768e-03
1.182959848742878677e-02 -4.747245480007462361e-03
1.193905641456588333e-02 -5.025025593760904831e-03
1.204952714343296948e-02 -5.296931293128576482e-03
1.216102004536907116e-02 -5.562777019309899686e-03
1.227354457842514714e-02 -5.838304702548040466e-03
1.238711028816642280e-02 -6.133483448619891573e-03
1.250172680848215222e-02 -6.452592581052941055e-03
1.261740386240286886e-02 -6.779251636716696755e-03
1.273415126292520155e-02 -7.082418446570743105e-03
1.285197891384431447e-02 -7.363486194462722650e-03
1.297089681059406668e-02 -7.659563635051440562e-03
1.309091504109492245e-02 -7.996828176455628850e-03
1.321204378660972845e-02 -8.378157262051695239e-03
1.333429332260739446e-02 -8.785634302425028228e-03
1.345767401963457455e-02 -9.189916973075680159e-03
1.358219634419540953e-02 -9.592261524031942335e-03
1.370787085963940874e-02 -1.002351889130257377e-02
1.383470822705755443e-02 -1.049803378874088894e-02
1.396271920618668769e-02 -1.100002069382660652e-02
1.409191465632226616e-02 -1.150437772470668495e-02
1.422230553723957507e-02 -1.200927800760685955e-02
1.435390291012345054e-02 -1.253051962582946849e-02
1.448671793850661235e-02 -1.306794385969081013e-02
1.462076188921667373e-02 -1.361259600074889685e-02
1.475604613333192545e-02 -1.416157854942649494e-02
1.489258214714594616e-02 -1.471205623790474565e-02
1.503038151314115174e-02 -1.527207865888594550e-02
1.516945592097134962e-02 -1.586589184203842512e-02
1.530981716845338306e-02 -1.648963455378559331e-02
1.545147716256795034e-02 -1.712380194759947558e-02
1.559444792046968224e-02 -1.776235645288036166e-02
1.573874157050657654e-02 -1.840623807557057942e-02
1.588437035324885213e-02 -1.905401880596043623e-02
1.603134662252732670e-02 -1.968912836817007100e-02
1.617968284648141006e-02 -2.031662504363044436e-02
1.632939160861678757e-02 -2.097090325653381410e-02
1.648048560887288572e-02 -2.167227780028981032e-02
1.663297766470022560e-02 -2.240718383378905929e-02
1.678688071214773370e-02 -2.312231820859213943e-02
1.694220780696012452e-02 -2.376646453793586702e-02
1.709897212568544170e-02 -2.432998283156437985e-02
1.725718696679280975e-02 -2.483765768162219528e-02
1.741686575180058719e-02 -2.532545265597056783e-02
1.757802202641490716e-02 -2.585185008346806146e-02
1.774066946167877218e-02 -2.645873921458059483e-02
1.790482185513180002e-02 -2.712722063613395504e-02
1.807049313198066595e-02 -2.780543315027604254e-02
1.823769734628039041e-02 -2.844203056916939226e-02
1.840644868212657284e-02 -2.903374175067279656e-02
1.857676145485862712e-02 -2.960949662497219803e-02
1.874865011227417472e-02 -3.017965630485193451e-02
1.892212923585466500e-02 -3.074805537804294747e-02
1.909721354200233021e-02 -3.131565586535842161e-02
1.927391788328858963e-02 -3.188852204228179166e-02
1.945225724971403128e-02 -3.246620813582204446e-02
1.963224676997999199e-02 -3.300514641663908344e-02
1.981390171277197521e-02 -3.351651140321661171e-02
1.999723748805487533e-02 -3.404593046697027003e-02
2.018226964838025148e-02 -3.455319734960730221e-02
2.036901389020563669e-02 -3.498007095431848040e-02
2.055748605522611516e-02 -3.536517875391970850e-02
2.074770213171815009e-02 -3.578213456852334662e-02
2.093967825589591880e-02 -3.621622688086141573e-02
2.113343071328015188e-02 -3.664479917032268524e-02
2.132897594007963568e-02 -3.707985813061679542e-02
2.152633052458553450e-02 -3.742938921801784724e-02
2.172551120857858092e-02 -3.761361923414224817e-02
2.192653488874928697e-02 -3.772295495087121114e-02
2.212941861813133224e-02 -3.779873709799110026e-02
2.233417960754816023e-02 -3.775064975959115804e-02
2.254083522707301182e-02 -3.761598619354054179e-02
2.274940300750243408e-02 -3.750813925207330951e-02
2.295990064184343440e-02 -3.739545392125898787e-02
2.317234598681440494e-02 -3.725690379397986890e-02
2.338675706435991430e-02 -3.711833239650060706e-02
2.360315206317952982e-02 -3.688888651401286967e-02
2.382154934027079160e-02 -3.654789615365361399e-02
2.404196742248643215e-02 -3.615020543752481968e-02
2.426442500810605668e-02 -3.560735325377841626e-02
2.448894096842231527e-02 -3.490174363058911461e-02
2.471553434934177854e-02 -3.415773383250518547e-02
2.494422437300061746e-02 -3.332800991992550255e-02
2.517503043939524690e-02 -3.241021138132076096e-02
2.540797212802803351e-02 -3.154020650007196419e-02
2.564306919956825179e-02 -3.065331905902881487e-02
2.588034159752838903e-02 -2.964533744399885581e-02
2.611980944995599685e-02 -2.842124140962845602e-02
2.636149307114114479e-02 -2.686093678523844563e-02
2.660541296333971892e-02 -2.514457933145943305e-02
2.685158981851264517e-02 -2.343497219169351012e-02
2.710004452008120401e-02 -2.164431233899572621e-02
2.735079814469858900e-02 -1.975812362304822656e-02
2.760387196403787588e-02 -1.770545560091700554e-02
2.785928744659650277e-02 -1.549578576185404837e-02
2.811706625951746613e-02 -1.326100679687358327e-02
2.837723027042736781e-02 -1.091283489244825565e-02
2.863980154929147287e-02 -8.390610503043762630e-03
2.890480237028591678e-02 -5.689946061771765200e-03
2.917225521368724955e-02 -2.897087869629609222e-03
2.944218276777946230e-02 -2.272772521117564246e-04
2.971460793077864565e-02 2.402956587165565663e-03
2.998955381277548446e-02 5.133521056327228736e-03
3.026704373769569315e-02 8.014869917492407556e-03
3.054710124527861351e-02 1.098323284836540646e-02
3.082975009307412084e-02 1.387875466086383597e-02
3.111501425845798752e-02 1.669181478589490050e-02
3.140291794066590869e-02 1.934396336668938593e-02
3.169348556284636020e-02 2.184844296679662110e-02
3.198674177413242392e-02 2.424447464274118516e-02
3.228271145173278872e-02 2.648205631768337995e-02
3.258141970304215262e-02 2.849796274432677204e-02
3.288289186777100526e-02 3.024770465689379309e-02
3.318715352009542208e-02 3.183257325606426297e-02
3.349423047082630139e-02 3.332200304210398978e-02
3.380414876959907111e-02 3.471433597442118851e-02
3.411693470708346276e-02 3.593676379394761256e-02
3.443261481721378997e-02 3.698130339280857742e-02
3.475121587943982154e-02 3.783870210681906932e-02
3.507276492099854759e-02 3.852666799012863935e-02
3.539728921920688026e-02 3.906225264908652628e-02
3.572481630377564998e-02 3.946379807654960131e-02
3.605537395914496651e-02 3.974136461836081519e-02
3.638899022684118773e-02 3.987965320200971553e-02
3.672569340785573205e-02 3.981950003621912565e-02
3.706551206504585944e-02 3.950698645189458513e-02
3.740847502555770532e-02 3.892433280674472557e-02
3.775461138327167870e-02 3.808484453639997963e-02
3.810395050127058508e-02 3.699709796549962432e-02
3.845652201433046730e-02 3.566484298996505653e-02
3.881235583143457374e-02 3.412142929646178047e-02
3.917148213831057185e-02 3.242645236469093861e-02
3.953393139999124284e-02 3.056081589274165303e-02
3.989973436339881718e-02 2.842676504872190466e-02
4.026892205995331875e-02 2.605562994081005515e-02
4.064152580820495214e-02 2.361393105020608008e-02
4.101757721649090110e-02 2.121654930893016738e-02
4.139710818561669753e-02 1.889646632018091021e-02
4.178015091156239008e-02 1.663545396392649561e-02
4.216673788821375529e-02 1.452341758467390852e-02
4.255690191011881479e-02 1.271390876995935788e-02
4.295067607526977665e-02 1.124734944920484890e-02
4.334809378791082413e-02 1.013337873937315316e-02
4.374918876137179335e-02 9.448081869364225241e-03
4.415399502092812872e-02 9.317278747695671021e-03
4.456254690668726842e-02 9.857160367225181047e-03
4.497487907650175171e-02 1.105718672127004032e-02
4.539102650890927682e-02 1.287566067821374616e-02
4.581102450609998017e-02 1.537592794279847228e-02
4.623490869691111727e-02 1.866868074390507642e-02
4.666271503984954078e-02 2.283595798361034643e-02
4.709447982614205913e-02 2.789805105422031237e-02
4.753023968281406414e-02 3.372711683593041659e-02
4.797003157579664973e-02 4.017096411165125419e-02
4.841389281306245074e-02 4.729735685044730159e-02
4.886186104779052797e-02 5.506266330182581908e-02
4.931397428156051449e-02 6.324994061494769448e-02
4.977027086757634250e-02 7.173500494539056249e-02
5.023078951391975189e-02 8.038969373164449317e-02
5.069556928683396219e-02 8.911587174533894262e-02
5.116464961403770217e-02 9.785376791482638947e-02
5.163807028806986776e-02 1.063057236015132190e-01
5.211587146966519674e-02 1.140964825830627222e-01
5.259809369116114075e-02 1.210638119313767053e-01
5.308477785993622605e-02 1.270964961414584038e-01
5.357596526188031921e-02 1.321816951323681599e-01
5.407169756489689505e-02 1.363112032778104055e-01
5.457201682243782020e-02 1.390696746203516077e-01
5.507696547707074258e-02 1.401270022043811514e-01
5.558658636407956544e-02 1.395331044701779988e-01
5.610092271509817263e-02 1.372305163811241568e-01
5.662001816177784919e-02 1.329513488874952409e-01
5.714391673948858441e-02 1.268546184166328972e-01
5.767266289105461158e-02 1.191420188768669008e-01
5.820630147052456571e-02 1.095683024470569117e-01
5.874487774697647463e-02 9.817397037126471271e-02
5.928843740835800652e-02 8.548412998100608784e-02
5.983702656536217523e-02 7.170511622829839338e-02
6.039069175533900991e-02 5.685853220040303774e-02
6.094947994624332760e-02 4.130040724812614195e-02
6.151343854061908090e-02 2.559791307758931683e-02
6.208261537962055793e-02 1.018854909062139914e-02
6.265705874707079570e-02 -4.684806707211272743e-03
6.323681737355757448e-02 -1.856197789928840103e-02
6.382194044056720139e-02 -3.076722912455601491e-02
6.441247758465670770e-02 -4.107466315160163139e-02
6.500847890166451537e-02 -4.952619092938688461e-02
6.560999495096016265e-02 -5.587630001909922595e-02
6.621707675973323437e-02 -5.967490250490868620e-02
6.682977582732212152e-02 -6.066738229623346024e-02
6.744814412958269334e-02 -5.891941455841361724e-02
6.807223412329750645e-02 -5.465859469063782256e-02
6.870209875062577298e-02 -4.817134413081655686e-02
6.933779144359443480e-02 -3.956641607075050970e-02
6.997936612863091266e-02 -2.921981745483885270e-02
7.062687723113772464e-02 -1.763597410871519874e-02
7.128037968010941805e-02 -5.050158082447562570e-03
7.193992891279228641e-02 8.229798442541036776e-03
7.260558087938712157e-02 2.160272002704577421e-02
7.327739204779559756e-02 3.441247490994939207e-02
7.395541940841038331e-02 4.652343387861922197e-02
7.463972047894983086e-02 5.806302200656279083e-02
7.533035330933711415e-02 6.880505438510070571e-02
7.602737648662480363e-02 7.830368579327472156e-02
7.673084913996473799e-02 8.607037930319046126e-02
7.744083094562408121e-02 9.143744948013393659e-02
7.815738213204771745e-02 9.383611095370701649e-02
7.888056348496745585e-02 9.290431420046729727e-02
7.961043635255853068e-02 8.835198350372522325e-02
8.034706265064388286e-02 8.018482409728468208e-02
8.109050486794652790e-02 6.903409655689490831e-02
8.184082607139045451e-02 5.563824401168041694e-02
8.259808991145077550e-02 4.065675092615072400e-02
8.336236062755317255e-02 2.497872387483367554e-02
8.413370305352339817e-02 9.563639673660600041e-03
8.491218262308725118e-02 -4.429777194732541917e-03
8.569786537542128935e-02 -1.595950891095119714e-02
8.649081796075511197e-02 -2.438190243744535468e-02
8.729110764602522610e-02 -2.943386544264892796e-02
8.809880232058149574e-02 -3.121800821594947206e-02
8.891397050194617402e-02 -3.014942355428594165e-02
8.973668134162636478e-02 -2.675355696798288954e-02
9.056700463098016352e-02 -2.152787926565292997e-02
9.140501080713717141e-02 -1.489198343074728606e-02
9.225077095897371571e-02 -7.272171347625823977e-03
9.310435683314341460e-02 1.096076060353773276e-03
9.396584084016346150e-02 1.010406098193829955e-02
9.483529606055735028e-02 1.947306521841540503e-02
9.571279625105433286e-02 2.851693000526992275e-02
9.659841585084624760e-02 3.608728494348288629e-02
9.749222998790231520e-02 4.063257680528702814e-02
9.839431448534229074e-02 4.053816378122037517e-02
9.930474586786862401e-02 3.453222145858390879e-02
1.002236013682581001e-01 2.192644851381895035e-02
1.011509589339136261e-01 2.900386176126169228e-03
1.020868972334765118e-01 -2.144371928167061736e-02
1.030314956635000612e-01 -4.932382404185861602e-02
1.039848343551848381e-01 -7.840797318906217450e-02
1.049469941811762563e-01 -1.057576713106395810e-01
1.059180567624251473e-01 -1.282616900167733165e-01
1.068981044751116660e-01 -1.433505984543902989e-01
1.078872204576332705e-01 -1.497475653644071703e-01
1.088854886176578857e-01 -1.475099660011815195e-01
1.098929936392411960e-01 -1.376407503020458112e-01
1.109098209900108989e-01 -1.219783723262632957e-01
1.119360569284169327e-01 -1.032479424760129050e-01
1.129717885110488318e-01 -8.441454085875690905e-02
1.140171036000208610e-01 -6.777297625104364287e-02
1.150720908704253725e-01 -5.453156666794238550e-02
1.161368398178553030e-01 -4.452725520977156987e-02
1.172114407659960583e-01 -3.664891146368676189e-02
1.182959848742878711e-01 -2.983435751605766420e-02
1.193905641456588368e-01 -2.378178565939404951e-02
1.204952714343296982e-01 -1.911807844948539351e-02
1.216102004536907116e-01 -1.703431055943201156e-02
1.227354457842514679e-01 -1.862062298639369923e-02
1.238711028816642246e-01 -2.423114403843713849e-02
1.250172680848215256e-01 -3.312387516479739502e-02
1.261740386240287060e-01 -4.349552729506064169e-02
1.273415126292520017e-01 -5.308160316061927980e-02
1.285197891384431412e-01 -5.998729153026682165e-02
1.297089681059406807e-01 -6.320485112797087635e-02
1.309091504109492210e-01 -6.262867411386408012e-02
1.321204378660972845e-01 -5.892671986063220679e-02
1.333429332260739619e-01 -5.340770649528194663e-02
1.345767401963457455e-01 -4.744686737884734606e-02
1.358219634419541022e-01 -4.189148975964219340e-02
1.370787085963940943e-01 -3.698958277479948847e-02
1.383470822705755443e-01 -3.252853443739778250e-02
1.396271920618668561e-01 -2.815245343445145834e-02
1.409191465632226581e-01 -2.376646672539176400e-02
1.422230553723957402e-01 -1.965157658367923388e-02
1.435390291012345054e-01 -1.630344221053010856e-02
1.448671793850661305e-01 -1.411149870528586106e-02
1.462076188921667408e-01 -1.307067272242732649e-02
1.475604613333192650e-01 -1.277176908010280339e-02
1.489258214714594686e-01 -1.266710613584042314e-02
1.503038151314115001e-01 -1.229124514152418399e-02
1.516945592097135032e-01 -1.140917225573954800e-02
1.530981716845338514e-01 -1.006249889595571198e-02
1.545147716256795034e-01 -8.503787838121015796e-03
1.559444792046968120e-01 -7.089131529243330836e-03
1.573874157050657585e-01 -6.096433568479267193e-03
1.588437035324885005e-01 -5.528917471135290015e-03
1.603134662252732601e-01 -5.187944059263264324e-03
1.617968284648141075e-01 -4.832326384838846189e-03
1.632939160861678896e-01 -4.262503319919782457e-03
1.648048560887288572e-01 -3.390110505584146162e-03
1.663297766470022421e-01 -2.258782018348269062e-03
1.678688071214773092e-01 -9.999247380086387013e-04
1.694220780696012729e-01 2.336741787498680287e-04
1.709897212568544100e-01 1.319545097363824778e-03
1.725718696679281183e-01 2.177755135724085585e-03
1.741686575180058927e-01 2.763172745530850533e-03
1.757802202641490508e-01 3.074039928508608740e-03
1.774066946167877357e-01 3.146020556217429126e-03
1.790482185513180002e-01 3.034144966507947797e-03
1.807049313198066387e-01 2.809291982269346375e-03
1.823769734628039041e-01 2.548320652831088853e-03
1.840644868212657215e-01 2.307837168103914986e-03
1.857676145485862573e-01 2.111935359954662111e-03
1.874865011227417610e-01 1.963462069889646174e-03
1.892212923585466500e-01 1.854957777007003403e-03
1.909721354200232812e-01 1.774070641390266623e-03
1.927391788328859101e-01 1.707150231805088306e-03
1.945225724971403058e-01 1.642147628756385333e-03
1.963224676997999407e-01 1.570571431490449480e-03
1.981390171277197521e-01 1.488348569094238762e-03
1.999723748805487533e-01 1.395631836801446753e-03
2.018226964838024939e-01 1.295753773269045115e-03
2.036901389020563946e-01 1.193754207236031933e-03
2.055748605522611239e-01 1.094867323060960164e-03
2.074770213171814870e-01 1.003291042768307464e-03
2.093967825589591880e-01 9.214751990281383129e-04
2.113343071328015188e-01 8.499665696884667158e-04
2.132897594007963638e-01 7.877216201957847183e-04
2.152633052458553520e-01 7.327163293216836480e-04
2.172551120857857954e-01 6.826318772342868969e-04
2.192653488874928835e-01 6.354502424422156862e-04
2.212941861813133015e-01 5.898324510793114765e-04
2.233417960754816023e-01 5.452331415146784502e-04
2.254083522707301113e-01 5.017844675494282291e-04
2.274940300750243338e-01 4.600462147924632545e-04
2.295990064184343371e-01 4.207158169683489278e-04
2.317234598681440494e-01 3.843746518635969989e-04
2.338675706435991430e-01 3.513335985413375924e-04
2.360315206317953052e-01 3.215989941205908394e-04
2.382154934027078952e-01 2.949261824067335859e-04
2.404196742248643215e-01 2.709252494295859119e-04
2.426442500810605807e-01 2.491783743549443606e-04
2.448894096842231527e-01 2.293264879413450634e-04
2.471553434934177784e-01 2.111126747380647449e-04
2.494422437300061746e-01 1.943810636409698891e-04
2.517503043939524621e-01 1.790456691783764119e-04
2.540797212802803351e-01 1.650509912986297169e-04
2.564306919956825248e-01 1.523354232301354244e-04
2.588034159752838903e-01 1.408143156538708637e-04
2.611980944995599963e-01 1.303809684456114736e-04
2.636149307114114548e-01 1.209181536003414812e-04
2.660541296333971961e-01 1.123135414558810606e-04
2.685158981851264448e-01 1.044714021858075625e-04
2.710004452008120124e-01 9.731718541099791914e-05
2.735079814469859039e-01 9.079465141597104915e-05
2.760387196403787935e-01 8.485913683824513004e-05
2.785928744659650347e-01 7.947097276690645140e-05
2.811706625951746474e-01 7.459072793779554750e-05
2.837723027042736712e-01 7.017677516330379870e-05
2.863980154929147148e-01 6.618508736847887011e-05
2.890480237028591470e-01 6.257382469566376802e-05
2.917225521368724817e-01 5.931238213833377084e-05
2.944218276777946230e-01 5.637091261382890564e-05
2.971460793077864704e-01 5.371126190715674366e-05
2.998955381277548238e-01 5.129674833216865703e-05
3.026704373769569245e-01 4.909674744309522917e-05
3.054710124527861281e-01 4.708535861010345941e-05
3.082975009307412084e-01 4.524059851109985962e-05
3.111501425845799029e-01 4.354362154354764750e-05
3.140291794066590869e-01 4.197848049284913236e-05
3.169348556284636298e-01 4.053141223573942251e-05
3.198674177413242115e-01 3.919105446900785433e-05
3.228271145173279288e-01 3.794737871249897028e-05
3.258141970304215262e-01 3.679223958187903066e-05
3.288289186777104134e-01 3.571801654869106660e-05
3.318715352009545816e-01 3.471774104912864293e-05
3.349423047082633609e-01 3.378446436658847653e-05
3.380414876959910719e-01 3.291134870690305122e-05
3.411693470708350162e-01 3.209136410392803284e-05
3.443261481721382467e-01 3.131734531990827995e-05
3.475121587943982293e-01 3.058288701425836918e-05
3.507276492099854481e-01 2.988199275404718240e-05
3.539728921920687887e-01 2.920950981953712621e-05
3.572481630377565276e-01 2.856167124021963684e-05
3.605537395914496512e-01 2.793543129025180259e-05
3.638899022684118911e-01 2.732917001686681845e-05
3.672569340785573067e-01 2.674163325104382329e-05
3.706551206504586360e-01 2.617223589904106395e-05
3.740847502555770254e-01 2.562039022894529647e-05
3.775461138327168009e-01 2.508539069289119396e-05
3.810395050127058925e-01 2.456612220333544147e-05
3.845652201433046868e-01 2.406155211452522299e-05
3.881235583143457513e-01 2.357014151042634883e-05
3.917148213831057602e-01 2.309025432721225528e-05
3.953393139999124006e-01 2.262087632701678471e-05
3.989973436339881996e-01 2.216107109606956307e-05
4.026892205995331597e-01 2.170975461056619108e-05
4.064152580820494798e-01 2.126649498073264667e-05
4.101757721649089694e-01 2.083157585056110428e-05
4.139710818561669892e-01 2.040356812233499472e-05
4.178015091156238592e-01 1.998161462632777607e-05
4.216673788821375668e-01 1.956787967117698662e-05
4.255690191011881063e-01 1.916357464956940736e-05
4.295067607526977249e-01 1.876690218304889564e-05
4.334809378791081858e-01 1.837594406796563744e-05
4.374918876137179335e-01 1.798958543922167774e-05
4.415399502092812734e-01 1.760920287761941831e-05
4.456254690668726703e-01 1.723637123577381690e-05
4.497487907650175032e-01 1.687088510170416111e-05
4.539102650890927682e-01 1.651167223560312896e-05
4.581102450609997878e-01 1.615817326184227520e-05
4.623490869691112004e-01 1.581004351127713754e-05
4.666271503984954494e-01 1.546666891564921399e-05
4.709447982614206052e-01 1.512799909208691694e-05
4.753023968281406275e-01 1.479472339260840612e-05
4.797003157579664556e-01 1.446800254004908441e-05
4.841389281306244796e-01 1.414809296207425069e-05
4.886186104779052797e-01 1.383463603882128668e-05
4.931397428156051865e-01 1.352704881220978875e-05
4.977027086757634389e-01 1.322496973968232065e-05
