5.023078951391972766e-05 -7.097632886231060102e-07
5.069556928683388889e-05 -7.348920450564908423e-07
5.116464961403767209e-05 -7.607823439044398537e-07
5.163807028806978715e-05 -7.875923551321806493e-07
5.211587146966517408e-05 -8.153316745524213027e-07
5.259809369116105792e-05 -8.439893564397971042e-07
5.308477785993620074e-05 -8.736048198933313430e-07
5.357596526188023334e-05 -9.041913920530266638e-07
5.407169756489686838e-05 -9.358146347284696576e-07
5.457201682243774209e-05 -9.684903891697990771e-07
5.507696547707072019e-05 -1.002178833364638889e-06
5.558658636407947621e-05 -1.037046466617682872e-06
5.610092271509814368e-05 -1.073011489970074858e-06
5.662001816177776272e-05 -1.110191557210013720e-06
5.714391673948855254e-05 -1.148639168753828717e-06
5.767266289105452040e-05 -1.188321745105828422e-06
5.820630147052453362e-05 -1.229329500327339797e-06
5.874487774697638518e-05 -1.271635972510171620e-06
5.928843740835797296e-05 -1.315400846046174557e-06
5.983702656536208243e-05 -1.360426556448904500e-06
6.039069175533898090e-05 -1.406897296256679534e-06
6.094947994624323197e-05 -1.454974447566077832e-06
6.151343854061905325e-05 -1.504489427994112840e-06
6.208261537962046349e-05 -1.555642280184152200e-06
6.265705874707077272e-05 -1.608450263892162050e-06
6.323681737355747149e-05 -1.662870065810702365e-06
6.382194044056716117e-05 -1.719140008483057440e-06
6.441247758465660166e-05 -1.777084794114836493e-06
6.500847890166448447e-05 -1.836879296915053513e-06
6.560999495096006865e-05 -1.898684657404704148e-06
6.621707675973320618e-05 -1.962256723663886710e-06
6.682977582732201624e-05 -2.027854317759990445e-06
6.744814412958265366e-05 -2.095438368872390292e-06
6.807223412329740388e-05 -2.165226289849728635e-06
6.870209875062573948e-05 -2.236983208961507333e-06
6.933779144359432660e-05 -2.311055818820836567e-06
6.997936612863088740e-05 -2.387431953208091830e-06
7.062687723113762230e-05 -2.466190619534926034e-06
7.128037968010938271e-05 -2.547064773419416141e-06
7.193992891279217604e-05 -2.630615935030688591e-06
7.260558087938708525e-05 -2.716615964013783615e-06
7.327739204779548296e-05 -2.805303882012028245e-06
7.395541940841035122e-05 -2.896560051999628439e-06
7.463972047894970900e-05 -2.990717038645205521e-06
7.533035330933708054e-05 -3.087630876907461623e-06
7.602737648662468122e-05 -3.187309902514452752e-06
7.673084913996470135e-05 -3.289869665472709196e-06
7.744083094562397159e-05 -3.395360145216111438e-06
7.815738213204768861e-05 -3.504026334328053591e-06
7.888056348496733539e-05 -3.615806146896513884e-06
7.961043635255848851e-05 -3.730635665528022556e-06
8.034706265064376881e-05 -3.848639299427546897e-06
8.109050486794647857e-05 -3.969958949982222960e-06
8.184082607139033080e-05 -4.094645264035418280e-06
8.259808991145073235e-05 -4.222500371811948406e-06
8.336236062755304006e-05 -4.353939707395345089e-06
8.413370305352336012e-05 -4.488814223774834127e-06
8.491218262308711999e-05 -4.627287545425051053e-06
8.569786537542125422e-05 -4.769317933797688997e-06
8.649081796075497601e-05 -4.914940368803985093e-06
8.729110764602517904e-05 -5.064427115913206924e-06
8.809880232058136021e-05 -5.217512059434924562e-06
8.891397050194612133e-05 -5.374528471941602062e-06
8.973668134162622167e-05 -5.535374938143869301e-06
9.056700463098011755e-05 -5.700032679440775741e-06
9.140501080713702852e-05 -5.868734781505725351e-06
9.225077095897366963e-05 -6.041223504715793232e-06
9.310435683314326931e-05 -6.217799753927476780e-06
9.396584084016341878e-05 -6.398136218376035700e-06
9.483529606055720999e-05 -6.582797783341213672e-06
9.571279625105427573e-05 -6.771492710455650692e-06
9.659841585084609408e-05 -6.964017534012915579e-06
9.749222998790226565e-05 -7.160684483543741409e-06
9.839431448534213939e-05 -7.361491088010619695e-06
9.930474586786856308e-05 -7.566361910633072628e-06
1.002236013682579583e-04 -7.775398075245094093e-06
1.011509589339134820e-04 -7.988342676641674509e-06
1.020868972334763565e-04 -8.205426917179273202e-06
1.030314956634999056e-04 -8.426585598119143216e-06
1.039848343551846730e-04 -8.651618333553545988e-06
1.049469941811760989e-04 -8.880513917556977861e-06
1.059180567624249856e-04 -9.113537043145328705e-06
1.068981044751114967e-04 -9.349982009118905333e-06
1.078872204576332200e-04 -9.590611340740827059e-06
1.088854886176578347e-04 -9.834355893389138168e-06
1.098929936392411427e-04 -1.008233148709318420e-05
1.109098209900108428e-04 -1.033317960479654273e-05
1.119360569284168759e-04 -1.058768420297527580e-05
1.129717885110487723e-04 -1.084515753057925771e-05
1.140171036000207905e-04 -1.110579132978115647e-05
1.150720908704253189e-04 -1.136878077018180442e-05
1.161368398178552329e-04 -1.163399737222580724e-05
1.172114407659959940e-04 -1.190103250399835360e-05
1.182959848742878010e-04 -1.217023243844034712e-05
1.193905641456587704e-04 -1.244079598826647637e-05
1.204952714343296340e-04 -1.271246793704141133e-05
1.216102004536906569e-04 -1.298480334721257238e-05
1.227354457842514009e-04 -1.325751442944723874e-05
1.238711028816641597e-04 -1.353055428428979651e-05
1.250172680848214582e-04 -1.380231768874998560e-05
1.261740386240286192e-04 -1.407290771263972290e-05
1.273415126292519537e-04 -1.434231177067025719e-05
1.285197891384430753e-04 -1.460908979393315349e-05
1.297089681059405996e-04 -1.487292493906658895e-05
1.309091504109491746e-04 -1.513338818382282288e-05
1.321204378660972237e-04 -1.538952755703315849e-05
1.333429332260738904e-04 -1.564065620246287404e-05
1.345767401963456707e-04 -1.588594654902723296e-05
1.358219634419540367e-04 -1.612507113110069992e-05
1.370787085963940223e-04 -1.635603815241109822e-05
1.383470822705754793e-04 -1.657877230943496393e-05
1.396271920618667869e-04 -1.679216426098919078e-05
1.409191465632225878e-04 -1.699504411075038399e-05
1.422230553723956845e-04 -1.718674765306552740e-05
1.435390291012344252e-04 -1.736528319789883105e-05
1.448671793850660400e-04 -1.752965780168562042e-05
1.462076188921666593e-04 -1.767885684147639831e-05
1.475604613333191787e-04 -1.781140895554799032e-05
1.489258214714593792e-04 -1.792583311314515743e-05
1.503038151314114394e-04 -1.802038088023602528e-05
1.516945592097134355e-04 -1.809391624530076536e-05
1.530981716845337536e-04 -1.814340772861271556e-05
1.545147716256794134e-04 -1.816801514263946459e-05
1.559444792046967400e-04 -1.816567150837814174e-05
1.573874157050656830e-04 -1.813393898766414012e-05
1.588437035324884346e-04 -1.807177642097291130e-05
1.603134662252731857e-04 -1.797645200031132369e-05
1.617968284648140247e-04 -1.784586525802947724e-05
1.632939160861678171e-04 -1.767652218870357489e-05
1.648048560887287726e-04 -1.746759887181801538e-05
1.663297766470021616e-04 -1.721533541516497617e-05
1.678688071214772372e-04 -1.691785303873981504e-05
1.694220780696011769e-04 -1.657098455949885225e-05
1.709897212568543161e-04 -1.617334453219181737e-05
1.725718696679280292e-04 -1.572124261389183064e-05
1.741686575180057981e-04 -1.521118049457695725e-05
1.757802202641489621e-04 -1.463998424437392146e-05
1.774066946167876340e-04 -1.400438202379863245e-05
1.790482185513179233e-04 -1.329996775226206400e-05
1.807049313198065489e-04 -1.252389158318644564e-05
1.823769734628037913e-04 -1.167172403972489593e-05
1.840644868212656232e-04 -1.073980521640707762e-05
1.857676145485861856e-04 -9.724024144494911089e-06
1.874865011227416648e-04 -8.619504203713878855e-06
1.892212923585465481e-04 -7.422156831143788564e-06
1.909721354200231774e-04 -6.127466476338498226e-06
1.927391788328858225e-04 -4.730249842638336104e-06
1.945225724971402217e-04 -3.227361149918522317e-06
1.963224676997998364e-04 -1.614020444618629208e-06
1.981390171277196339e-04 1.151864260114663843e-07
1.999723748805486438e-04 1.964517677955936882e-06
2.018226964838024009e-04 3.939697411901845064e-06
2.036901389020562758e-04 6.045729925152617985e-06
2.055748605522610226e-04 8.287314249411820391e-06
2.074770213171813838e-04 1.067056411357781846e-05
2.093967825589591067e-04 1.320100833655737401e-05
2.113343071328014028e-04 1.588416096246038692e-05
2.132897594007962582e-04 1.872595096809942384e-05
2.152633052458552464e-04 2.173218118253272336e-05
2.172551120857856867e-04 2.490886192491825149e-05
2.192653488874927710e-04 2.826212663880026092e-05
2.212941861813132042e-04 3.179767494310689125e-05
2.233417960754814700e-04 3.552204223447807073e-05
2.254083522707299957e-04 3.944129577819756555e-05
2.274940300750242182e-04 4.356211151336980081e-05
2.295990064184342335e-04 4.788976813282572599e-05
2.317234598681439486e-04 5.242908550025091101e-05
2.338675706435990400e-04 5.718430183893159557e-05
2.360315206317952072e-04 6.216122084996668156e-05
2.382154934027077783e-04 6.736377035658470090e-05
2.404196742248642152e-04 7.279804038993368338e-05
2.426442500810604638e-04 7.846970569669287857e-05
2.448894096842230486e-04 8.438212858276932979e-05
2.471553434934176704e-04 9.054154070981984038e-05
2.494422437300060683e-04 9.695227807878084364e-05
2.517503043939523389e-04 1.036178520209452187e-04
2.540797212802799600e-04 1.105452091481615103e-04
2.564306919956823639e-04 1.177367311388779011e-04
2.588034159752835108e-04 1.251969914619965125e-04
2.611980944995598449e-04 1.329290020834009438e-04
2.636149307114110576e-04 1.409358474577813774e-04
2.660541296333970591e-04 1.492193650134027996e-04
2.685158981851260332e-04 1.577796334851401668e-04
2.710004452008118992e-04 1.666156403523227111e-04
2.735079814469854585e-04 1.757255832000564465e-04
2.760387196403786352e-04 1.851081565870753818e-04
2.785928744659646244e-04 1.947618583223247556e-04
2.811706625951744943e-04 2.046849317631110920e-04
2.837723027042732206e-04 2.148754868625411731e-04
2.863980154929145596e-04 2.253314779837501563e-04
2.890480237028587147e-04 2.360476896653799519e-04
2.917225521368723654e-04 2.470213145387921937e-04
2.944218276777941460e-04 2.582489009281348138e-04
2.971460793077862809e-04 2.697245372394566922e-04
2.998955381277543806e-04 2.814413511142099767e-04
3.026704373769567558e-04 2.933914165480986367e-04
3.054710124527856862e-04 3.055640862510767869e-04
3.082975009307410805e-04 3.179451705091413988e-04
3.111501425845793981e-04 3.305202078020610403e-04
3.140291794066589742e-04 3.432752586422161334e-04
3.169348556284631532e-04 3.561964853497215431e-04
3.198674177413240549e-04 3.692683704802525576e-04
3.228271145173274015e-04 3.824764429764316610e-04
3.258141970304213376e-04 3.958055782221454530e-04
3.288289186777098899e-04 4.092395130444584687e-04
3.318715352009544311e-04 4.227588004384991399e-04
3.349423047082628730e-04 4.363469688175616564e-04
3.380414876959908759e-04 4.499838339312069039e-04
3.411693470708344737e-04 4.636480161362136658e-04
3.443261481721376959e-04 4.773111297936259451e-04
3.475121587943980571e-04 4.909457767681456915e-04
3.507276492099853089e-04 5.045252217963615759e-04
3.539728921920686291e-04 5.180208688980370750e-04
3.572481630377563155e-04 5.314065908477271904e-04
3.605537395914494461e-04 5.446573667300735411e-04
3.638899022684116756e-04 5.577456513065983962e-04
3.672569340785571189e-04 5.706451665639142952e-04
3.706551206504584361e-04 5.833306694031136289e-04
3.740847502555768537e-04 5.957752993488567858e-04
3.775461138327166157e-04 6.079500479147601638e-04
3.810395050127056535e-04 6.198231889031149706e-04
3.845652201433044800e-04 6.313576657157708456e-04
3.881235583143455314e-04 6.425173088325867839e-04
3.917148213831055581e-04 6.532703020221151740e-04
3.953393139999122029e-04 6.635861042605441804e-04
3.989973436339879658e-04 6.734372739870936840e-04
4.026892205995329641e-04 6.827967130388631423e-04
4.064152580820493067e-04 6.916404026614545114e-04
4.101757721649087638e-04 6.999430581885432478e-04
4.139710818561667671e-04 7.076831971966971975e-04
4.178015091156236623e-04 7.148317085265734313e-04
4.216673788821373339e-04 7.213556759752396720e-04
4.255690191011879072e-04 7.272194937787715375e-04
4.295067607526975085e-04 7.323928711200951161e-04
4.334809378791080114e-04 7.368571625328965884e-04
4.374918876137176907e-04 7.405923597296837444e-04
4.415399502092810661e-04 7.435822313234084638e-04
4.456254690668724240e-04 7.458138487795717021e-04
4.497487907650172460e-04 7.472762753782972653e-04
4.539102650890925188e-04 7.479584650326028764e-04
4.581102450609995588e-04 7.478336563023121322e-04
4.623490869691109775e-04 7.468714172623026979e-04
4.666271503984952018e-04 7.450487447552367557e-04
4.709447982614203398e-04 7.423541902103562287e-04
4.753023968281404267e-04 7.387793803101326247e-04
4.797003157579662197e-04 7.343228124482386026e-04
4.841389281306242276e-04 7.289879127982186891e-04
4.886186104779050065e-04 7.227800290127941356e-04
4.931397428156048934e-04 7.156882883085264897e-04
4.977027086757631865e-04 7.076862685429262997e-04
5.023078951391972630e-04 6.987473293559204627e-04
5.069556928683394310e-04 6.888564645006427624e-04
5.116464961403767615e-04 6.780117709837297233e-04
5.163807028806984001e-04 6.662181752917416223e-04
5.211587146966517679e-04 6.534850634305782629e-04
5.259809369116111213e-04 6.398242099783335406e-04
5.308477785993620480e-04 6.252293388747910078e-04
5.357596526188028755e-04 6.096697874422792084e-04
5.407169756489687380e-04 5.931115958172098130e-04
5.457201682243779765e-04 5.755420738008124254e-04
5.507696547707071613e-04 5.569627105473563431e-04
5.558658636407953855e-04 5.373817914654088063e-04
5.610092271509814097e-04 5.168151345098593100e-04
5.662001816177782100e-04 4.952713551049631570e-04
5.714391673948855796e-04 4.727263891464113027e-04
5.767266289105457732e-04 4.491368395457512688e-04
5.820630147052453362e-04 4.244787786985027575e-04
5.874487774697645295e-04 3.987520408322519608e-04
5.928843740835797703e-04 3.719772811921086665e-04
5.983702656536214748e-04 3.441811970429462940e-04
6.039069175533897955e-04 3.153809405628066548e-04
6.094947994624330245e-04 2.855607367520279533e-04
6.151343854061905054e-04 2.546836585167007645e-04
6.208261537962052583e-04 2.227404078654934394e-04
6.265705874707077272e-04 1.897523506705663782e-04
6.323681737355754196e-04 1.557644018024240910e-04
6.382194044056716930e-04 1.208275504145687546e-04
6.441247758465667213e-04 8.497050879565984090e-05
6.500847890166448718e-04 4.818519081438806033e-05
6.560999495096013099e-04 1.046761970096746350e-05
6.621707675973320618e-04 -2.814604912542598109e-05
6.682977582732208943e-04 -6.758427099300540186e-05
6.744814412958265908e-04 -1.077587878609389854e-04
6.807223412329747435e-04 -1.486026363964473786e-04
6.870209875062573135e-04 -1.900892854800376153e-04
6.933779144359439707e-04 -2.322013235544093882e-04
6.997936612863087926e-04 -2.748784585574255853e-04
7.062687723113768735e-04 -3.180171268797663789e-04
7.128037968010938813e-04 -3.614983547365770546e-04
7.193992891279217062e-04 -4.052290823170845240e-04
7.260558087938709338e-04 -4.491679102252265081e-04
7.327739204779548567e-04 -4.932748913461532797e-04
7.395541940841035122e-04 -5.374576771461736339e-04
7.463972047894970900e-04 -5.815851710803124830e-04
7.533035330933707512e-04 -6.255251788899670066e-04
7.602737648662468394e-04 -6.691978902618894460e-04
7.673084913996469593e-04 -7.125644944722773089e-04
7.744083094562396888e-04 -7.555558358657533339e-04
7.815738213204768319e-04 -7.980436065053379390e-04
7.888056348496733268e-04 -8.398803694582957597e-04
7.961043635255849122e-04 -8.809590484696895856e-04
8.034706265064376881e-04 -9.212392034040996821e-04
8.109050486794647586e-04 -9.606668176866175199e-04
8.184082607139033351e-04 -9.991185454022025788e-04
8.259808991145073777e-04 -1.036437678644043384e-03
8.336236062755303464e-04 -1.072509337791192506e-03
8.413370305352335741e-04 -1.107296882426108981e-03
8.491218262308711457e-04 -1.140753706495481468e-03
8.569786537542125422e-04 -1.172754996156717038e-03
8.649081796075497059e-04 -1.203147544140218024e-03
8.729110764602518446e-04 -1.231844337809430336e-03
8.809880232058135479e-04 -1.258843145640154175e-03
8.891397050194612675e-04 -1.284116224813053016e-03
8.973668134162622167e-04 -1.307556255353714818e-03
9.056700463098011755e-04 -1.329064575269911595e-03
9.140501080713703394e-04 -1.348662078059810173e-03
9.225077095897367234e-04 -1.366448203738906096e-03
9.310435683314326931e-04 -1.382452693718724118e-03
9.396584084016341336e-04 -1.396658741004767152e-03
9.483529606055720457e-04 -1.409156020486273002e-03
9.571279625105428386e-04 -1.420195708644388793e-03
9.659841585084609408e-04 -1.430019336801251206e-03
9.749222998790225752e-04 -1.438787846738188428e-03
9.839431448534212855e-04 -1.446735152140968218e-03
9.930474586786856850e-04 -1.454296062220277429e-03
1.002236013682579474e-03 -1.461961236019447162e-03
1.011509589339135715e-03 -1.470102984716780380e-03
1.020868972334763565e-03 -1.479141526627739903e-03
1.030314956635000221e-03 -1.489704957464402799e-03
1.039848343551846811e-03 -1.502475234073412640e-03
1.049469941811762182e-03 -1.517984361973020785e-03
1.059180567624249964e-03 -1.536792533871080306e-03
1.068981044751116105e-03 -1.559643875550885146e-03
1.078872204576332037e-03 -1.587259870000037008e-03
1.088854886176579377e-03 -1.620183767225383785e-03
1.098929936392411318e-03 -1.658962985023305263e-03
1.109098209900109648e-03 -1.704236348279951569e-03
1.119360569284168650e-03 -1.756540108613545035e-03
1.129717885110488942e-03 -1.816168488951423786e-03
1.140171036000207959e-03 -1.883420744145895311e-03
1.150720908704254246e-03 -1.958607135135485063e-03
1.161368398178552275e-03 -2.041744804963199680e-03
1.172114407659961268e-03 -2.132638899710275534e-03
1.182959848742877983e-03 -2.231121050228690537e-03
1.193905641456588897e-03 -2.336846113520853804e-03
1.204952714343296340e-03 -2.449117384158377639e-03
1.216102004536907897e-03 -2.567141283426974379e-03
1.227354457842514063e-03 -2.690079281864900512e-03
1.238711028816642844e-03 -2.816783254017595373e-03
1.250172680848214528e-03 -2.945892389091424313e-03
1.261740386240287493e-03 -3.076110602974948139e-03
1.273415126292519375e-03 -3.205951944952511925e-03
1.285197891384430753e-03 -3.333690842032905471e-03
1.297089681059406105e-03 -3.457820597008508072e-03
1.309091504109491638e-03 -3.576854116235577124e-03
1.321204378660972237e-03 -3.689159994335086939e-03
1.333429332260738795e-03 -3.793439872957731288e-03
1.345767401963456761e-03 -3.888697143810832153e-03
1.358219634419540259e-03 -3.973967372089587564e-03
1.370787085963940223e-03 -4.048803986326047002e-03
1.383470822705754793e-03 -4.113250010133465834e-03
1.396271920618668031e-03 -4.167521434315809431e-03
1.409191465632225878e-03 -4.212480593118760920e-03
1.422230553723956683e-03 -4.249545472577629344e-03
1.435390291012344360e-03 -4.280265906817863099e-03
1.448671793850660455e-03 -4.306769792471415101e-03
1.462076188921666809e-03 -4.331527937970843303e-03
1.475604613333191895e-03 -4.356881087349232830e-03
1.489258214714593792e-03 -4.385487714687419034e-03
1.503038151314114394e-03 -4.419738058079093063e-03
1.516945592097134138e-03 -4.461518667348487489e-03
1.530981716845337699e-03 -4.512535983500738125e-03
1.545147716256794297e-03 -4.573607919775467094e-03
1.559444792046967400e-03 -4.644812292885047711e-03
1.573874157050656830e-03 -4.725598352616686842e-03
1.588437035324884346e-03 -4.814378924572077986e-03
1.603134662252731803e-03 -4.908977870468690316e-03
1.617968284648140355e-03 -5.006555296788110787e-03
1.632939160861678063e-03 -5.103864410243480303e-03
1.648048560887287834e-03 -5.197841022098284060e-03
1.663297766470021562e-03 -5.285362563483084024e-03
1.678688071214772372e-03 -5.364018921645148132e-03
1.694220780696011714e-03 -5.432297142256472221e-03
1.709897212568543216e-03 -5.489728209523678931e-03
1.725718696679280238e-03 -5.537271950106751814e-03
1.741686575180057981e-03 -5.576895626991382540e-03
1.757802202641489675e-03 -5.611906263698584509e-03
1.774066946167876394e-03 -5.646253960524995862e-03
1.790482185513179178e-03 -5.684291847289236338e-03
1.807049313198065598e-03 -5.730306027398305961e-03
1.823769734628038130e-03 -5.787706258938442837e-03
1.840644868212656287e-03 -5.858846976355192027e-03
1.857676145485861801e-03 -5.944207367129489099e-03
1.874865011227416648e-03 -6.042523426109269562e-03
1.892212923585465589e-03 -6.150574360674287110e-03
1.909721354200231936e-03 -6.263667236051142714e-03
1.927391788328858225e-03 -6.376019904385406972e-03
1.945225724971402000e-03 -6.481696835534264504e-03
1.963224676997998418e-03 -6.575346784517897836e-03
1.981390171277196393e-03 -6.653050298554574922e-03
1.999723748805486492e-03 -6.713073889458719308e-03
2.018226964838023847e-03 -6.756067555582780451e-03
2.036901389020562975e-03 -6.785129441861429377e-03
2.055748605522610389e-03 -6.805211823368742356e-03
2.074770213171814055e-03 -6.822327308724038079e-03
2.093967825589591013e-03 -6.842324700021035384e-03
2.113343071328013974e-03 -6.869856472381166007e-03
2.132897594007962527e-03 -6.907326942177420374e-03
2.152633052458552410e-03 -6.954493568720077935e-03
2.172551120857856705e-03 -7.008413195427022450e-03
2.192653488874927656e-03 -7.064179384578338217e-03
2.212941861813132096e-03 -7.116196551819192750e-03
2.233417960754814809e-03 -7.159677572594939053e-03
2.254083522707299794e-03 -7.192059127843335523e-03
2.274940300750242020e-03 -7.213957539030823457e-03
2.295990064184342226e-03 -7.229560050241306234e-03
2.317234598681439540e-03 -7.245878096059848311e-03
2.338675706435990129e-03 -7.271316312039946723e-03
2.360315206317949686e-03 -7.313693761994471444e-03
2.382154934027077946e-03 -7.378257126194482859e-03
2.404196742248639659e-03 -7.466151451907158260e-03
2.426442500810604367e-03 -7.573982778236287849e-03
2.448894096842227884e-03 -7.694526131743473045e-03
2.471553434934176379e-03 -7.818509629675885614e-03
2.494422437300057756e-03 -7.937041475023234871e-03
2.517503043939523389e-03 -8.043884686616091517e-03
2.540797212802799708e-03 -8.137018661047271811e-03
2.564306919956823531e-03 -8.218746502018614911e-03
2.588034159752835000e-03 -8.294445426512012456e-03
2.611980944995598557e-03 -8.370434374041009484e-03
2.636149307114110576e-03 -8.451568389021913222e-03
2.660541296333970591e-03 -8.539602627999220638e-03
2.685158981851260441e-03 -8.633036292239139320e-03
2.710004452008118667e-03 -8.728479858217914195e-03
2.735079814469854910e-03 -8.823013015923426849e-03
2.760387196403786460e-03 -8.916394917072214404e-03
2.785928744659646027e-03 -9.012030812020696210e-03
2.811706625951745052e-03 -9.115808645887808065e-03
2.837723027042732531e-03 -9.233123943709333967e-03
2.863980154929145813e-03 -9.365157005678918095e-03
2.890480237028587255e-03 -9.506351634705995785e-03
2.917225521368723654e-03 -9.644759878738329642e-03
2.944218276777941460e-03 -9.765801222485007149e-03
2.971460793077862917e-03 -9.858421076298355679e-03
2.998955381277543589e-03 -9.921386444254675502e-03
3.026704373769567667e-03 -9.966500996986801808e-03
3.054710124527856754e-03 -1.001649036137889845e-02
3.082975009307410696e-03 -1.009737113039467157e-02
3.111501425845793981e-03 -1.022792387299877384e-02
3.140291794066589742e-03 -1.041069231676941889e-02
3.169348556284631423e-03 -1.062897660468862041e-02
3.198674177413240657e-03 -1.085197237230565472e-02
3.228271145173274449e-03 -1.104672141948336364e-02
3.258141970304213268e-03 -1.119195497019417028e-02
3.288289186777099225e-03 -1.128724936477844276e-02
3.318715352009544203e-03 -1.135305195352908844e-02
3.349423047082628838e-03 -1.142125418413836996e-02
3.380414876959908759e-03 -1.152051108788755378e-02
3.411693470708344628e-03 -1.166371462753318031e-02
3.443261481721380645e-03 -1.184382072522051528e-02
3.475121587943980680e-03 -1.203992152153832325e-02
3.507276492099856667e-03 -1.222960766794521127e-02
3.539728921920686291e-03 -1.240077738750457528e-02
3.572481630377566733e-03 -1.255670141993698793e-02
3.605537395914494569e-03 -1.271195600740211012e-02
3.638899022684120767e-03 -1.288269211792459831e-02
3.672569340785571297e-03 -1.307746679438818831e-02
3.706551206504587938e-03 -1.329348783440210784e-02
3.740847502555768103e-03 -1.351942267188062895e-02
3.775461138327169952e-03 -1.374221107237452201e-02
3.810395050127056860e-03 -1.395364985476741683e-02
3.845652201433048811e-03 -1.415405253201208746e-02
3.881235583143455205e-03 -1.435258978264294244e-02
3.917148213831059267e-03 -1.456464661699147581e-02
3.953393139999122029e-03 -1.480614985185411091e-02
3.989973436339883453e-03 -1.508568466806873426e-02
4.026892205995329967e-03 -1.539741911420445392e-02
4.064152580820497296e-03 -1.572044208497588511e-02
4.101757721649087855e-03 -1.602860197695762240e-02
4.139710818561672008e-03 -1.630750545582368080e-02
4.178015091156236406e-03 -1.656694065886672382e-02
4.216673788821373448e-03 -1.683616285718385688e-02
4.255690191011879397e-03 -1.714075524797272626e-02
4.295067607526975410e-03 -1.747745222392096606e-02
4.334809378791079464e-03 -1.780998892122588953e-02
4.374918876137176907e-03 -1.809499189965576432e-02
4.415399502092810444e-03 -1.832027106577440237e-02
4.456254690668724240e-03 -1.852155262342300782e-02
4.497487907650172569e-03 -1.875878059312845875e-02
4.539102650890925079e-03 -1.906997796569991077e-02
4.581102450609995588e-03 -1.944477036800974432e-02
4.623490869691109124e-03 -1.984316964295551600e-02
4.666271503984952343e-03 -2.023941991949140123e-02
4.709447982614203831e-03 -2.064301879077581545e-02
4.753023968281404159e-03 -2.107385961580675315e-02
4.797003157579662197e-03 -2.152258735909957574e-02
4.841389281306242819e-03 -2.194923730618500435e-02
4.886186104779049848e-03 -2.233037373620496910e-02
4.931397428156049367e-03 -2.270128071197722794e-02
4.977027086757631648e-03 -2.313472292261354452e-02
5.023078951391972413e-03 -2.366811568567884355e-02
5.069556928683393443e-03 -2.425876173869751656e-02
5.116464961403767615e-03 -2.482279677607970164e-02
5.163807028806984001e-03 -2.531657821869522096e-02
5.211587146966517245e-03 -2.576728775448729192e-02
5.259809369116111646e-03 -2.622386371459433513e-02
5.308477785993619830e-03 -2.669984308069756757e-02
5.357596526188028972e-03 -2.718244505851728429e-02
5.407169756489686729e-03 -2.768158594529656139e-02
5.457201682243779765e-03 -2.823184276241312921e-02
5.507696547707071830e-03 -2.883403962328311490e-02
5.558658636407953421e-03 -2.942628982438018001e-02
5.610092271509814314e-03 -2.994529201358770223e-02
5.662001816177782317e-03 -3.040620070096586997e-02
5.714391673948855145e-03 -3.089089711559416668e-02
5.767266289105458382e-03 -3.145821410751197672e-02
5.820630147052453796e-03 -3.209514144925178919e-02
5.874487774697644861e-03 -3.275733535383242023e-02
5.928843740835797703e-03 -3.341895366588112926e-02
5.983702656536214748e-03 -3.406630553059681460e-02
6.039069175533898388e-03 -3.468380004931054250e-02
6.094947994624329811e-03 -3.528174748755077278e-02
6.151343854061904620e-03 -3.590883430483670508e-02
6.208261537962052150e-03 -3.659396364784413269e-02
6.265705874707076621e-03 -3.729194570024160077e-02
6.323681737355753979e-03 -3.792832016780092047e-02
6.382194044056716496e-03 -3.848758901644794284e-02
6.441247758465666780e-03 -3.902275854345860912e-02
6.500847890166448935e-03 -3.959362990953178146e-02
6.560999495096013316e-03 -4.022975700243505010e-02
6.621707675973320835e-03 -4.092864471745288890e-02
6.682977582732208509e-03 -4.164789204045764998e-02
6.744814412958265691e-03 -4.232639862950332565e-02
6.807223412329747002e-03 -4.295559849805585112e-02
6.870209875062573135e-03 -4.359643049392624564e-02
6.933779144359439491e-03 -4.428525834441159742e-02
6.997936612863088143e-03 -4.496756899722707118e-02
7.062687723113769168e-03 -4.557130989230606666e-02
7.128037968010938162e-03 -4.610518646373482077e-02
7.193992891279224651e-03 -4.665207847670711089e-02
7.260558087938708688e-03 -4.730885150212964241e-02
7.327739204779555940e-03 -4.813779416510659270e-02
7.395541940841034688e-03 -4.910788438158590619e-02
7.463972047894978923e-03 -5.008133839148146138e-02
7.533035330933707946e-03 -5.092986944943075911e-02
7.602737648662476200e-03 -5.165906456777643457e-02
7.673084913996469809e-03 -5.235861650293965885e-02
7.744083094562404478e-03 -5.306159007407061645e-02
7.815738213204768969e-03 -5.371826044134374312e-02
7.888056348496741074e-03 -5.428728299453935285e-02
7.961043635255848905e-03 -5.481565963922391954e-02
8.034706265064384470e-03 -5.542178412768870160e-02
8.109050486794647586e-03 -5.615926041341071095e-02
8.184082607139040941e-03 -5.690398418104972850e-02
8.259808991145072693e-03 -5.746622820131466747e-02
8.336236062755311704e-03 -5.780474503315465029e-02
8.413370305352335307e-03 -5.805627441296556251e-02
8.491218262308719913e-03 -5.839766072426280652e-02
8.569786537542124771e-03 -5.890004755834764294e-02
8.649081796075507034e-03 -5.947794976042151960e-02
8.729110764602518446e-03 -6.002769357367856995e-02
8.809880232058144370e-03 -6.055800610455957383e-02
8.891397050194612892e-03 -6.108307384929272110e-02
8.973668134162631274e-03 -6.153766989108534063e-02
9.056700463098012188e-03 -6.186393170459696805e-02
9.140501080713712284e-03 -6.209633155654217113e-02
9.225077095897368101e-03 -6.239109068810396591e-02
9.310435683314336255e-03 -6.286028111301261712e-02
9.396584084016341987e-03 -6.342393412192152968e-02
9.483529606055730865e-03 -6.403960792052262874e-02
9.571279625105427735e-03 -6.472389154451346771e-02
9.659841585084620250e-03 -6.528462320583465484e-02
9.749222998790225969e-03 -6.551068897802268809e-02
9.839431448534224564e-03 -6.547323491483862667e-02
9.930474586786856850e-03 -6.541787978878266241e-02
1.002236013682581035e-02 -6.544325716101166701e-02
1.011509589339136365e-02 -6.541202633525770860e-02
1.020868972334764216e-02 -6.529837075561394089e-02
1.030314956634999571e-02 -6.518663235438390546e-02
1.039848343551847375e-02 -6.497081015703189133e-02
1.049469941811761488e-02 -6.460536670555849792e-02
1.059180567624250398e-02 -6.435326211410659358e-02
1.068981044751115585e-02 -6.439845574590152832e-02
1.078872204576332774e-02 -6.450367514669046176e-02
1.088854886176578857e-02 -6.442159810937764242e-02
1.098929936392411925e-02 -6.416511666996971286e-02
1.109098209900108954e-02 -6.370419889523548651e-02
1.119360569284169257e-02 -6.303887398844436329e-02
1.129717885110488422e-02 -6.239780154232214132e-02
1.140171036000208610e-02 -6.198583472041737513e-02
1.150720908704253725e-02 -6.167403893469242115e-02
1.161368398178552926e-02 -6.121610311538082383e-02
1.172114407659960618e-02 -6.052600729139434588e-02
1.182959848742878677e-02 -5.963562839890577949e-02
1.193905641456588333e-02 -5.875044111034730121e-02
1.204952714343296948e-02 -5.816020646233816677e-02
1.216102004536907116e-02 -5.779959652601323467e-02
1.227354457842514714e-02 -5.727173599155067213e-02
1.238711028816642280e-02 -5.631265148608641941e-02
1.250172680848215222e-02 -5.489951796952326213e-02
1.261740386240286886e-02 -5.332363860648046960e-02
1.273415126292520155e-02 -5.203777981687271459e-02
1.285197891384431447e-02 -5.105107593817058420e-02
1.297089681059406668e-02 -4.985811693536047057e-02
1.309091504109492245e-02 -4.819978790679164266e-02
1.321204378660972845e-02 -4.628910342709513515e-02
1.333429332260739446e-02 -4.454063260502334060e-02
1.345767401963457455e-02 -4.320687440943751095e-02
1.358219634419540953e-02 -4.186415996947496360e-02
1.370787085963940874e-02 -3.983061815935275835e-02
1.383470822705755443e-02 -3.704275847851788706e-02
1.396271920618668769e-02 -3.401952612006495930e-02
1.409191465632226616e-02 -3.127269960603561161e-02
1.422230553723957507e-02 -2.871859436515822317e-02
1.435390291012345054e-02 -2.570139761144609944e-02
1.448671793850661235e-02 -2.204841226827857284e-02
1.462076188921667373e-02 -1.840250142068970349e-02
1.475604613333192545e-02 -1.521203955727148949e-02
1.489258214714594616e-02 -1.208132268818071578e-02
1.503038151314115174e-02 -8.304027998022583262e-03
1.516945592097134962e-02 -3.779503575478662149e-03
1.530981716845338306e-02 7.497243396459973147e-04
1.545147716256795034e-02 4.817230375922107281e-03
1.559444792046968224e-02 8.907778849297005863e-03
1.573874157050657654e-02 1.368469925780159760e-02
1.588437035324885213e-02 1.881169174340900987e-02
1.603134662252732670e-02 2.329357618193898805e-02
1.617968284648141006e-02 2.733931057711148568e-02
1.632939160861678757e-02 3.226936456800737901e-02
1.648048560887288572e-02 3.856621457235141076e-02
1.663297766470022560e-02 4.521967429372687752e-02
1.678688071214773370e-02 5.129993008980664876e-02
1.694220780696012452e-02 5.743342270122092641e-02
1.709897212568544170e-02 6.441170476992050253e-02
1.725718696679280975e-02 7.162356827836433015e-02
1.741686575180058719e-02 7.813253581399615122e-02
1.757802202641490716e-02 8.448048703109584112e-02
1.774066946167877218e-02 9.143896590327314777e-02
1.790482185513180002e-02 9.840021838923743158e-02
1.807049313198066595e-02 1.047546468308864359e-01
1.823769734628039041e-02 1.112244583813546406e-01
1.840644868212657284e-02 1.186774642530909474e-01
1.857676145485862712e-02 1.264984015633580927e-01
1.874865011227417472e-02 1.337469556888368216e-01
1.892212923585466500e-02 1.410271319879425611e-01
1.909721354200233021e-02 1.490702960244369435e-01
1.927391788328858963e-02 1.569162817276903155e-01
1.945225724971403128e-02 1.639805462655637980e-01
1.963224676997999199e-02 1.712256252997031714e-01
1.981390171277197521e-02 1.790322219885314425e-01
1.999723748805487533e-02 1.863746254347492803e-01
2.018226964838025148e-02 1.930951219250627571e-01
2.036901389020563669e-02 1.998892626863933153e-01
2.055748605522611516e-02 2.064792753704582651e-01
2.074770213171815009e-02 2.125502002969054949e-01
2.093967825589591880e-02 2.192389944987865880e-01
2.113343071328015188e-02 2.268751238424103478e-01
2.132897594007963568e-02 2.339591911964472581e-01
2.152633052458553450e-02 2.399990760238918108e-01
2.172551120857858092e-02 2.457620928966223750e-01
2.192653488874928697e-02 2.511869756563757661e-01
2.212941861813133224e-02 2.562033324195572837e-01
2.233417960754816023e-02 2.616670593469836992e-01
2.254083522707301182e-02 2.672318879756792609e-01
2.274940300750243408e-02 2.718090008268146396e-01
2.295990064184343440e-02 2.758480292704910686e-01
2.317234598681440494e-02 2.799017711744790082e-01
2.338675706435991430e-02 2.836734289204524417e-01
2.360315206317952982e-02 2.873376797414038397e-01
2.382154934027079160e-02 2.908571457885451017e-01
2.404196742248643215e-02 2.935935576835998484e-01
2.426442500810605668e-02 2.961026728682044640e-01
2.448894096842231527e-02 2.988646845253888351e-01
2.471553434934177854e-02 3.011286422879005387e-01
2.494422437300061746e-02 3.027999159273144225e-01
2.517503043939524690e-02 3.042826582776325672e-01
2.540797212802803351e-02 3.057253529773341083e-01
2.564306919956825179e-02 3.075779416610974759e-01
2.588034159752838903e-02 3.091570113360797567e-01
2.611980944995599685e-02 3.090697579477527657e-01
2.636149307114114479e-02 3.076769723433934178e-01
2.660541296333971892e-02 3.063429905228282624e-01
2.685158981851264517e-02 3.061950159858408682e-01
2.710004452008120401e-02 3.069961057468828525e-01
2.735079814469858900e-02 3.068918738986192718e-01
2.760387196403787588e-02 3.050830808046314790e-01
2.785928744659650277e-02 3.022930751345256351e-01
2.811706625951746613e-02 2.992495267902974820e-01
2.837723027042736781e-02 2.964139324419750587e-01
2.863980154929147287e-02 2.934089139741768992e-01
2.890480237028591678e-02 2.899458659659281401e-01
2.917225521368724955e-02 2.865357264395872461e-01
2.944218276777946230e-02 2.839140181706941712e-01
2.971460793077864565e-02 2.821244332025359403e-01
2.998955381277548446e-02 2.805342156650569296e-01
3.026704373769569315e-02 2.790651357893872420e-01
3.054710124527861351e-02 2.774241750812869722e-01
3.082975009307412084e-02 2.751847087609862741e-01
3.111501425845798752e-02 2.724202697769814163e-01
3.140291794066590869e-02 2.695076267755688870e-01
3.169348556284636020e-02 2.667951213542630873e-01
3.198674177413242392e-02 2.646250785824508789e-01
3.228271145173278872e-02 2.635040836530986863e-01
3.258141970304215262e-02 2.632540651729298742e-01
3.288289186777100526e-02 2.634348101819768972e-01
3.318715352009542208e-02 2.635326990919463763e-01
3.349423047082630139e-02 2.632039007715940571e-01
3.380414876959907111e-02 2.623239205974597921e-01
3.411693470708346276e-02 2.608344896485380593e-01
3.443261481721378997e-02 2.588338729868373544e-01
3.475121587943982154e-02 2.564881819483210701e-01
3.507276492099854759e-02 2.536378920845990259e-01
3.539728921920688026e-02 2.499452761689801572e-01
3.572481630377564998e-02 2.455039322260057499e-01
3.605537395914496651e-02 2.406187523788372584e-01
3.638899022684118773e-02 2.360445054810008381e-01
3.672569340785573205e-02 2.325128936580328487e-01
3.706551206504585944e-02 2.295204603841092816e-01
3.740847502555770532e-02 2.263512281848232832e-01
3.775461138327167870e-02 2.236615633616783616e-01
3.810395050127058508e-02 2.223758448271438426e-01
3.845652201433046730e-02 2.226989235798079170e-01
3.881235583143457374e-02 2.246278408411677974e-01
3.917148213831057185e-02 2.284298746474681119e-01
3.953393139999124284e-02 2.349237654207836923e-01
3.989973436339881718e-02 2.452285935297593700e-01
4.026892205995331875e-02 2.592598166374500135e-01
4.064152580820495214e-02 2.757485709926113526e-01
4.101757721649090110e-02 2.939901466385455575e-01
4.139710818561669753e-02 3.140513427518233924e-01
4.178015091156239008e-02 3.363200441102948135e-01
4.216673788821375529e-02 3.599536385653867021e-01
4.255690191011881479e-02 3.833355988326305197e-01
4.295067607526977665e-02 4.061247905143559045e-01
4.334809378791082413e-02 4.278157479663128315e-01
4.374918876137179335e-02 4.469488049223943049e-01
4.415399502092812872e-02 4.627325184776799327e-01
4.456254690668726842e-02 4.749822885829533270e-01
4.497487907650175171e-02 4.832138903631021942e-01
4.539102650890927682e-02 4.862065742991235062e-01
4.581102450609998017e-02 4.828074127706301066e-01
4.623490869691111727e-02 4.720301898891922643e-01
4.666271503984954078e-02 4.521626795671053745e-01
4.709447982614205913e-02 4.216306458124490786e-01
4.753023968281406414e-02 3.809358257892083155e-01
4.797003157579664973e-02 3.313323676651976912e-01
4.841389281306245074e-02 2.722621252586855944e-01
4.886186104779052797e-02 2.037949390467131694e-01
4.931397428156051449e-02 1.268005996315773043e-01
4.977027086757634250e-02 4.115154614280434192e-02
5.023078951391975189e-02 -5.216071492658083675e-02
5.069556928683396219e-02 -1.515482125853756801e-01
5.116464961403770217e-02 -2.559762512300896020e-01
5.163807028806986776e-02 -3.643465616356230119e-01
5.211587146966519674e-02 -4.748654595877711548e-01
5.259809369116114075e-02 -5.849493243435562873e-01
5.308477785993622605e-02 -6.927275148876278488e-01
5.357596526188031921e-02 -7.975272674689770636e-01
5.407169756489689505e-02 -8.981545663167492810e-01
5.457201682243782020e-02 -9.923338607012479606e-01
5.507696547707074258e-02 -1.078361278222828901e+00
5.558658636407956544e-02 -1.153490112550924485e+00
5.610092271509817263e-02 -1.214475559456452691e+00
5.662001816177784919e-02 -1.261245427423406840e+00
5.714391673948858441e-02 -1.295767880925202231e+00
5.767266289105461158e-02 -1.316816492586539544e+00
5.820630147052456571e-02 -1.321474146468744948e+00
5.874487774697647463e-02 -1.309341669136712794e+00
5.928843740835800652e-02 -1.281140519926814214e+00
5.983702656536217523e-02 -1.237717744917793627e+00
6.039069175533900991e-02 -1.180637597607742117e+00
6.094947994624332760e-02 -1.111556877973530089e+00
6.151343854061908090e-02 -1.031413537234783240e+00
6.208261537962055793e-02 -9.431940172184178905e-01
6.265705874707079570e-02 -8.509488689898981884e-01
6.323681737355757448e-02 -7.580063574506441526e-01
6.382194044056720139e-02 -6.680103916575518275e-01
6.441247758465670770e-02 -5.829341067359619100e-01
6.500847890166451537e-02 -5.033607660602372746e-01
6.560999495096016265e-02 -4.290418801085793543e-01
6.621707675973323437e-02 -3.637589168798598394e-01
6.682977582732212152e-02 -3.123575389830320903e-01
6.744814412958269334e-02 -2.751827452965993626e-01
6.807223412329750645e-02 -2.510082455374062493e-01
6.870209875062577298e-02 -2.400915054779193258e-01
6.933779144359443480e-02 -2.431222638167890859e-01
6.997936612863091266e-02 -2.587237630017379941e-01
7.062687723113772464e-02 -2.842603164993804943e-01
7.128037968010941805e-02 -3.171435865260677223e-01
7.193992891279228641e-02 -3.549732712724899542e-01
7.260558087938712157e-02 -3.944445723258238057e-01
7.327739204779559756e-02 -4.319070805546130210e-01
7.395541940841038331e-02 -4.663231446439796146e-01
7.463972047894983086e-02 -4.974162820146437736e-01
7.533035330933711415e-02 -5.230015419135479737e-01
7.602737648662480363e-02 -5.406444001080665807e-01
7.673084913996473799e-02 -5.473005090924631943e-01
7.744083094562408121e-02 -5.377177501668233273e-01
7.815738213204771745e-02 -5.065678588263434756e-01
7.888056348496745585e-02 -4.511173083791643612e-01
7.961043635255853068e-02 -3.711102943002561050e-01
8.034706265064388286e-02 -2.688831018832217867e-01
8.109050486794652790e-02 -1.498709089640657965e-01
8.184082607139045451e-02 -1.850546608039979266e-02
8.259808991145077550e-02 1.198618728668013611e-01
8.336236062755317255e-02 2.562493460242785126e-01
8.413370305352339817e-02 3.811044529217498811e-01
8.491218262308725118e-02 4.855233452086052393e-01
8.569786537542128935e-02 5.639825134630563896e-01
8.649081796075511197e-02 6.120278305967215005e-01
8.729110764602522610e-02 6.266609832738002650e-01
8.809880232058149574e-02 6.096897145191088052e-01
8.891397050194617402e-02 5.661958740823043179e-01
8.973668134162636478e-02 5.027263252032051488e-01
9.056700463098016352e-02 4.257572558629447723e-01
9.140501080713717141e-02 3.407227666640602615e-01
9.225077095897371571e-02 2.524159520730855366e-01
9.310435683314341460e-02 1.629345694593876681e-01
9.396584084016346150e-02 7.049882879866656293e-02
9.483529606055735028e-02 -2.798083137316648497e-02
9.571279625105433286e-02 -1.335464516023316950e-01
9.659841585084624760e-02 -2.425605699408446558e-01
9.749222998790231520e-02 -3.464051147624462312e-01
9.839431448534229074e-02 -4.323413219569244292e-01
9.930474586786862401e-02 -4.856261215787342489e-01
1.002236013682581001e-01 -4.944311687492443097e-01
1.011509589339136261e-01 -4.529706206651193390e-01
1.020868972334765118e-01 -3.625852409961423661e-01
1.030314956635000612e-01 -2.317215364523923238e-01
1.039848343551848381e-01 -7.286870856816400621e-02
1.049469941811762563e-01 9.363667063776523469e-02
1.059180567624251473e-01 2.432520660129109669e-01
1.068981044751116660e-01 3.567205505782237163e-01
1.078872204576332705e-01 4.215125099973421885e-01
1.088854886176578857e-01 4.334261395424550134e-01
1.098929936392411960e-01 3.974723688606723315e-01
1.109098209900108989e-01 3.249998817158587516e-01
1.119360569284169327e-01 2.325268818244629332e-01
1.129717885110488318e-01 1.402594840304029755e-01
1.140171036000208610e-01 6.456932411251897763e-02
1.150720908704253725e-01 1.257283810157076853e-02
1.161368398178553030e-01 -1.999261921101642275e-02
1.172114407659960583e-01 -4.391850439768008041e-02
1.182959848742878711e-01 -6.789977262107683986e-02
1.193905641456588368e-01 -9.299701042769777104e-02
1.204952714343296982e-01 -1.110639339967277872e-01
1.216102004536907116e-01 -1.085230821976922999e-01
1.227354457842514679e-01 -7.314489744377856983e-02
1.238711028816642246e-01 1.608571312719945037e-04
1.250172680848215256e-01 1.052835401233702117e-01
1.261740386240287060e-01 2.254628859744607361e-01
1.273415126292520017e-01 3.386121678591668682e-01
1.285197891384431412e-01 4.247994746245394304e-01
1.297089681059406807e-01 4.723018711308789586e-01
1.309091504109492210e-01 4.788482383660348507e-01
1.321204378660972845e-01 4.517816499905958350e-01
1.333429332260739619e-01 4.050643667947975701e-01
1.345767401963457455e-01 3.524224028863782721e-01
1.358219634419541022e-01 3.032603624330118541e-01
1.370787085963940943e-01 2.615312098550156561e-01
1.383470822705755443e-01 2.260398213134513778e-01
1.396271920618668561e-01 1.933445433681929837e-01
1.409191465632226581e-01 1.615388544871133869e-01
1.422230553723957402e-01 1.317803761558314635e-01
1.435390291012345054e-01 1.076324559707594886e-01
1.448671793850661305e-01 9.289045937014228649e-02
1.462076188921667408e-01 8.836851921781231634e-02
1.475604613333192650e-01 9.080167033056597836e-02
1.489258214714594686e-01 9.546151184112605659e-02
1.503038151314115001e-01 9.803714363835258627e-02
1.516945592097135032e-01 9.571731579823621050e-02
1.530981716845338514e-01 8.798438317850675039e-02
1.545147716256795034e-01 7.668465216047772037e-02
1.559444792046968120e-01 6.495661867324026284e-02
1.573874157050657585e-01 5.554563056091876144e-02
1.588437035324885005e-01 4.921232910654262105e-02
1.603134662252732601e-01 4.500326402066864850e-02
1.617968284648141075e-01 4.131748931579325851e-02
1.632939160861678896e-01 3.672357064077893390e-02
1.648048560887288572e-01 3.056912078865122936e-02
1.663297766470022421e-01 2.313940146141253359e-02
1.678688071214773092e-01 1.530614587512706300e-02
1.694220780696012729e-01 7.989042671036887533e-03
1.709897212568544100e-01 1.780834564539189070e-03
1.725718696679281183e-01 -3.082601215974843396e-03
1.741686575180058927e-01 -6.558851493595128403e-03
1.757802202641490508e-01 -8.712732643872629634e-03
1.774066946167877357e-01 -9.690722356309447796e-03
1.790482185513180002e-01 -9.708498922371579590e-03
1.807049313198066387e-01 -9.076389023874585280e-03
1.823769734628039041e-01 -8.194175707437020145e-03
1.840644868212657215e-01 -7.388352557626185618e-03
1.857676145485862573e-01 -6.794667375627406677e-03
1.874865011227417610e-01 -6.421352223095685118e-03
1.892212923585466500e-01 -6.221759735948810890e-03
1.909721354200232812e-01 -6.127449961734103903e-03
1.927391788328859101e-01 -6.067160837800912240e-03
1.945225724971403058e-01 -5.981139017536486052e-03
1.963224676997999407e-01 -5.830240320736698907e-03
1.981390171277197521e-01 -5.599211458654714674e-03
1.999723748805487533e-01 -5.294602114642467210e-03
2.018226964838024939e-01 -4.938547523759841650e-03
2.036901389020563946e-01 -4.560672662874956304e-03
2.055748605522611239e-01 -4.190147988975536850e-03
2.074770213171814870e-01 -3.849507830405797786e-03
2.093967825589591880e-01 -3.551347013928577313e-03
2.113343071328015188e-01 -3.297975660777479473e-03
2.132897594007963638e-01 -3.083450034730783954e-03
2.152633052458553520e-01 -2.897009450043322790e-03
2.172551120857857954e-01 -2.726776898118525496e-03
2.192653488874928835e-01 -2.562833143769393997e-03
2.212941861813133015e-01 -2.399063221236491256e-03
2.233417960754816023e-01 -2.233590913478963619e-03
2.254083522707301113e-01 -2.068032455801022389e-03
2.274940300750243338e-01 -1.906085383475199582e-03
2.295990064184343371e-01 -1.751971685644179407e-03
2.317234598681440494e-01 -1.609132568973831254e-03
2.338675706435991430e-01 -1.479472144967994979e-03
2.360315206317953052e-01 -1.363237641568352696e-03
2.382154934027078952e-01 -1.259354050113489602e-03
2.404196742248643215e-01 -1.166009664950709698e-03
2.426442500810605807e-01 -1.081274270186743979e-03
2.448894096842231527e-01 -1.003544102483376263e-03
2.471553434934177784e-01 -9.317522851349391982e-04
2.494422437300061746e-01 -8.653422233400682919e-04
2.517503043939524621e-01 -8.040954782264390314e-04
2.540797212802803351e-01 -7.479212231467514266e-04
2.564306919956825248e-01 -6.966691549589833828e-04
2.588034159752838903e-01 -6.500467867252328552e-04
2.611980944995599963e-01 -6.076330853388825547e-04
2.636149307114114548e-01 -5.689430868828526146e-04
2.660541296333971961e-01 -5.335118482539193303e-04
2.685158981851264448e-01 -5.009558390624518735e-04
2.710004452008120124e-01 -4.709969050240382974e-04
2.735079814469859039e-01 -4.434442057837999175e-04
2.760387196403787935e-01 -4.181583851588635873e-04
2.785928744659650347e-01 -3.950176029138124109e-04
2.811706625951746474e-01 -3.738923893743432785e-04
2.837723027042736712e-01 -3.546345732665127579e-04
2.863980154929147148e-01 -3.370773184229067200e-04
2.890480237028591470e-01 -3.210565704017860362e-04
2.917225521368724817e-01 -3.064548811139529080e-04
2.944218276777946230e-01 -2.931530207233481577e-04
2.971460793077864704e-01 -2.809951060704086708e-04
2.998955381277548238e-01 -2.698294552675528993e-04
3.026704373769569245e-01 -2.595311233646760245e-04
3.054710124527861281e-01 -2.499931805522134830e-04
3.082975009307412084e-01 -2.411271123396732056e-04
3.111501425845799029e-01 -2.328572821070677105e-04
3.140291794066590869e-01 -2.251217061492563122e-04
3.169348556284636298e-01 -2.178684807804337432e-04
3.198674177413242115e-01 -2.110576374432184986e-04
3.228271145173279288e-01 -2.046533809177126086e-04
3.258141970304215262e-01 -1.986297035685100640e-04
3.288289186777104134e-01 -1.929603447953378659e-04
3.318715352009545816e-01 -1.876203561398541756e-04
3.349423047082633609e-01 -1.825838319141107025e-04
3.380414876959910719e-01 -1.778221513859709309e-04
3.411693470708350162e-01 -1.733062414118826690e-04
3.443261481721382467e-01 -1.690043497791172066e-04
3.475121587943982293e-01 -1.648884908627798907e-04
3.507276492099854481e-01 -1.609318397153923345e-04
3.539728921920687887e-01 -1.571121504782557743e-04
3.572481630377565276e-01 -1.534135428520761195e-04
3.605537395914496512e-01 -1.498231159761162891e-04
3.638899022684118911e-01 -1.463352466676070358e-04
3.672569340785573067e-01 -1.429465034241403159e-04
3.706551206504586360e-01 -1.396561398991516903e-04
3.740847502555770254e-01 -1.364622319920154780e-04
3.775461138327168009e-01 -1.333631163626612095e-04
3.810395050127058925e-01 -1.303531868612900762e-04
3.845652201433046868e-01 -1.274287214548809307e-04
3.881235583143457513e-01 -1.245821603236787925e-04
3.917148213831057602e-01 -1.218057548844247079e-04
3.953393139999124006e-01 -1.190957427083976422e-04
3.989973436339881996e-01 -1.164500489882123020e-04
4.026892205995331597e-01 -1.138610828060196634e-04
4.064152580820494798e-01 -1.113270829555339079e-04
4.101757721649089694e-01 -1.088508124756693875e-04
4.139710818561669892e-01 -1.064168006906333083e-04
4.178015091156238592e-01 -1.040165553550010150e-04
4.216673788821375668e-01 -1.016711082209174801e-04
4.255690191011881063e-01 -9.939214068593149154e-05
4.295067607526977249e-01 -9.716388104744039895e-05
4.334809378791081858e-01 -9.496847209834155578e-05
4.374918876137179335e-01 -9.279755663778592630e-05
4.415399502092812734e-01 -9.066601727311902686e-05
4.456254690668726703e-01 -8.859060176639531705e-05
4.497487907650175032e-01 -8.657026303818175057e-05
4.539102650890927682e-01 -8.459326254622818791e-05
4.581102450609997878e-01 -8.265240758606271366e-05
4.623490869691112004e-01 -8.074285226490705153e-05
4.666271503984954494e-01 -7.885879089504675634e-05
4.709447982614206052e-01 -7.699904939369983637e-05
4.753023968281406275e-01 -7.517136230753259708e-05
4.797003157579664556e-01 -7.338754654688945918e-05
4.841389281306244796e-01 -7.165097909877492244e-05
4.886186104779052797e-01 -6.995823037462684240e-05
4.931397428156051865e-01 -6.830379155173332492e-05
4.977027086757634389e-01 -6.668511980792706396e-05
