5.023078951391972766e-05 2.429553096311404953e-02
5.069556928683388889e-05 2.517501312884699860e-02
5.116464961403767209e-05 2.608044099587812636e-02
5.163807028806978715e-05 2.702634571204123523e-02
5.211587146966517408e-05 2.799691718585079966e-02
5.259809369116105792e-05 2.900172686498749333e-02
5.308477785993620074e-05 3.004750057711773684e-02
5.357596526188023334e-05 3.113568746598412151e-02
5.407169756489686838e-05 3.225373259502726381e-02
5.457201682243774209e-05 3.341346709567433182e-02
5.507696547707072019e-05 3.461114120950710416e-02
5.558658636407947621e-05 3.585663410029845538e-02
5.610092271509814368e-05 3.715497691953582871e-02
5.662001816177776272e-05 3.848338718928628888e-02
5.714391673948855254e-05 3.986281032248679274e-02
5.767266289105452040e-05 4.128910508198661150e-02
5.820630147052453362e-05 4.276627848602423954e-02
5.874487774697638518e-05 4.430015653041642631e-02
5.928843740835797296e-05 4.588688215830108441e-02
5.983702656536208243e-05 4.752240917333754727e-02
6.039069175533898090e-05 4.921447909532619680e-02
6.094947994624323197e-05 5.097067787433483266e-02
6.151343854061905325e-05 5.279397325359387605e-02
6.208261537962046349e-05 5.467322574834576621e-02
6.265705874707077272e-05 5.661731751040827848e-02
6.323681737355747149e-05 5.862848701715783067e-02
6.382194044056716117e-05 6.071149473243043354e-02
6.441247758465660166e-05 6.286632654650411989e-02
6.500847890166448447e-05 6.509918933505635941e-02
6.560999495096006865e-05 6.740497097327358134e-02
6.621707675973320618e-05 6.978235752854979046e-02
6.682977582732201624e-05 7.226200367770233002e-02
6.744814412958265366e-05 7.481674453364511868e-02
6.807223412329740388e-05 7.745908905393343591e-02
6.870209875062573948e-05 8.018230237128178006e-02
6.933779144359432660e-05 8.300728454452004079e-02
6.997936612863088740e-05 8.592521369356569128e-02
7.062687723113762230e-05 8.895495258540196681e-02
7.128037968010938271e-05 9.208018702842719894e-02
7.193992891279217604e-05 9.531155022214682360e-02
7.260558087938708525e-05 9.866635514931607065e-02
7.327739204779548296e-05 1.021207505762467965e-01
7.395541940841035122e-05 1.056900499173842600e-01
7.463972047894970900e-05 1.093918192214712176e-01
7.533035330933708054e-05 1.132275125018817608e-01
7.602737648662468122e-05 1.171897417768187344e-01
7.673084913996470135e-05 1.212682157140934913e-01
7.744083094562397159e-05 1.254871717320430180e-01
7.815738213204768861e-05 1.298378950008552690e-01
7.888056348496733539e-05 1.343534215283011535e-01
7.961043635255848851e-05 1.390292734029909827e-01
8.034706265064376881e-05 1.438471030801213024e-01
8.109050486794647857e-05 1.488225590675031906e-01
8.184082607139033080e-05 1.539524512077342089e-01
8.259808991145073235e-05 1.592710914491327900e-01
8.336236062755304006e-05 1.647726306583443823e-01
8.413370305352336012e-05 1.704254428214828088e-01
8.491218262308711999e-05 1.762752428321934794e-01
8.569786537542125422e-05 1.823360319129136986e-01
8.649081796075497601e-05 1.885733933717673450e-01
8.729110764602517904e-05 1.950072833854817334e-01
8.809880232058136021e-05 2.016474371381363206e-01
8.891397050194612133e-05 2.085327750146831471e-01
8.973668134162622167e-05 2.156094548596124705e-01
9.056700463098011755e-05 2.229151283993365540e-01
9.140501080713702852e-05 2.304781357085488314e-01
9.225077095897366963e-05 2.382687121816102760e-01
9.310435683314326931e-05 2.462901417879825028e-01
9.396584084016341878e-05 2.545990964160336767e-01
9.483529606055720999e-05 2.631539339087438090e-01
9.571279625105427573e-05 2.719787026720114076e-01
9.659841585084609408e-05 2.810966240306242425e-01
9.749222998790226565e-05 2.904763008142410285e-01
9.839431448534213939e-05 3.001764745439011728e-01
9.930474586786856308e-05 3.101230954313212163e-01
1.002236013682579583e-04 3.204280622699247072e-01
1.011509589339134820e-04 3.310450666978289602e-01
1.020868972334763565e-04 3.419852082581923969e-01
1.030314956634999056e-04 3.532661187485489629e-01
1.039848343551846730e-04 3.648797817344610062e-01
1.049469941811760989e-04 3.768392032187841689e-01
1.059180567624249856e-04 3.891716035137267049e-01
1.068981044751114967e-04 4.018872519326915915e-01
1.078872204576332200e-04 4.149802413890049113e-01
1.088854886176578347e-04 4.284752662810988322e-01
1.098929936392411427e-04 4.423506341674699471e-01
1.109098209900108428e-04 4.566414525200383490e-01
1.119360569284168759e-04 4.713713835030875487e-01
1.129717885110487723e-04 4.865468709315202145e-01
1.140171036000207905e-04 5.021450623248143730e-01
1.150720908704253189e-04 5.182125108990154327e-01
1.161368398178552329e-04 5.347306267128195678e-01
1.172114407659959940e-04 5.517263163681784821e-01
1.182959848742878010e-04 5.692153991672970204e-01
1.193905641456587704e-04 5.871971498021422153e-01
1.204952714343296340e-04 6.056634903584511287e-01
1.216102004536906569e-04 6.246833627109436016e-01
1.227354457842514009e-04 6.442175016473766780e-01
1.238711028816641597e-04 6.642781657220938607e-01
1.250172680848214582e-04 6.849113641278936626e-01
1.261740386240286192e-04 7.060929036181795571e-01
1.273415126292519537e-04 7.278536482801257756e-01
1.285197891384430753e-04 7.502205617210629951e-01
1.297089681059405996e-04 7.731640527577017252e-01
1.309091504109491746e-04 7.967343716058523651e-01
1.321204378660972237e-04 8.209141914660699202e-01
1.333429332260738904e-04 8.457211943959354050e-01
1.345767401963456707e-04 8.711649950862525582e-01
1.358219634419540367e-04 8.972914747648628175e-01
1.370787085963940223e-04 9.240395220298938117e-01
1.383470822705754793e-04 9.515263591949475463e-01
1.396271920618667869e-04 9.796407709987439150e-01
1.409191465632225878e-04 1.008478267983979437e+00
1.422230553723956845e-04 1.038015376743549378e+00
1.435390291012344252e-04 1.068269592709352400e+00
1.448671793850660400e-04 1.099283193993718433e+00
1.462076188921666593e-04 1.131003556152987422e+00
1.475604613333191787e-04 1.163481028406130990e+00
1.489258214714593792e-04 1.196718370228552208e+00
1.503038151314114394e-04 1.230753024580518717e+00
1.516945592097134355e-04 1.265532261901270550e+00
1.530981716845337536e-04 1.301099367355497138e+00
1.545147716256794134e-04 1.337469406147341555e+00
1.559444792046967400e-04 1.374608423785752542e+00
1.573874157050656830e-04 1.412599551684056820e+00
1.588437035324884346e-04 1.451357480201035166e+00
1.603134662252731857e-04 1.490947374571268025e+00
1.617968284648140247e-04 1.531352546969894757e+00
1.632939160861678171e-04 1.572591706262741251e+00
1.648048560887287726e-04 1.614657998455220289e+00
1.663297766470021616e-04 1.657583941936077832e+00
1.678688071214772372e-04 1.701324196122916188e+00
1.694220780696011769e-04 1.745884536521232322e+00
1.709897212568543161e-04 1.791271527228656790e+00
1.725718696679280292e-04 1.837530329528047623e+00
1.741686575180057981e-04 1.884606077644071398e+00
1.757802202641489621e-04 1.932511343941288429e+00
1.774066946167876340e-04 1.981297242793249591e+00
1.790482185513179233e-04 2.030868959324955370e+00
1.807049313198065489e-04 2.081241462656606256e+00
1.823769734628037913e-04 2.132466767640436078e+00
1.840644868212656232e-04 2.184478630337205907e+00
1.857676145485861856e-04 2.237281659366602504e+00
1.874865011227416648e-04 2.290865054584276361e+00
1.892212923585465481e-04 2.345244712085322369e+00
1.909721354200231774e-04 2.400389195031634948e+00
1.927391788328858225e-04 2.456237696091002398e+00
1.945225724971402217e-04 2.512853416474260193e+00
1.963224676997998364e-04 2.570201056869483303e+00
1.981390171277196339e-04 2.628227970279252368e+00
1.999723748805486438e-04 2.686995426570732981e+00
2.018226964838024009e-04 2.746404014748392353e+00
2.036901389020562758e-04 2.806491037915439524e+00
2.055748605522610226e-04 2.867211305832284118e+00
2.074770213171813838e-04 2.928549352845477571e+00
2.093967825589591067e-04 2.990491402490201178e+00
2.113343071328014028e-04 3.052984353823251062e+00
2.132897594007962582e-04 3.115975731157872186e+00
2.152633052458552464e-04 3.179512036239682260e+00
2.172551120857856867e-04 3.243534178163787196e+00
2.192653488874927710e-04 3.307983887203975293e+00
2.212941861813132042e-04 3.372843268091766156e+00
2.233417960754814700e-04 3.438067271060783803e+00
2.254083522707299957e-04 3.503668921096853239e+00
2.274940300750242182e-04 3.569563030719463015e+00
2.295990064184342335e-04 3.635708259997886493e+00
2.317234598681439486e-04 3.702143052307561799e+00
2.338675706435990400e-04 3.768803735515293685e+00
2.360315206317952072e-04 3.835698782551958175e+00
2.382154934027077783e-04 3.902761267665135314e+00
2.404196742248642152e-04 3.969980106852833757e+00
2.426442500810604638e-04 4.037340028172748063e+00
2.448894096842230486e-04 4.104797380828945741e+00
2.471553434934176704e-04 4.172268773498558403e+00
2.494422437300060683e-04 4.239819758366344615e+00
2.517503043939523389e-04 4.307333777430584654e+00
2.540797212802799600e-04 4.374843190837986562e+00
2.564306919956823639e-04 4.442262787088760767e+00
2.588034159752835108e-04 4.509607402572755497e+00
2.611980944995598449e-04 4.576813547416796801e+00
2.636149307114110576e-04 4.643856622648852905e+00
2.660541296333970591e-04 4.710753463385826123e+00
2.685158981851260332e-04 4.777472389855635271e+00
2.710004452008118992e-04 4.844064983350777176e+00
2.735079814469854585e-04 4.910553152743699634e+00
2.760387196403786352e-04 4.976920929283139117e+00
2.785928744659646244e-04 5.043176664564681388e+00
2.811706625951744943e-04 5.109336663954831437e+00
2.837723027042732206e-04 5.175433656667569160e+00
2.863980154929145596e-04 5.241476235708477205e+00
2.890480237028587147e-04 5.307466697875340422e+00
2.917225521368723654e-04 5.373421309004058344e+00
2.944218276777941460e-04 5.439396849544278822e+00
2.971460793077862809e-04 5.505401406892882932e+00
2.998955381277543806e-04 5.571471533744812632e+00
3.026704373769567558e-04 5.637665653696007695e+00
3.054710124527856862e-04 5.704080881179501183e+00
3.082975009307410805e-04 5.770820738183541465e+00
3.111501425845793981e-04 5.838005241974249415e+00
3.140291794066589742e-04 5.905728203003956622e+00
3.169348556284631532e-04 5.974109860502165859e+00
3.198674177413240549e-04 6.043294745258351419e+00
3.228271145173274015e-04 6.113280800460058728e+00
3.258141970304213376e-04 6.184292793372012653e+00
3.288289186777098899e-04 6.256386680132558276e+00
3.318715352009544311e-04 6.329712780609829892e+00
3.349423047082628730e-04 6.404329085871254712e+00
3.380414876959908759e-04 6.480474982347128154e+00
3.411693470708344737e-04 6.558250184364400326e+00
3.443261481721376959e-04 6.637862177391583351e+00
3.475121587943980571e-04 6.719561644920876375e+00
3.507276492099853089e-04 6.803596619212968655e+00
3.539728921920686291e-04 6.890138470858387265e+00
3.572481630377563155e-04 6.979383301871589396e+00
3.605537395914494461e-04 7.071528959632443545e+00
3.638899022684116756e-04 7.166747263473911111e+00
3.672569340785571189e-04 7.265223896952436533e+00
3.706551206504584361e-04 7.367161744580660532e+00
3.740847502555768537e-04 7.472743315878111581e+00
3.775461138327166157e-04 7.582100254490276470e+00
3.810395050127056535e-04 7.695561289063437727e+00
3.845652201433044800e-04 7.813358284631299000e+00
3.881235583143455314e-04 7.935804979693672934e+00
3.917148213831055581e-04 8.063110897464600413e+00
3.953393139999122029e-04 8.195475826076163983e+00
3.989973436339879658e-04 8.333144879599764465e+00
4.026892205995329641e-04 8.476232978127725914e+00
4.064152580820493067e-04 8.624856869423167538e+00
4.101757721649087638e-04 8.779177031896841399e+00
4.139710818561667671e-04 8.939291388663425764e+00
4.178015091156236623e-04 9.105385484044060007e+00
4.216673788821373339e-04 9.277693622386729899e+00
4.255690191011879072e-04 9.456458352393864786e+00
4.295067607526975085e-04 9.641821464298743649e+00
4.334809378791080114e-04 9.833937702560561434e+00
4.374918876137176907e-04 1.003283639239983316e+01
4.415399502092810661e-04 1.023849569819697081e+01
4.456254690668724240e-04 1.045087084585217063e+01
4.497487907650172460e-04 1.066990614871155074e+01
4.539102650890925188e-04 1.089556723156813867e+01
4.581102450609995588e-04 1.112796456425029845e+01
4.623490869691109775e-04 1.136722710938982672e+01
4.666271503984952018e-04 1.161342207847043539e+01
4.709447982614203398e-04 1.186648337916325602e+01
4.753023968281404267e-04 1.212620185572945886e+01
4.797003157579662197e-04 1.239234515321328267e+01
4.841389281306242276e-04 1.266461833313499596e+01
4.886186104779050065e-04 1.294270573747279407e+01
4.931397428156048934e-04 1.322637470295441986e+01
4.977027086757631865e-04 1.351556517569906646e+01
5.023078951391972630e-04 1.381026527900894507e+01
5.069556928683394310e-04 1.411022777542519080e+01
5.116464961403767615e-04 1.441507570080427847e+01
5.163807028806984001e-04 1.472430881020362037e+01
5.211587146966517679e-04 1.503724706605748729e+01
5.259809369116111213e-04 1.535329676332554527e+01
5.308477785993620480e-04 1.567200368706767044e+01
5.357596526188028755e-04 1.599302406792836706e+01
5.407169756489687380e-04 1.631618094174008959e+01
5.457201682243779765e-04 1.664087473006559037e+01
5.507696547707071613e-04 1.696637750601895789e+01
5.558658636407953855e-04 1.729171363690655383e+01
5.610092271509814097e-04 1.761585724159828104e+01
5.662001816177782100e-04 1.793782744984832433e+01
5.714391673948855796e-04 1.825697665257102287e+01
5.767266289105457732e-04 1.857275401503908796e+01
5.820630147052453362e-04 1.888444804956695222e+01
5.874487774697645295e-04 1.919094491252574741e+01
5.928843740835797703e-04 1.949090678337599769e+01
5.983702656536214748e-04 1.978285744521537737e+01
6.039069175533897955e-04 2.006535950640074972e+01
6.094947994624330245e-04 2.033736638637521921e+01
6.151343854061905054e-04 2.059810683385402186e+01
6.208261537962052583e-04 2.084645707943379023e+01
6.265705874707077272e-04 2.108093666713701708e+01
6.323681737355754196e-04 2.129984178573172571e+01
6.382194044056716930e-04 2.150136336334538356e+01
6.441247758465667213e-04 2.168406553137908688e+01
6.500847890166448718e-04 2.184701020420883211e+01
6.560999495096013099e-04 2.198927790813204552e+01
6.621707675973320618e-04 2.210964858844819503e+01
6.682977582732208943e-04 2.220656518358523712e+01
6.744814412958265908e-04 2.227842890135879372e+01
6.807223412329747435e-04 2.232402845588724105e+01
6.870209875062573135e-04 2.234289535697806528e+01
6.933779144359439707e-04 2.233487943908468409e+01
6.997936612863087926e-04 2.229957564722450414e+01
7.062687723113768735e-04 2.223634191857151876e+01
7.128037968010938813e-04 2.214463374541596252e+01
7.193992891279217062e-04 2.202456969543558785e+01
7.260558087938709338e-04 2.187710865900674762e+01
7.327739204779548567e-04 2.170365888224545614e+01
7.395541940841035122e-04 2.150542955568076664e+01
7.463972047894970900e-04 2.128332531848437270e+01
7.533035330933707512e-04 2.103886275038270171e+01
7.602737648662468394e-04 2.077439753982532622e+01
7.673084913996469593e-04 2.049322380424820977e+01
7.744083094562396888e-04 2.019857617907929992e+01
7.815738213204768319e-04 1.989335274535579146e+01
7.888056348496733268e-04 1.958054696505149295e+01
7.961043635255849122e-04 1.926392025124116358e+01
8.034706265064376881e-04 1.894823468560182889e+01
8.109050486794647586e-04 1.863833781843015913e+01
8.184082607139033351e-04 1.833840587935851119e+01
8.259808991145073777e-04 1.805232273307781554e+01
8.336236062755303464e-04 1.778444886226841604e+01
8.413370305352335741e-04 1.754006283958272050e+01
8.491218262308711457e-04 1.732423100258866810e+01
8.569786537542125422e-04 1.714087378282806284e+01
8.649081796075497059e-04 1.699331570391501245e+01
8.729110764602518446e-04 1.688539050460627777e+01
8.809880232058135479e-04 1.682137996345867492e+01
8.891397050194612675e-04 1.680484948554602198e+01
8.973668134162622167e-04 1.683782525938381269e+01
9.056700463098011755e-04 1.692184306940400162e+01
9.140501080713703394e-04 1.705905974938574587e+01
9.225077095897367234e-04 1.725187770750265415e+01
9.310435683314326931e-04 1.750114168464479292e+01
9.396584084016341336e-04 1.780626945984703369e+01
9.483529606055720457e-04 1.816716948314720170e+01
9.571279625105428386e-04 1.858484545852952508e+01
9.659841585084609408e-04 1.905946340453722954e+01
9.749222998790225752e-04 1.958948538205519441e+01
9.839431448534212855e-04 2.017360748215435606e+01
9.930474586786856850e-04 2.081230158492539672e+01
1.002236013682579474e-03 2.150620941427946420e+01
1.011509589339135715e-03 2.225427692246779543e+01
1.020868972334763565e-03 2.305582511017410141e+01
1.030314956635000221e-03 2.391245737807435390e+01
1.039848343551846811e-03 2.482640057873285500e+01
1.049469941811762182e-03 2.579848839593423193e+01
1.059180567624249964e-03 2.683031883312225574e+01
1.068981044751116105e-03 2.792588548261003467e+01
1.078872204576332037e-03 2.908957647221739151e+01
1.088854886176579377e-03 3.032478321322161463e+01
1.098929936392411318e-03 3.163559362514020989e+01
1.109098209900109648e-03 3.302765713103159584e+01
1.119360569284168650e-03 3.450660771835966045e+01
1.129717885110488942e-03 3.607641823424247463e+01
1.140171036000207959e-03 3.774155793836846584e+01
1.150720908704254246e-03 3.950713762233377935e+01
1.161368398178552275e-03 4.137545994351430068e+01
1.172114407659961268e-03 4.334703113913072059e+01
1.182959848742877983e-03 4.542211608887588170e+01
1.193905641456588897e-03 4.759853998424419075e+01
1.204952714343296340e-03 4.987010940943766002e+01
1.216102004536907897e-03 5.222814949088910197e+01
1.227354457842514063e-03 5.466166389340787646e+01
1.238711028816642844e-03 5.715528524705647584e+01
1.250172680848214528e-03 5.968932183096542587e+01
1.261740386240287493e-03 6.224242294800669839e+01
1.273415126292519375e-03 6.478918285673128707e+01
1.285197891384430753e-03 6.729961119105632861e+01
1.297089681059406105e-03 6.974473885050529987e+01
1.309091504109491638e-03 7.209431909672383654e+01
1.321204378660972237e-03 7.431583634080028844e+01
1.333429332260738795e-03 7.638061734796319513e+01
1.345767401963456761e-03 7.826462587146241390e+01
1.358219634419540259e-03 7.994578462428445675e+01
1.370787085963940223e-03 8.141138696546831000e+01
1.383470822705754793e-03 8.265830529803686488e+01
1.396271920618668031e-03 8.368980308542084856e+01
1.409191465632225878e-03 8.452299172203208855e+01
1.422230553723956683e-03 8.518751023555664403e+01
1.435390291012344360e-03 8.572005532653942339e+01
1.448671793850660455e-03 8.617038413782886153e+01
1.462076188921666809e-03 8.659747964693980293e+01
1.475604613333191895e-03 8.706163061897154876e+01
1.489258214714593792e-03 8.762936532144624380e+01
1.503038151314114394e-03 8.836331077282362401e+01
1.516945592097134138e-03 8.931632393581884344e+01
1.530981716845337699e-03 9.053428648358743658e+01
1.545147716256794297e-03 9.204359183680381307e+01
1.559444792046967400e-03 9.385140569391874976e+01
1.573874157050656830e-03 9.594578350442681369e+01
1.588437035324884346e-03 9.828974264711466446e+01
1.603134662252731803e-03 1.008271229494059895e+02
1.617968284648140355e-03 1.034830404508919059e+02
1.632939160861678063e-03 1.061708472421210701e+02
1.648048560887287834e-03 1.088032702305447685e+02
1.663297766470021562e-03 1.112926431335515929e+02
1.678688071214772372e-03 1.135668197764999121e+02
1.694220780696011714e-03 1.155761967625120974e+02
1.709897212568543216e-03 1.172995518738727014e+02
1.725718696679280238e-03 1.187521138798942388e+02
1.741686575180057981e-03 1.199795325120845888e+02
1.757802202641489675e-03 1.210627232449434985e+02
1.774066946167876394e-03 1.221034076272919862e+02
1.790482185513179178e-03 1.232160680246701787e+02
1.807049313198065598e-03 1.245146244589070079e+02
1.823769734628038130e-03 1.260926558351523568e+02
1.840644868212656287e-03 1.280144525851784749e+02
1.857676145485861801e-03 1.302959373923243334e+02
1.874865011227416648e-03 1.329037149981244568e+02
1.892212923585465589e-03 1.357510957970467587e+02
1.909721354200231936e-03 1.387079689511851370e+02
1.927391788328858225e-03 1.416121591579181711e+02
1.945225724971402000e-03 1.442927265817874627e+02
1.963224676997998418e-03 1.465899664565427827e+02
1.981390171277196393e-03 1.483781917389517560e+02
1.999723748805486492e-03 1.495849344181347362e+02
2.018226964838023847e-03 1.501976717464405056e+02
2.036901389020562975e-03 1.502644295981425557e+02
2.055748605522610389e-03 1.498795796084611993e+02
2.074770213171814055e-03 1.491624531333736172e+02
2.093967825589591013e-03 1.482268478299194499e+02
2.113343071328013974e-03 1.471543793274234417e+02
2.132897594007962527e-03 1.459697675909818031e+02
2.152633052458552410e-03 1.446327613004256420e+02
2.172551120857856705e-03 1.430408650623057838e+02
2.192653488874927656e-03 1.410529927540836752e+02
2.212941861813132096e-03 1.385266672268029993e+02
2.233417960754814809e-03 1.353609894653442893e+02
2.254083522707299794e-03 1.315360065315659881e+02
2.274940300750242020e-03 1.271382551328864565e+02
2.295990064184342226e-03 1.223676875769999270e+02
2.317234598681439540e-03 1.175129268712885278e+02
2.338675706435990129e-03 1.129056208548029190e+02
2.360315206317949686e-03 1.088568814865398338e+02
2.382154934027077946e-03 1.055925750606751450e+02
2.404196742248639659e-03 1.031998427113371406e+02
2.426442500810604367e-03 1.016027954835659273e+02
2.448894096842227884e-03 1.005712497599766664e+02
2.471553434934176379e-03 9.976285860209488021e+01
2.494422437300057756e-03 9.878899336018925226e+01
2.517503043939523389e-03 9.728602301111116901e+01
2.540797212802799708e-03 9.497602349791630161e+01
2.564306919956823531e-03 9.170053183449496714e+01
2.588034159752835000e-03 8.742477171418863691e+01
2.611980944995598557e-03 8.221932410588772200e+01
2.636149307114110576e-03 7.623173229325735178e+01
2.660541296333970591e-03 6.966612473601220756e+01
2.685158981851260441e-03 6.278149336056344509e+01
2.710004452008118667e-03 5.590522346705508738e+01
2.735079814469854910e-03 4.944627388917528066e+01
2.760387196403786460e-03 4.388279835373737825e+01
2.785928744659646027e-03 3.970413903535872890e+01
2.811706625951745052e-03 3.730249960990761338e+01
2.837723027042732531e-03 3.683834762012021002e+01
2.863980154929145813e-03 3.812666043288441386e+01
2.890480237028587255e-03 4.060218855858797582e+01
2.917225521368723654e-03 4.340808776461555851e+01
2.944218276777941460e-03 4.560938166190283738e+01
2.971460793077862917e-03 4.648054424621663827e+01
2.998955381277543589e-03 4.576928703033416923e+01
3.026704373769567667e-03 4.382423879273923717e+01
3.054710124527856754e-03 4.150568656093864206e+01
3.082975009307410696e-03 3.987619699896217185e+01
3.111501425845793981e-03 3.976211081232347055e+01
3.140291794066589742e-03 4.134786645029937802e+01
3.169348556284631423e-03 4.397611865525185948e+01
3.198674177413240657e-03 4.626033737924334588e+01
3.228271145173274449e-03 4.649448429825819318e+01
3.258141970304213268e-03 4.321379732314186128e+01
3.288289186777099225e-03 3.568579625210259110e+01
3.318715352009544203e-03 2.413300462298655802e+01
3.349423047082628838e-03 9.605753542577396331e+00
3.380414876959908759e-03 -6.419999526749549545e+00
3.411693470708344628e-03 -2.252076035032831669e+01
3.443261481721380645e-03 -3.766029979213794832e+01
3.475121587943980680e-03 -5.125470358209199162e+01
3.507276492099856667e-03 -6.299647868991166177e+01
3.539728921920686291e-03 -7.259856391187771862e+01
3.572481630377566733e-03 -7.965168023216895676e+01
3.605537395914494569e-03 -8.369801204740538481e+01
3.638899022684120767e-03 -8.447732556023680672e+01
3.672569340785571297e-03 -8.217983441654210708e+01
3.706551206504587938e-03 -7.752201195849899307e+01
3.740847502555768103e-03 -7.156045190232731557e+01
3.775461138327169952e-03 -6.531131885952616756e+01
3.810395050127056860e-03 -5.935630822265295592e+01
3.845652201433048811e-03 -5.363119648908548953e+01
3.881235583143455205e-03 -4.750211355301502891e+01
3.917148213831059267e-03 -4.008476610506345139e+01
3.953393139999122029e-03 -3.063308290480026486e+01
3.989973436339883453e-03 -1.878596426194620150e+01
4.026892205995329967e-03 -4.550016944090367055e+00
4.064152580820497296e-03 1.189983215644603476e+01
4.101757721649087855e-03 3.031058102610452920e+01
4.139710818561672008e-03 5.000146368849310363e+01
4.178015091156236406e-03 6.902911826474367274e+01
4.216673788821373448e-03 8.337346465042101329e+01
4.255690191011879397e-03 8.709076716501125759e+01
4.295067607526975410e-03 7.417753253634874966e+01
4.334809378791079464e-03 4.180934715027942161e+01
4.374918876137176907e-03 -6.805975776562718238e+00
4.415399502092810444e-03 -6.230352667753382434e+01
4.456254690668724240e-03 -1.128672799489205545e+02
4.497487907650172569e-03 -1.501446607481850037e+02
4.539102650890925079e-03 -1.734885553771907780e+02
4.581102450609995588e-03 -1.891175607681620363e+02
4.623490869691109124e-03 -2.043796012110458094e+02
4.666271503984952343e-03 -2.214799591422702463e+02
4.709447982614203831e-03 -2.359754497779728126e+02
4.753023968281404159e-03 -2.414874769704243533e+02
4.797003157579662197e-03 -2.363362891091647953e+02
4.841389281306242819e-03 -2.255665220267480606e+02
4.886186104779049848e-03 -2.158958234020295777e+02
4.931397428156049367e-03 -2.081728232387361857e+02
4.977027086757631648e-03 -1.950603973609343598e+02
5.023078951391972413e-03 -1.671643320950127247e+02
5.069556928683393443e-03 -1.226356656009842965e+02
5.116464961403767615e-03 -7.149661727092586716e+01
5.163807028806984001e-03 -3.055796099036890823e+01
5.211587146966517245e-03 -1.326903948104275166e+01
5.259809369116111646e-03 -2.283840012626546212e+01
5.308477785993619830e-03 -5.313819401332777659e+01
5.357596526188028972e-03 -9.485750129061440816e+01
5.407169756489686729e-03 -1.409154916766836720e+02
5.457201682243779765e-03 -1.873195780149793563e+02
5.507696547707071830e-03 -2.302233710119072896e+02
5.558658636407953421e-03 -2.630126545448430875e+02
5.610092271509814314e-03 -2.770956109683729096e+02
5.662001816177782317e-03 -2.666722205895815137e+02
5.714391673948855145e-03 -2.331358927479238616e+02
5.767266289105458382e-03 -1.836996271301770491e+02
5.820630147052453796e-03 -1.246140836689305615e+02
5.874487774697644861e-03 -5.679435820517257838e+01
5.928843740835797703e-03 1.970080429022564061e+01
5.983702656536214748e-03 9.724382606436758181e+01
6.039069175533898388e-03 1.603291738322251661e+02
6.094947994624329811e-03 1.966576338562952344e+02
6.151343854061904620e-03 2.080311005488802891e+02
6.208261537962052150e-03 2.086609359800365553e+02
6.265705874707076621e-03 2.129533702583119066e+02
6.323681737355753979e-03 2.251771185511844635e+02
6.382194044056716496e-03 2.388382450757551680e+02
6.441247758465666780e-03 2.438698422181077206e+02
6.500847890166448935e-03 2.345107274902831875e+02
6.560999495096013316e-03 2.097839801331727188e+02
6.621707675973320835e-03 1.656908979139942062e+02
6.682977582732208509e-03 9.364459026643234552e+01
6.744814412958265691e-03 -1.942490924876354441e+00
6.807223412329747002e-03 -8.696826645297693403e+01
6.870209875062573135e-03 -1.169967873418216300e+02
6.933779144359439491e-03 -7.839790780338289267e+01
6.997936612863088143e-03 8.413863303451751818e+00
7.062687723113769168e-03 1.286387234426964028e+02
7.128037968010938162e-03 2.819049661276778806e+02
7.193992891279224651e-03 4.387936183918781694e+02
7.260558087938708688e-03 5.338343775314441473e+02
7.327739204779555940e-03 5.339867774525290542e+02
7.395541940841034688e-03 4.757664300527687260e+02
7.463972047894978923e-03 4.030529886814089764e+02
7.533035330933707946e-03 3.133624474325447977e+02
7.602737648662476200e-03 2.013146511683202391e+02
7.673084913996469809e-03 1.035322129631109220e+02
7.744083094562404478e-03 5.363088267917926544e+01
7.815738213204768969e-03 3.197042047614437621e+01
7.888056348496741074e-03 1.610054253717732919e+00
7.961043635255848905e-03 -3.308456912617128864e+01
8.034706265064384470e-03 -3.898869595053888304e+01
8.109050486794647586e-03 -1.522439738621535277e+01
8.184082607139040941e-03 -5.464380993741649206e+00
8.259808991145072693e-03 -2.961108308299582959e+01
8.336236062755311704e-03 -4.496405787556054889e+01
8.413370305352335307e-03 -2.744799787217324649e+01
8.491218262308719913e-03 -3.449973171889699586e+01
8.569786537542124771e-03 -1.104201890967989073e+02
8.649081796075507034e-03 -2.065259784436068742e+02
8.729110764602518446e-03 -2.694610314760795973e+02
8.809880232058144370e-03 -3.041703914648853129e+02
8.891397050194612892e-03 -3.054687303842082429e+02
8.973668134162631274e-03 -2.558147636751756693e+02
9.056700463098012188e-03 -1.921998795476021940e+02
9.140501080713712284e-03 -1.546502641018475686e+02
9.225077095897368101e-03 -1.240299513453568778e+02
9.310435683314336255e-03 -9.515190228063042355e+01
9.396584084016341987e-03 -1.016449195531632483e+02
9.483529606055730865e-03 -1.275957869011521382e+02
9.571279625105427735e-03 -1.166046161809690602e+02
9.659841585084620250e-03 -6.316009435169470976e+01
9.749222998790225969e-03 -3.540132385551018501e+00
9.839431448534224564e-03 5.071242329416544692e+01
9.930474586786856850e-03 1.159756406735270389e+02
1.002236013682581035e-02 1.899911554328699879e+02
1.011509589339136365e-02 2.305993999792702311e+02
1.020868972334764216e-02 1.998004704264571672e+02
1.030314956634999571e-02 1.127645847170556408e+02
1.039848343551847375e-02 1.324001510321928166e+01
1.049469941811761488e-02 -6.570590142087596064e+01
1.059180567624250398e-02 -9.514116639613254733e+01
1.068981044751115585e-02 -5.747690499705343115e+01
1.078872204576332774e-02 4.068473751411733730e+01
1.088854886176578857e-02 1.537825726550510979e+02
1.098929936392411925e-02 2.073316423690042427e+02
1.109098209900108954e-02 2.011925434873086544e+02
1.119360569284169257e-02 1.597615934849385155e+02
1.129717885110488422e-02 1.278863081173659211e+01
1.140171036000208610e-02 -2.630839660411970158e+02
1.150720908704253725e-02 -5.656755234910102672e+02
1.161368398178552926e-02 -7.861390686714985350e+02
1.172114407659960618e-02 -8.979361254764477280e+02
1.182959848742878677e-02 -9.316916671878226452e+02
1.193905641456588333e-02 -8.897412643545229685e+02
1.204952714343296948e-02 -7.874083412702019587e+02
1.216102004536907116e-02 -7.027432080349177568e+02
1.227354457842514714e-02 -6.900658792490083897e+02
1.238711028816642280e-02 -7.224554907825976215e+02
1.250172680848215222e-02 -7.862497448824459525e+02
1.261740386240286886e-02 -9.231271681784081693e+02
1.273415126292520155e-02 -1.097254435697330791e+03
1.285197891384431447e-02 -1.187881873719762098e+03
1.297089681059406668e-02 -1.153876295732752169e+03
1.309091504109492245e-02 -1.043503574384711328e+03
1.321204378660972845e-02 -8.790923728708461340e+02
1.333429332260739446e-02 -6.690443162434266924e+02
1.345767401963457455e-02 -4.641686535223779515e+02
1.358219634419540953e-02 -3.264084832543387620e+02
1.370787085963940874e-02 -2.307435467426015521e+02
1.383470822705755443e-02 -1.204990933892602527e+02
1.396271920618668769e-02 3.205454400102237145e+01
1.409191465632226616e-02 2.342239977679652156e+02
1.422230553723957507e-02 4.431000706653165935e+02
1.435390291012345054e-02 6.210847631722725737e+02
1.448671793850661235e-02 8.146018891782305218e+02
1.462076188921667373e-02 1.097865188646917204e+03
1.475604613333192545e-02 1.450357840076661887e+03
1.489258214714594616e-02 1.743262987137280788e+03
1.503038151314115174e-02 1.869636132339012192e+03
1.516945592097134962e-02 1.789993487764071233e+03
1.530981716845338306e-02 1.588766030215710543e+03
1.545147716256795034e-02 1.402177620515362378e+03
1.559444792046968224e-02 1.264737424100282396e+03
1.573874157050657654e-02 1.115040413877740548e+03
1.588437035324885213e-02 9.044870425574671344e+02
1.603134662252732670e-02 6.141698649949508990e+02
1.617968284648141006e-02 2.745927921517348409e+02
1.632939160861678757e-02 -2.972523242835510970e+01
1.648048560887288572e-02 -2.184476172540977359e+02
1.663297766470022560e-02 -3.204276861944749726e+02
1.678688071214773370e-02 -4.268760238018428481e+02
1.694220780696012452e-02 -5.567007693965985027e+02
1.709897212568544170e-02 -7.500428211826159668e+02
1.725718696679280975e-02 -1.075207201447571379e+03
1.741686575180058719e-02 -1.451227974078022498e+03
1.757802202641490716e-02 -1.704565775788166093e+03
1.774066946167877218e-02 -1.706076865470929079e+03
1.790482185513180002e-02 -1.453376113279626907e+03
1.807049313198066595e-02 -1.021669122121686428e+03
1.823769734628039041e-02 -5.343193054750217925e+02
1.840644868212657284e-02 -9.283603857604506970e+01
1.857676145485862712e-02 2.801910568265884081e+02
1.874865011227417472e-02 5.561357385927575478e+02
1.892212923585466500e-02 7.078830978925260524e+02
1.909721354200233021e-02 6.683433289233566938e+02
1.927391788328858963e-02 4.082632739398547983e+02
1.945225724971403128e-02 -1.485006462713390363e+01
1.963224676997999199e-02 -6.585803066605228651e+02
1.981390171277197521e-02 -1.517215266850113949e+03
1.999723748805487533e-02 -2.382968975253743338e+03
2.018226964838025148e-02 -2.865903771115992186e+03
2.036901389020563669e-02 -2.532107667450502959e+03
2.055748605522611516e-02 -1.585488067852665154e+03
2.074770213171815009e-02 -7.430254537588234598e+02
2.093967825589591880e-02 -4.666731098374137900e+02
2.113343071328015188e-02 -7.185859148667200316e+02
2.132897594007963568e-02 -1.054102518435887305e+03
2.152633052458553450e-02 -9.970581998091635114e+02
2.172551120857858092e-02 -4.686356015739773397e+02
2.192653488874928697e-02 2.338322747818439780e+02
2.212941861813133224e-02 7.812822181225408258e+02
2.233417960754816023e-02 9.956785459505684912e+02
2.254083522707301182e-02 1.045344652944619156e+03
2.274940300750243408e-02 1.076203668321851637e+03
2.295990064184343440e-02 1.034028784394575723e+03
2.317234598681440494e-02 8.822148167715677118e+02
2.338675706435991430e-02 4.978891424144330813e+02
2.360315206317952982e-02 -2.651522377839501701e+02
2.382154934027079160e-02 -1.370294178225218275e+03
2.404196742248643215e-02 -2.256460067066787815e+03
2.426442500810605668e-02 -2.326935490838493934e+03
2.448894096842231527e-02 -1.543633724849488772e+03
2.471553434934177854e-02 -2.546211763185862083e+02
2.494422437300061746e-02 1.398622534590833311e+03
2.517503043939524690e-02 3.148680318939934295e+03
2.540797212802803351e-02 4.158762516957071966e+03
2.564306919956825179e-02 3.919128515646110827e+03
2.588034159752838903e-02 3.192166196502247203e+03
2.611980944995599685e-02 3.187101450309571646e+03
2.636149307114114479e-02 4.004672678852751233e+03
2.660541296333971892e-02 4.749553716854311460e+03
2.685158981851264517e-02 4.585606827638634968e+03
2.710004452008120401e-02 3.475086016811804257e+03
2.735079814469858900e-02 2.195116207302140992e+03
2.760387196403787588e-02 1.217359146129387909e+03
2.785928744659650277e-02 2.006380646722028587e+02
2.811706625951746613e-02 -1.225726440446430388e+03
2.837723027042736781e-02 -2.669651625004227299e+03
2.863980154929147287e-02 -3.299859126595926682e+03
2.890480237028591678e-02 -2.654118119771864258e+03
2.917225521368724955e-02 -1.278184664363137244e+03
2.944218276777946230e-02 -5.721453862852294492e+01
2.971460793077864565e-02 9.460362801370727084e+02
2.998955381277548446e-02 2.066074434176659452e+03
3.026704373769569315e-02 3.331861327053537480e+03
3.054710124527861351e-02 4.213451533069598554e+03
3.082975009307412084e-02 3.989792520598241481e+03
3.111501425845798752e-02 2.599216647786987778e+03
3.140291794066590869e-02 5.374011693777866867e+02
3.169348556284636020e-02 -1.826662450974632975e+03
3.198674177413242392e-02 -3.665088082313749510e+03
3.228271145173278872e-02 -4.145074432209914448e+03
3.258141970304215262e-02 -3.706750190255183497e+03
3.288289186777100526e-02 -3.369869215870006883e+03
3.318715352009542208e-02 -3.602847635482527949e+03
3.349423047082630139e-02 -4.257752952023291073e+03
3.380414876959907111e-02 -4.707204886519992215e+03
3.411693470708346276e-02 -4.492756767145483536e+03
3.443261481721378997e-02 -4.170780536616337486e+03
3.475121587943982154e-02 -4.839787176907243520e+03
3.507276492099854759e-02 -6.260224708950927379e+03
3.539728921920688026e-02 -7.348472493586916244e+03
3.572481630377564998e-02 -7.772931286323517270e+03
3.605537395914496651e-02 -7.448195601300982162e+03
3.638899022684118773e-02 -6.743991939490386358e+03
3.672569340785573205e-02 -6.457599824812831685e+03
3.706551206504585944e-02 -6.473938982502211729e+03
3.740847502555770532e-02 -6.105703081532922624e+03
3.775461138327167870e-02 -5.083312236934410976e+03
3.810395050127058508e-02 -3.617479676212078175e+03
3.845652201433046730e-02 -2.166942909692325884e+03
3.881235583143457374e-02 -9.315506479204491370e+02
3.917148213831057185e-02 7.753085602781027319e+01
3.953393139999124284e-02 4.712263257970352583e+02
3.989973436339881718e-02 2.158804516740717361e+01
4.026892205995331875e-02 -7.832887564243388852e+02
4.064152580820495214e-02 -1.140111153301785180e+03
4.101757721649090110e-02 -7.167273237791351903e+02
4.139710818561669753e-02 9.286311865121376741e+00
4.178015091156239008e-02 1.776434293800230080e+01
4.216673788821375529e-02 -7.879405314374457703e+02
4.255690191011881479e-02 -9.926602237678894198e+02
4.295067607526977665e-02 -3.912610112632535220e+00
4.334809378791082413e-02 1.064059132978220077e+03
4.374918876137179335e-02 8.762848491853810629e+02
4.415399502092812872e-02 -4.681162315529275020e+02
4.456254690668726842e-02 -1.267040530928594762e+03
4.497487907650175171e-02 -1.935685786941487549e+02
4.539102650890927682e-02 1.527561801016950994e+03
4.581102450609998017e-02 1.429806229506622458e+03
4.623490869691111727e-02 -3.674245003968940182e+01
4.666271503984954078e-02 -8.737564283812303074e+02
4.709447982614205913e-02 -7.845459234497047873e+02
4.753023968281406414e-02 3.425535601105138994e+02
4.797003157579664973e-02 2.298415018108121330e+03
4.841389281306245074e-02 4.393738818253452337e+03
4.886186104779052797e-02 5.403521369938338466e+03
4.931397428156051449e-02 4.724129846433004786e+03
4.977027086757634250e-02 2.873788210429350329e+03
5.023078951391975189e-02 4.165802501697461366e+02
5.069556928683396219e-02 -1.434308970620738364e+03
5.116464961403770217e-02 -1.780686812497811161e+03
5.163807028806986776e-02 -1.177430369697301558e+03
5.211587146966519674e-02 -1.757233563407258430e+02
5.259809369116114075e-02 1.587786273148547480e+03
5.308477785993622605e-02 3.924014750839463886e+03
5.357596526188031921e-02 6.444101898206868100e+03
5.407169756489689505e-02 8.009450485172364097e+03
5.457201682243782020e-02 8.331169498615308839e+03
5.507696547707074258e-02 9.261737393509311005e+03
5.558658636407956544e-02 1.159860597907104784e+04
5.610092271509817263e-02 1.420876478554204550e+04
5.662001816177784919e-02 1.519502159053504147e+04
5.714391673948858441e-02 1.432532138238373591e+04
5.767266289105461158e-02 1.364672126667943303e+04
5.820630147052456571e-02 1.335142094398027257e+04
5.874487774697647463e-02 1.162938816635589137e+04
5.928843740835800652e-02 9.058825058697804707e+03
5.983702656536217523e-02 7.085043410026080892e+03
6.039069175533900991e-02 4.859146175404124733e+03
6.094947994624332760e-02 1.967941910319041199e+03
6.151343854061908090e-02 2.469331165707371838e+02
6.208261537962055793e-02 -5.476788102896088049e+02
6.265705874707079570e-02 -1.535374464182319116e+03
6.323681737355757448e-02 -2.745486407451354353e+03
6.382194044056720139e-02 -4.474318153147701196e+03
6.441247758465670770e-02 -5.569720246830010183e+03
6.500847890166451537e-02 -5.817868277265408324e+03
6.560999495096016265e-02 -6.683519515882201631e+03
6.621707675973323437e-02 -8.380724764292674081e+03
6.682977582732212152e-02 -1.003784466575132501e+04
6.744814412958269334e-02 -1.172187626316805472e+04
6.807223412329750645e-02 -1.262375722972195581e+04
6.870209875062577298e-02 -1.266648079874683935e+04
6.933779144359443480e-02 -1.280594333101531811e+04
6.997936612863091266e-02 -1.166812855093314465e+04
7.062687723113772464e-02 -8.679375392027974158e+03
7.128037968010941805e-02 -5.526674688763512677e+03
7.193992891279228641e-02 -2.765287161307525366e+03
7.260558087938712157e-02 -1.350550049260187279e+03
7.327739204779559756e-02 -2.675488020957763638e+03
7.395541940841038331e-02 -4.549839517495301152e+03
7.463972047894983086e-02 -4.456129010779115561e+03
7.533035330933711415e-02 -3.253496042861663227e+03
7.602737648662480363e-02 -2.774674659830194287e+03
7.673084913996473799e-02 -2.833989466402987091e+03
7.744083094562408121e-02 -2.093510187874601797e+03
7.815738213204771745e-02 -1.281845906832016908e+03
7.888056348496745585e-02 -7.889836376895295871e+02
7.961043635255853068e-02 1.136012081257236787e+03
8.034706265064388286e-02 3.614007702208464252e+03
8.109050486794652790e-02 4.247158093109821493e+03
8.184082607139045451e-02 3.917929177649356461e+03
8.259808991145077550e-02 3.743730266901938194e+03
8.336236062755317255e-02 3.045877988143672610e+03
8.413370305352339817e-02 2.114420834519301934e+03
8.491218262308725118e-02 1.066193004271154905e+03
8.569786537542128935e-02 5.801084873444621053e+02
8.649081796075511197e-02 3.136387999339140151e+03
8.729110764602522610e-02 6.058326999019275718e+03
8.809880232058149574e-02 5.711565656734457662e+03
8.891397050194617402e-02 3.776918250274412458e+03
8.973668134162636478e-02 1.888843881798138227e+03
9.056700463098016352e-02 1.102932417729038207e+03
9.140501080713717141e-02 1.038738963262622292e+03
9.225077095897371571e-02 8.113164938010176002e+02
9.310435683314341460e-02 5.430373791796976093e+02
9.396584084016346150e-02 2.656821275345606637e+01
9.483529606055735028e-02 -6.249981708859670562e+02
9.571279625105433286e-02 -1.178714715580249049e+03
9.659841585084624760e-02 -1.893962402293715513e+03
9.749222998790231520e-02 -3.145408683188552004e+03
9.839431448534229074e-02 -4.216069195154343106e+03
9.930474586786862401e-02 -4.298409482933047912e+03
1.002236013682581001e-01 -5.163404511405206904e+03
1.011509589339136261e-01 -7.999648787766149326e+03
1.020868972334765118e-01 -8.306375208168945392e+03
1.030314956635000612e-01 -3.585677325099909467e+03
1.039848343551848381e-01 2.976472205330432644e+03
1.049469941811762563e-01 9.176704346598671691e+03
1.059180567624251473e-01 1.292922401816107595e+04
1.068981044751116660e-01 1.105373890866695547e+04
1.078872204576332705e-01 5.893767382921968419e+03
1.088854886176578857e-01 3.380929192785909436e+03
1.098929936392411960e-01 4.688075000398492193e+03
1.109098209900108989e-01 5.736829592954138207e+03
1.119360569284169327e-01 4.216962362576630767e+03
1.129717885110488318e-01 2.000431268748403909e+03
1.140171036000208610e-01 7.347998606304659006e+02
1.150720908704253725e-01 5.033079953827176496e+02
1.161368398178553030e-01 4.308853631855637900e+02
1.172114407659960583e-01 1.934080887595129070e+02
1.182959848742878711e-01 -1.045241481383940254e+02
1.193905641456588368e-01 -5.633382190064920678e+02
1.204952714343296982e-01 -1.068295400722166505e+03
1.216102004536907116e-01 -1.373948711670915600e+03
1.227354457842514679e-01 -1.406502627384299103e+03
1.238711028816642246e-01 -1.268009051452128688e+03
1.250172680848215256e-01 -7.451876217650547005e+02
1.261740386240287060e-01 9.969866762375281724e+02
1.273415126292520017e-01 2.776735738295808460e+03
1.285197891384431412e-01 2.672051754992860879e+03
1.297089681059406807e-01 1.486568282750651179e+03
1.309091504109492210e-01 5.985336501413590895e+02
1.321204378660972845e-01 1.955258311892830250e+02
1.333429332260739619e-01 -1.672389035786034697e+02
1.345767401963457455e-01 -4.467384046075102901e+02
1.358219634419541022e-01 -5.493219545459829760e+02
1.370787085963940943e-01 -6.566494872307339392e+02
1.383470822705755443e-01 -8.473526047531424865e+02
1.396271920618668561e-01 -1.123077972492602839e+03
1.409191465632226581e-01 -1.381571281988607780e+03
1.422230553723957402e-01 -1.504801868742046508e+03
1.435390291012345054e-01 -1.550072459979983478e+03
1.448671793850661305e-01 -1.666474865827251051e+03
1.462076188921667408e-01 -1.685788680148015374e+03
1.475604613333192650e-01 -1.198990897533130919e+03
1.489258214714594686e-01 -2.819711370041572991e+02
1.503038151314115001e-01 4.085824516454926538e+02
1.516945592097135032e-01 3.821981771278923929e+02
1.530981716845338514e-01 -2.231138965615430436e+02
1.545147716256795034e-01 -7.076786957918889129e+02
1.559444792046968120e-01 -6.851201430806387407e+02
1.573874157050657585e-01 -4.315880419304436941e+02
1.588437035324885005e-01 -2.501407513916556695e+02
1.603134662252732601e-01 -2.013447623418813350e+02
1.617968284648141075e-01 -1.907399310606949712e+02
1.632939160861678896e-01 -1.532947841296920899e+02
1.648048560887288572e-01 -8.638265969479246564e+01
1.663297766470022421e-01 -1.171819769441620807e+01
1.678688071214773092e-01 4.386377637637643545e+01
1.694220780696012729e-01 5.417277860710245818e+01
1.709897212568544100e-01 2.469451533067033466e+00
1.725718696679281183e-01 -7.204267140641707101e+01
1.741686575180058927e-01 -8.140284702083340562e+01
1.757802202641490508e-01 -2.350546735783705898e+01
1.774066946167877357e-01 3.106224095941222885e+01
1.790482185513180002e-01 5.518127388618385964e+01
1.807049313198066387e-01 5.919696877046621353e+01
1.823769734628039041e-01 5.620762485539614772e+01
1.840644868212657215e-01 5.282919019922213266e+01
1.857676145485862573e-01 5.074615789088729656e+01
1.874865011227417610e-01 4.979666663816107075e+01
1.892212923585466500e-01 4.944942780936263915e+01
1.909721354200232812e-01 4.918285362616619238e+01
1.927391788328859101e-01 4.856808512696868263e+01
1.945225724971403058e-01 4.730766541420751281e+01
1.963224676997999407e-01 4.526337729653258890e+01
1.981390171277197521e-01 4.247075082122518097e+01
1.999723748805487533e-01 3.911541791898553555e+01
2.018226964838024939e-01 3.546672590382442536e+01
2.036901389020563946e-01 3.180412790417442181e+01
2.055748605522611239e-01 2.836321008235831442e+01
2.074770213171814870e-01 2.529880430599134300e+01
2.093967825589591880e-01 2.267036095432005993e+01
2.113343071328015188e-01 2.045659106392855620e+01
2.132897594007963638e-01 1.858350876685888053e+01
2.152633052458553520e-01 1.694890932775040326e+01
2.172551120857857954e-01 1.544578753434508123e+01
2.192653488874928835e-01 1.398987560930917518e+01
2.212941861813133015e-01 1.253845556048381304e+01
2.233417960754816023e-01 1.109030114334923667e+01
2.254083522707301113e-01 9.671218650730590838e+00
2.274940300750243338e-01 8.316251659896096271e+00
2.295990064184343371e-01 7.057325887082654070e+00
2.317234598681440494e-01 5.916110193322984934e+00
2.338675706435991430e-01 4.901365437015794413e+00
2.360315206317953052e-01 4.009211087343348190e+00
2.382154934027078952e-01 3.225255646646269625e+00
2.404196742248643215e-01 2.529638627807015983e+00
2.426442500810605807e-01 1.903247223064359783e+00
2.448894096842231527e-01 1.332410358660862215e+00
2.471553434934177784e-01 8.098150215311499256e-01
2.494422437300061746e-01 3.331938481674940333e-01
2.517503043939524621e-01 -9.740143677184720516e-02
2.540797212802803351e-01 -4.816623031337420313e-01
2.564306919956825248e-01 -8.204564191032879261e-01
2.588034159752838903e-01 -1.116529596043195127e+00
2.611980944995599963e-01 -1.373828701605688263e+00
2.636149307114114548e-01 -1.596480877795195763e+00
2.660541296333971961e-01 -1.788404206892306059e+00
2.685158981851264448e-01 -1.953275154827368132e+00
2.710004452008120124e-01 -2.094131147833877993e+00
2.735079814469859039e-01 -2.213169860665287203e+00
2.760387196403787935e-01 -2.312124567998163460e+00
2.785928744659650347e-01 -2.392785170619479818e+00
2.811706625951746474e-01 -2.457283879259075654e+00
2.837723027042736712e-01 -2.507729416146634804e+00
2.863980154929147148e-01 -2.546347161618629507e+00
2.890480237028591470e-01 -2.574760343129226747e+00
2.917225521368724817e-01 -2.594113320361368658e+00
2.944218276777946230e-01 -2.605167976443197198e+00
2.971460793077864704e-01 -2.608828064916296707e+00
2.998955381277548238e-01 -2.605841401929531287e+00
3.026704373769569245e-01 -2.596816327793860513e+00
3.054710124527861281e-01 -2.582223806947285372e+00
3.082975009307412084e-01 -2.562472539587766995e+00
3.111501425845799029e-01 -2.538077130146375371e+00
3.140291794066590869e-01 -2.509563155442753324e+00
3.169348556284636298e-01 -2.477528462735139048e+00
3.198674177413242115e-01 -2.442625247653894771e+00
3.228271145173279288e-01 -2.405435918310822263e+00
3.258141970304215262e-01 -2.366535804309286117e+00
3.288289186777104134e-01 -2.326483742765645069e+00
3.318715352009545816e-01 -2.285657953275394227e+00
3.349423047082633609e-01 -2.244351591967755244e+00
3.380414876959910719e-01 -2.202773613980170797e+00
3.411693470708350162e-01 -2.161058523731174574e+00
3.443261481721382467e-01 -2.119206445150513485e+00
3.475121587943982293e-01 -2.077230387184087590e+00
3.507276492099854481e-01 -2.035173905852829535e+00
3.539728921920687887e-01 -1.993067959266936917e+00
3.572481630377565276e-01 -1.950958593933898033e+00
3.605537395914496512e-01 -1.908888327234196547e+00
3.638899022684118911e-01 -1.866988832544782762e+00
3.672569340785573067e-01 -1.825455840516346351e+00
3.706551206504586360e-01 -1.784357005969940957e+00
3.740847502555770254e-01 -1.743876553284176234e+00
3.775461138327168009e-01 -1.704039906818112238e+00
3.810395050127058925e-01 -1.664898502059120045e+00
3.845652201433046868e-01 -1.626527084675715384e+00
3.881235583143457513e-01 -1.588862304726590402e+00
3.917148213831057602e-01 -1.551860731271864857e+00
3.953393139999124006e-01 -1.515521789326786495e+00
3.989973436339881996e-01 -1.479845786048447742e+00
4.026892205995331597e-01 -1.444813775152223423e+00
4.064152580820494798e-01 -1.410392194198702542e+00
4.101757721649089694e-01 -1.376654056595530751e+00
4.139710818561669892e-01 -1.343496381901295278e+00
4.178015091156238592e-01 -1.310903403639413822e+00
4.216673788821375668e-01 -1.279018107276095328e+00
4.255690191011881063e-01 -1.247957041755460850e+00
4.295067607526977249e-01 -1.217585126231778503e+00
4.334809378791081858e-01 -1.187728582609319128e+00
4.374918876137179335e-01 -1.158360705316410888e+00
4.415399502092812734e-01 -1.129601072929834027e+00
4.456254690668726703e-01 -1.101525097005420228e+00
4.497487907650175032e-01 -1.074195033929026710e+00
4.539102650890927682e-01 -1.047446516570892383e+00
4.581102450609997878e-01 -1.021309412502316771e+00
4.623490869691112004e-01 -9.956770732743412955e-01
4.666271503984954494e-01 -9.705394627831065435e-01
4.709447982614206052e-01 -9.458976206098342887e-01
4.753023968281406275e-01 -9.217610571299825750e-01
4.797003157579664556e-01 -8.981765895934670230e-01
4.841389281306244796e-01 -8.752268460177073939e-01
4.886186104779052797e-01 -8.528897981769872905e-01
4.931397428156051865e-01 -8.310793203356930947e-01
4.977027086757634389e-01 -8.097487378649376177e-01
