5.023078951391972766e-05 2.252655669617523933e-06
5.069556928683388889e-05 2.331624420746460393e-06
5.116464961403767209e-05 2.412884179008791470e-06
5.163807028806978715e-05 2.496771389999283565e-06
5.211587146966517408e-05 2.583724054318610324e-06
5.259809369116105792e-05 2.673434525175258615e-06
5.308477785993620074e-05 2.766050769156890943e-06
5.357596526188023334e-05 2.861561690566849270e-06
5.407169756489686838e-05 2.960260929805682381e-06
5.457201682243774209e-05 3.062229592677839672e-06
5.507696547707072019e-05 3.167037859916206030e-06
5.558658636407947621e-05 3.275493761882022973e-06
5.610092271509814368e-05 3.387230046683292464e-06
5.662001816177776272e-05 3.502642928943399048e-06
5.714391673948855254e-05 3.621955570601374956e-06
5.767266289105452040e-05 3.744856483152319961e-06
5.820630147052453362e-05 3.871804571440081572e-06
5.874487774697638518e-05 4.002475561613804942e-06
5.928843740835797296e-05 4.137673543644728928e-06
5.983702656536208243e-05 4.276318116058602082e-06
6.039069175533898090e-05 4.419164849862592778e-06
6.094947994624323197e-05 4.566960245132831027e-06
6.151343854061905325e-05 4.718851400390467507e-06
6.208261537962046349e-05 4.875697989253099349e-06
6.265705874707077272e-05 5.037302352780593473e-06
6.323681737355747149e-05 5.203558670684643003e-06
6.382194044056716117e-05 5.375347497638391627e-06
6.441247758465660166e-05 5.551804729925212016e-06
6.500847890166448447e-05 5.733672328514715920e-06
6.560999495096006865e-05 5.921561954878139419e-06
6.621707675973320618e-05 6.114301661925273428e-06
6.682977582732201624e-05 6.312956880937210426e-06
6.744814412958265366e-05 6.517068716842959835e-06
6.807223412329740388e-05 6.727677739434888538e-06
6.870209875062573948e-05 6.943437557833947196e-06
6.933779144359432660e-05 7.166032496989300403e-06
6.997936612863088740e-05 7.395185141664806657e-06
7.062687723113762230e-05 7.630981022658564998e-06
7.128037968010938271e-05 7.872158543995144128e-06
7.193992891279217604e-05 8.121249691366924723e-06
7.260558087938708525e-05 8.376913183285632499e-06
7.327739204779548296e-05 8.640240288859759950e-06
7.395541940841035122e-05 8.910272876685385520e-06
7.463972047894970900e-05 9.188604110743052325e-06
7.533035330933708054e-05 9.474366421732926104e-06
7.602737648662468122e-05 9.767243481674885277e-06
7.673084913996470135e-05 1.006775866274133484e-05
7.744083094562397159e-05 1.037621161872526293e-05
7.815738213204768861e-05 1.069320481901224235e-05
7.888056348496733539e-05 1.101854374131776759e-05
7.961043635255848851e-05 1.135159954361499210e-05
8.034706265064376881e-05 1.169274047160086552e-05
8.109050486794647857e-05 1.204225863713522169e-05
8.184082607139033080e-05 1.240030963068148299e-05
8.259808991145073235e-05 1.276574454220312064e-05
8.336236062755304006e-05 1.314031429938525397e-05
8.413370305352336012e-05 1.352321949951147669e-05
8.491218262308711999e-05 1.391472054088104081e-05
8.569786537542125422e-05 1.431445551554534311e-05
8.649081796075497601e-05 1.472269066065283887e-05
8.729110764602517904e-05 1.514009101884955406e-05
8.809880232058136021e-05 1.556520864556372794e-05
8.891397050194612133e-05 1.599906286131113099e-05
8.973668134162622167e-05 1.644158562705191540e-05
9.056700463098011755e-05 1.689177822608797051e-05
9.140501080713702852e-05 1.735066442041585322e-05
9.225077095897366963e-05 1.781690898032524075e-05
9.310435683314326931e-05 1.829127008071377306e-05
9.396584084016341878e-05 1.877240199690510645e-05
9.483529606055720999e-05 1.926224575200810181e-05
9.571279625105427573e-05 1.975906562756814331e-05
9.659841585084609408e-05 2.026172074285826670e-05
9.749222998790226565e-05 2.077150948264875902e-05
9.839431448534213939e-05 2.128788017424292249e-05
9.930474586786856308e-05 2.181017338396798301e-05
1.002236013682579583e-04 2.233860322917474337e-05
1.011509589339134820e-04 2.287135101435237890e-05
1.020868972334763565e-04 2.340935333470996627e-05
1.030314956634999056e-04 2.395190668492813070e-05
1.039848343551846730e-04 2.449755074312034181e-05
1.049469941811760989e-04 2.504613929646278580e-05
1.059180567624249856e-04 2.559809486917074796e-05
1.068981044751114967e-04 2.614970970213992090e-05
1.078872204576332200e-04 2.670444394859566940e-05
1.088854886176578347e-04 2.725699956515435576e-05
1.098929936392411427e-04 2.781145881085954946e-05
1.109098209900108428e-04 2.836173123629638624e-05
1.119360569284168759e-04 2.891051708619888074e-05
1.129717885110487723e-04 2.945455882760802127e-05
1.140171036000207905e-04 2.999434078984239858e-05
1.150720908704253189e-04 3.052506106082079098e-05
1.161368398178552329e-04 3.104658039900720309e-05
1.172114407659959940e-04 3.155570441581438039e-05
1.182959848742878010e-04 3.205433292302646298e-05
1.193905641456587704e-04 3.253807908514831426e-05
1.204952714343296340e-04 3.300508302017549165e-05
1.216102004536906569e-04 3.345258675674893248e-05
1.227354457842514009e-04 3.387943787936891193e-05
1.238711028816641597e-04 3.428387308452931245e-05
1.250172680848214582e-04 3.465906798118522378e-05
1.261740386240286192e-04 3.500438102191773764e-05
1.273415126292519537e-04 3.531979175157759477e-05
1.285197891384430753e-04 3.559777457333798977e-05
1.297089681059405996e-04 3.583595228212921481e-05
1.309091504109491746e-04 3.603252194589832297e-05
1.321204378660972237e-04 3.618234029878929692e-05
1.333429332260738904e-04 3.628164460298423773e-05
1.345767401963456707e-04 3.632626757513712746e-05
1.358219634419540367e-04 3.631411628186617359e-05
1.370787085963940223e-04 3.623517895621792152e-05
1.383470822705754793e-04 3.608883493948350903e-05
1.396271920618667869e-04 3.586954255396372941e-05
1.409191465632225878e-04 3.557177454051093371e-05
1.422230553723956845e-04 3.519127674304207265e-05
1.435390291012344252e-04 3.471845388158927026e-05
1.448671793850660400e-04 3.414874443806294402e-05
1.462076188921666593e-04 3.347671274598066000e-05
1.475604613333191787e-04 3.269496207058825697e-05
1.489258214714593792e-04 3.179614328636476634e-05
1.503038151314114394e-04 3.077170416513162071e-05
1.516945592097134355e-04 2.961686068319721376e-05
1.530981716845337536e-04 2.831667810198236970e-05
1.545147716256794134e-04 2.686641476913729268e-05
1.559444792046967400e-04 2.525692534995017520e-05
1.573874157050656830e-04 2.347656215625839945e-05
1.588437035324884346e-04 2.151977744463685454e-05
1.603134662252731857e-04 1.937297914656179736e-05
1.617968284648140247e-04 1.702780944573142153e-05
1.632939160861678171e-04 1.446709277213814386e-05
1.648048560887287726e-04 1.168655151556016791e-05
1.663297766470021616e-04 8.668907775298680820e-06
1.678688071214772372e-04 5.404896041480179646e-06
1.694220780696011769e-04 1.875811799039806976e-06
1.709897212568543161e-04 -1.925094512928294745e-06
1.725718696679280292e-04 -6.014965258362882445e-06
1.741686575180057981e-04 -1.041041513131812211e-05
1.757802202641489621e-04 -1.512624417459346311e-05
1.774066946167876340e-04 -2.017588936396221491e-05
1.790482185513179233e-04 -2.558137752870560152e-05
1.807049313198065489e-04 -3.135475188779880597e-05
1.823769734628037913e-04 -3.751647778033075212e-05
1.840644868212656232e-04 -4.408343320284248564e-05
1.857676145485861856e-04 -5.107442569668739957e-05
1.874865011227416648e-04 -5.851172754607797849e-05
1.892212923585465481e-04 -6.641317055731337882e-05
1.909721354200231774e-04 -7.479899527423607098e-05
1.927391788328858225e-04 -8.369373728677449264e-05
1.945225724971402217e-04 -9.311091740980378582e-05
1.963224676997998364e-04 -1.030727800056975693e-04
1.981390171277196339e-04 -1.136030896665062652e-04
1.999723748805486438e-04 -1.247213559354573239e-04
2.018226964838024009e-04 -1.364528891626663612e-04
2.036901389020562758e-04 -1.488208864638289385e-04
2.055748605522610226e-04 -1.618456545285176817e-04
2.074770213171813838e-04 -1.755550241839364109e-04
2.093967825589591067e-04 -1.899731634231277512e-04
2.113343071328014028e-04 -2.051248822930589757e-04
2.132897594007962582e-04 -2.210368111781718908e-04
2.152633052458552464e-04 -2.377336536472652564e-04
2.172551120857856867e-04 -2.552426067696553333e-04
2.192653488874927710e-04 -2.735907671006094209e-04
2.212941861813132042e-04 -2.928027111976925275e-04
2.233417960754814700e-04 -3.129075245592518478e-04
2.254083522707299957e-04 -3.339324379620661363e-04
2.274940300750242182e-04 -3.559059653549068538e-04
2.295990064184342335e-04 -3.788517719105451761e-04
2.317234598681439486e-04 -4.027914295862638052e-04
2.338675706435990400e-04 -4.277429807696494666e-04
2.360315206317952072e-04 -4.537335100218391074e-04
2.382154934027077783e-04 -4.807788935777221350e-04
2.404196742248642152e-04 -5.089062352150654656e-04
2.426442500810604638e-04 -5.381407472651042814e-04
2.448894096842230486e-04 -5.684961997222548339e-04
2.471553434934176704e-04 -6.000002394408539188e-04
2.494422437300060683e-04 -6.326717098442083843e-04
2.517503043939523389e-04 -6.665240473580184843e-04
2.540797212802799600e-04 -7.015896674447457066e-04
2.564306919956823639e-04 -7.378775192535265252e-04
2.588034159752835108e-04 -7.754076807683031505e-04
2.611980944995598449e-04 -8.141907762924265090e-04
2.636149307114110576e-04 -8.542417965660558960e-04
2.660541296333970591e-04 -8.955671715321621715e-04
2.685158981851260332e-04 -9.381680400831891213e-04
2.710004452008118992e-04 -9.820397880125079828e-04
2.735079814469854585e-04 -1.027175446131058274e-03
2.760387196403786352e-04 -1.073566949028028445e-03
2.785928744659646244e-04 -1.121207736419380704e-03
2.811706625951744943e-04 -1.170090212006276399e-03
2.837723027042732206e-04 -1.220205664230809926e-03
2.863980154929145596e-04 -1.271545488092946279e-03
2.890480237028587147e-04 -1.324083143235403560e-03
2.917225521368723654e-04 -1.377807063935103512e-03
2.944218276777941460e-04 -1.432702404090232954e-03
2.971460793077862809e-04 -1.488740808549818793e-03
2.998955381277543806e-04 -1.545891640542451737e-03
3.026704373769567558e-04 -1.604118779149604724e-03
3.054710124527856862e-04 -1.663375776877720280e-03
3.082975009307410805e-04 -1.723600864978911025e-03
3.111501425845793981e-04 -1.784731243620694269e-03
3.140291794066589742e-04 -1.846703053269534720e-03
3.169348556284631532e-04 -1.909457583351784234e-03
3.198674177413240549e-04 -1.972924329764372525e-03
3.228271145173274015e-04 -2.037038102405399394e-03
3.258141970304213376e-04 -2.101732821140744629e-03
3.288289186777098899e-04 -2.166936416869266920e-03
3.318715352009544311e-04 -2.232559829478583755e-03
3.349423047082628730e-04 -2.298529933023186599e-03
3.380414876959908759e-04 -2.364757597339940849e-03
3.411693470708344737e-04 -2.431146897296903361e-03
3.443261481721376959e-04 -2.497572239254518094e-03
3.475121587943980571e-04 -2.563913162619932407e-03
3.507276492099853089e-04 -2.630053101130612817e-03
3.539728921920686291e-04 -2.695863186878809901e-03
3.572481630377563155e-04 -2.761226674356286829e-03
3.605537395914494461e-04 -2.826032651544265611e-03
3.638899022684116756e-04 -2.890155189459310374e-03
3.672569340785571189e-04 -2.953476615566216941e-03
3.706551206504584361e-04 -3.015883104858101387e-03
3.740847502555768537e-04 -3.077251871664260334e-03
3.775461138327166157e-04 -3.137450415433366922e-03
3.810395050127056535e-04 -3.196338008077406322e-03
3.845652201433044800e-04 -3.253748606177325232e-03
3.881235583143455314e-04 -3.309518886560990861e-03
3.917148213831055581e-04 -3.363506984934094401e-03
3.953393139999122029e-04 -3.415570712394149899e-03
3.989973436339879658e-04 -3.465584822390128505e-03
4.026892205995329641e-04 -3.513423019329287630e-03
4.064152580820493067e-04 -3.558971963621944141e-03
4.101757721649087638e-04 -3.602110178499691538e-03
4.139710818561667671e-04 -3.642736046966143365e-03
4.178015091156236623e-04 -3.680712806901156181e-03
4.216673788821373339e-04 -3.715889420496816618e-03
4.255690191011879072e-04 -3.748101674540291455e-03
4.295067607526975085e-04 -3.777206952949351774e-03
4.334809378791080114e-04 -3.803114210096211929e-03
4.374918876137176907e-04 -3.825723947948066889e-03
4.415399502092810661e-04 -3.844949913669049556e-03
4.456254690668724240e-04 -3.860722015216621391e-03
4.497487907650172460e-04 -3.872975434037040973e-03
4.539102650890925188e-04 -3.881650502490030866e-03
4.581102450609995588e-04 -3.886617660081376040e-03
4.623490869691109775e-04 -3.887731488532328913e-03
4.666271503984952018e-04 -3.884881239413023879e-03
4.709447982614203398e-04 -3.878001991837049401e-03
4.753023968281404267e-04 -3.867039834405530847e-03
4.797003157579662197e-04 -3.851971102735241362e-03
4.841389281306242276e-04 -3.832792815154401674e-03
4.886186104779050065e-04 -3.809511743710863527e-03
4.931397428156048934e-04 -3.782062517253983666e-03
4.977027086757631865e-04 -3.750320109059037538e-03
5.023078951391972630e-04 -3.714158551064941031e-03
5.069556928683394310e-04 -3.673499950567338593e-03
5.116464961403767615e-04 -3.628319434595137730e-03
5.163807028806984001e-04 -3.578623552273350709e-03
5.211587146966517679e-04 -3.524436542118547684e-03
5.259809369116111213e-04 -3.465792477701062392e-03
5.308477785993620480e-04 -3.402654991317093265e-03
5.357596526188028755e-04 -3.334884602435703085e-03
5.407169756489687380e-04 -3.262328014488859000e-03
5.457201682243779765e-04 -3.184924365451694515e-03
5.507696547707071613e-04 -3.102672027553621172e-03
5.558658636407953855e-04 -3.015595089037639929e-03
5.610092271509814097e-04 -2.923751593058174659e-03
5.662001816177782100e-04 -2.827175814002819924e-03
5.714391673948855796e-04 -2.725762909943420589e-03
5.767266289105457732e-04 -2.619330836574867115e-03
5.820630147052453362e-04 -2.507781788310270519e-03
5.874487774697645295e-04 -2.391114166298278707e-03
5.928843740835797703e-04 -2.269419900797745807e-03
5.983702656536214748e-04 -2.142814166862311992e-03
6.039069175533897955e-04 -2.011374424299110838e-03
6.094947994624330245e-04 -1.875044878680204525e-03
6.151343854061905054e-04 -1.733685159861290655e-03
6.208261537962052583e-04 -1.587270100648464823e-03
6.265705874707077272e-04 -1.435905175046068259e-03
6.323681737355754196e-04 -1.279794201639462836e-03
6.382194044056716930e-04 -1.119169392091346740e-03
6.441247758465667213e-04 -9.541735641193509502e-04
6.500847890166448718e-04 -7.847986661620713232e-04
6.560999495096013099e-04 -6.110573829234866756e-04
6.621707675973320618e-04 -4.331304406367130931e-04
6.682977582732208943e-04 -2.513493917618822614e-04
6.744814412958265908e-04 -6.611559853465700382e-05
6.807223412329747435e-04 1.222558384765123842e-04
6.870209875062573135e-04 3.136129297097772686e-04
6.933779144359439707e-04 5.078394080351051080e-04
6.997936612863087926e-04 7.046384932368900773e-04
7.062687723113768735e-04 9.035330008890958553e-04
7.128037968010938813e-04 1.103979801639539630e-03
7.193992891279217062e-04 1.305537300703864863e-03
7.260558087938709338e-04 1.507981650144838608e-03
7.327739204779548567e-04 1.711088429329972113e-03
7.395541940841035122e-04 1.914415712804458727e-03
7.463972047894970900e-04 2.117359244356138270e-03
7.533035330933707512e-04 2.319310117173754848e-03
7.602737648662468394e-04 2.519874669917670888e-03
7.673084913996469593e-04 2.718826583389925920e-03
7.744083094562396888e-04 2.915813813109662672e-03
7.815738213204768319e-04 3.110240292843866137e-03
7.888056348496733268e-04 3.301429345503302439e-03
7.961043635255849122e-04 3.488871400061071670e-03
8.034706265064376881e-04 3.672335864330922902e-03
8.109050486794647586e-04 3.851534093738412639e-03
8.184082607139033351e-04 4.025893245622299416e-03
8.259808991145073777e-04 4.194705264338134676e-03
8.336236062755303464e-04 4.357437072737391226e-03
8.413370305352335741e-04 4.513882536312688147e-03
8.491218262308711457e-04 4.663800254803009485e-03
8.569786537542125422e-04 4.806626566289527898e-03
8.649081796075497059e-04 4.941689442251551330e-03
8.729110764602518446e-04 5.068594350835789290e-03
8.809880232058135479e-04 5.187306390991193450e-03
8.891397050194612675e-04 5.297693119261093209e-03
8.973668134162622167e-04 5.399300575149458548e-03
9.056700463098011755e-04 5.491723081706869139e-03
9.140501080713703394e-04 5.575058477932756662e-03
9.225077095897367234e-04 5.649742142719691232e-03
9.310435683314326931e-04 5.715935986898533494e-03
9.396584084016341336e-04 5.773621275044997676e-03
9.483529606055720457e-04 5.823233928049347148e-03
9.571279625105428386e-04 5.865895573671799611e-03
9.659841585084609408e-04 5.902701412187250259e-03
9.749222998790225752e-04 5.934430339823344031e-03
9.839431448534212855e-04 5.962182047249750018e-03
9.930474586786856850e-04 5.987897041952946163e-03
1.002236013682579474e-03 6.013768896030372360e-03
1.011509589339135715e-03 6.041510498693542994e-03
1.020868972334763565e-03 6.073050018372308859e-03
1.030314956635000221e-03 6.111185103031746210e-03
1.039848343551846811e-03 6.158943472541739302e-03
1.049469941811762182e-03 6.218741740996964161e-03
1.059180567624249964e-03 6.293113014104849585e-03
1.068981044751116105e-03 6.385351157520664962e-03
1.078872204576332037e-03 6.498649596353454905e-03
1.088854886176579377e-03 6.635456134440173050e-03
1.098929936392411318e-03 6.798220336782435924e-03
1.109098209900109648e-03 6.989746124373407213e-03
1.119360569284168650e-03 7.212391460243694138e-03
1.129717885110488942e-03 7.467478278309160923e-03
1.140171036000207959e-03 7.756317966112090054e-03
1.150720908704254246e-03 8.080217124768201628e-03
1.161368398178552275e-03 8.439233456412642900e-03
1.172114407659961268e-03 8.832500441850755710e-03
1.182959848742877983e-03 9.259202494209917145e-03
1.193905641456588897e-03 9.717744635703906564e-03
1.204952714343296340e-03 1.020503245537988761e-02
1.216102004536907897e-03 1.071751953903959075e-02
1.227354457842514063e-03 1.125142351696268965e-02
1.238711028816642844e-03 1.180164941291391573e-02
1.250172680848214528e-03 1.236219481521777692e-02
1.261740386240287493e-03 1.292729556406267168e-02
1.273415126292519375e-03 1.349039429275145779e-02
1.285197891384430753e-03 1.404394954776452299e-02
1.297089681059406105e-03 1.458133638292773843e-02
1.309091504109491638e-03 1.509604387856401837e-02
1.321204378660972237e-03 1.558100528770357124e-02
1.333429332260738795e-03 1.603059285757028538e-02
1.345767401963456761e-03 1.644049606707539621e-02
1.358219634419540259e-03 1.680661900309905060e-02
1.370787085963940223e-03 1.712709761400886890e-02
1.383470822705754793e-03 1.740219069032299115e-02
1.396271920618668031e-03 1.763296219683185145e-02
1.409191465632225878e-03 1.782324768536729456e-02
1.422230553723956683e-03 1.797926516291084229e-02
1.435390291012344360e-03 1.810784491147327327e-02
1.448671793850660455e-03 1.821826366457150390e-02
1.462076188921666809e-03 1.832125217314441168e-02
1.475604613333191895e-03 1.842699718430299352e-02
1.489258214714593792e-03 1.854698889145296389e-02
1.503038151314114394e-03 1.869154512490614137e-02
1.516945592097134138e-03 1.886881561757878384e-02
1.530981716845337699e-03 1.908610351242671921e-02
1.545147716256794297e-03 1.934689815964699133e-02
1.559444792046967400e-03 1.965148467654139960e-02
1.573874157050656830e-03 1.999740427948199645e-02
1.588437035324884346e-03 2.037776728248339927e-02
1.603134662252731803e-03 2.078312373207496719e-02
1.617968284648140355e-03 2.120118589608522425e-02
1.632939160861678063e-03 2.161793602047290888e-02
1.648048560887287834e-03 2.202012553415741078e-02
1.663297766470021562e-03 2.239430728612757174e-02
1.678688071214772372e-03 2.273010177679374993e-02
1.694220780696011714e-03 2.302100912361276439e-02
1.709897212568543216e-03 2.326504823962697796e-02
1.725718696679280238e-03 2.346638143877596838e-02
1.741686575180057981e-03 2.363354369472220676e-02
1.757802202641489675e-03 2.378082041432704255e-02
1.774066946167876394e-03 2.392528140864311204e-02
1.790482185513179178e-03 2.408572459438229618e-02
1.807049313198065598e-03 2.428064584721876390e-02
1.823769734628038130e-03 2.452476993759580490e-02
1.840644868212656287e-03 2.482824728513182214e-02
1.857676145485861801e-03 2.519315866842588084e-02
1.874865011227416648e-03 2.561404844573769365e-02
1.892212923585465589e-03 2.607703353726374684e-02
1.909721354200231936e-03 2.656187505124370588e-02
1.927391788328858225e-03 2.704364522800300694e-02
1.945225724971402000e-03 2.749675371025769866e-02
1.963224676997998418e-03 2.789813710139692898e-02
1.981390171277196393e-03 2.823091621719831662e-02
1.999723748805486492e-03 2.848763674256726136e-02
2.018226964838023847e-03 2.867113871556938032e-02
2.036901389020562975e-03 2.879481911303816838e-02
2.055748605522610389e-03 2.888007915357626923e-02
2.074770213171814055e-03 2.895289092244663839e-02
2.093967825589591013e-03 2.903852378868026357e-02
2.113343071328013974e-03 2.915708053323200211e-02
2.132897594007962527e-03 2.931896585775354766e-02
2.152633052458552410e-03 2.952315445565530105e-02
2.172551120857856705e-03 2.975696729511943459e-02
2.192653488874927656e-03 2.999924501900487137e-02
2.212941861813132096e-03 3.022583908644670136e-02
2.233417960754814809e-03 3.041606261581180498e-02
2.254083522707299794e-03 3.055879538198984918e-02
2.274940300750242020e-03 3.065660445266410808e-02
2.295990064184342226e-03 3.072741728026994260e-02
2.317234598681439540e-03 3.080130833323706935e-02
2.338675706435990129e-03 3.091433185062183314e-02
2.360315206317949686e-03 3.109999430280221619e-02
2.382154934027077946e-03 3.138070534077385537e-02
2.404196742248639659e-03 3.176121485497027108e-02
2.426442500810604367e-03 3.222674668029897049e-02
2.448894096842227884e-03 3.274609444549091142e-02
2.471553434934176379e-03 3.327933953955124896e-02
2.494422437300057756e-03 3.378833683034471180e-02
2.517503043939523389e-03 3.424653281216921696e-02
2.540797212802799708e-03 3.464567501543130285e-02
2.564306919956823531e-03 3.499624155162106565e-02
2.588034159752835000e-03 3.532198894378155846e-02
2.611980944995598557e-03 3.565067261031187179e-02
2.636149307114110576e-03 3.600358504564526996e-02
2.660541296333970591e-03 3.638842082502617703e-02
2.685158981851260441e-03 3.679852680672487941e-02
2.710004452008118667e-03 3.721877291178429803e-02
2.735079814469854910e-03 3.763571731830407663e-02
2.760387196403786460e-03 3.804720454179241762e-02
2.785928744659646027e-03 3.846662721146243413e-02
2.811706625951745052e-03 3.891805952579723005e-02
2.837723027042732531e-03 3.942359043093436599e-02
2.863980154929145813e-03 3.998743136664791725e-02
2.890480237028587255e-03 4.058518530324004697e-02
2.917225521368723654e-03 4.116541919853570347e-02
2.944218276777941460e-03 4.166589674004566451e-02
2.971460793077862917e-03 4.204010038367486657e-02
2.998955381277543589e-03 4.228426304408024194e-02
3.026704373769567667e-03 4.245106643392757700e-02
3.054710124527856754e-03 4.264030092241193060e-02
3.082975009307410696e-03 4.296573237433700537e-02
3.111501425845793981e-03 4.350948616864329377e-02
3.140291794066589742e-03 4.428304650940336623e-02
3.169348556284631423e-03 4.521417325898799411e-02
3.198674177413240657e-03 4.616905657348722991e-02
3.228271145173274449e-03 4.700397604035147503e-02
3.258141970304213268e-03 4.762525833420136467e-02
3.288289186777099225e-03 4.802914112638970168e-02
3.318715352009544203e-03 4.830231697164558136e-02
3.349423047082628838e-03 4.858163658046869837e-02
3.380414876959908759e-03 4.899097739892422504e-02
3.411693470708344628e-03 4.958708963805503328e-02
3.443261481721380645e-03 5.034113188798253896e-02
3.475121587943980680e-03 5.116412885999091498e-02
3.507276492099856667e-03 5.195954634743613076e-02
3.539728921920686291e-03 5.267375246728602661e-02
3.572481630377566733e-03 5.331795748301962345e-02
3.605537395914494569e-03 5.395147123541350204e-02
3.638899022684120767e-03 5.464103530727387747e-02
3.672569340785571297e-03 5.542263662753918463e-02
3.706551206504587938e-03 5.628609257051685189e-02
3.740847502555768103e-03 5.718692527618206289e-02
3.775461138327169952e-03 5.807440416990789639e-02
3.810395050127056860e-03 5.891805135588230879e-02
3.845652201433048811e-03 5.972184722266954404e-02
3.881235583143455205e-03 6.052524222339371318e-02
3.917148213831059267e-03 6.139262757782526503e-02
3.953393139999122029e-03 6.239045597309171576e-02
3.989973436339883453e-03 6.355439998430249815e-02
4.026892205995329967e-03 6.485868143930494101e-02
4.064152580820497296e-03 6.621186743832672972e-02
4.101757721649087855e-03 6.749802348445012312e-02
4.139710818561672008e-03 6.865042706986997090e-02
4.178015091156236406e-03 6.970782308053430354e-02
4.216673788821373448e-03 7.079764149372233528e-02
4.255690191011879397e-03 7.203778484986193831e-02
4.295067607526975410e-03 7.342528162359901467e-02
4.334809378791079464e-03 7.481177435465180547e-02
4.374918876137176907e-03 7.600867648389218745e-02
4.415399502092810444e-03 7.695106785603320065e-02
4.456254690668724240e-03 7.777622259939880045e-02
4.497487907650172569e-03 7.873203062931148632e-02
4.539102650890925079e-03 7.998510659012601776e-02
4.581102450609995588e-03 8.150370839715730120e-02
4.623490869691109124e-03 8.312667973273456246e-02
4.666271503984952343e-03 8.474052351806565797e-02
4.709447982614203831e-03 8.636911833395975735e-02
4.753023968281404159e-03 8.807973160955341607e-02
4.797003157579662197e-03 8.982996434416561093e-02
4.841389281306242819e-03 9.146886333871964703e-02
4.886186104779049848e-03 9.292810620896432838e-02
4.931397428156049367e-03 9.438104185722655248e-02
4.977027086757631648e-03 9.613657296666337781e-02
5.023078951391972413e-03 9.833188012445054360e-02
5.069556928683393443e-03 1.007609248450291872e-01
5.116464961403767615e-03 1.030579098569379126e-01
5.163807028806984001e-03 1.050434008299436089e-01
5.211587146966517245e-03 1.068387120767166354e-01
5.259809369116111646e-03 1.086458107342671980e-01
5.308477785993619830e-03 1.105126916788228136e-01
5.357596526188028972e-03 1.123907399492848486e-01
5.407169756489686729e-03 1.143459656654999546e-01
5.457201682243779765e-03 1.165439160758672127e-01
5.507696547707071830e-03 1.189750647752186724e-01
5.558658636407953421e-03 1.213358163949610213e-01
5.610092271509814314e-03 1.233247491436644111e-01
5.662001816177782317e-03 1.250121333803729806e-01
5.714391673948855145e-03 1.267813992999366479e-01
5.767266289105458382e-03 1.289118277864340911e-01
5.820630147052453796e-03 1.313495208018349014e-01
5.874487774697644861e-03 1.338909879007596226e-01
5.928843740835797703e-03 1.364165916461090866e-01
5.983702656536214748e-03 1.388676425648341095e-01
6.039069175533898388e-03 1.411771287023882160e-01
6.094947994624329811e-03 1.433863841819837115e-01
6.151343854061904620e-03 1.457072293629932680e-01
6.208261537962052150e-03 1.482766560942691547e-01
6.265705874707076621e-03 1.509144451032292111e-01
6.323681737355753979e-03 1.533040201883610620e-01
6.382194044056716496e-03 1.553716619448830272e-01
6.441247758465666780e-03 1.573367148669470028e-01
6.500847890166448935e-03 1.594511175327134322e-01
6.560999495096013316e-03 1.618354914466992034e-01
6.621707675973320835e-03 1.644658597952260992e-01
6.682977582732208509e-03 1.671431142374192325e-01
6.744814412958265691e-03 1.695956850055723719e-01
6.807223412329747002e-03 1.717974383493367785e-01
6.870209875062573135e-03 1.740438983100472958e-01
6.933779144359439491e-03 1.765352358785588494e-01
6.997936612863088143e-03 1.790609399229583787e-01
7.062687723113769168e-03 1.812869077776596005e-01
7.128037968010938162e-03 1.831903919075348608e-01
7.193992891279224651e-03 1.850859506385716668e-01
7.260558087938708688e-03 1.873939183636574857e-01
7.327739204779555940e-03 1.903856608098329073e-01
7.395541940841034688e-03 1.938902014914317407e-01
7.463972047894978923e-03 1.972887274846265859e-01
7.533035330933707946e-03 2.000785101756595019e-01
7.602737648662476200e-03 2.023591343144580668e-01
7.673084913996469809e-03 2.045400619955171084e-01
7.744083094562404478e-03 2.067665988793982446e-01
7.815738213204768969e-03 2.088524544144976514e-01
7.888056348496741074e-03 2.106095750741763251e-01
7.961043635255848905e-03 2.121689033937294300e-01
8.034706265064384470e-03 2.140200993834805165e-01
8.109050486794647586e-03 2.164611158412221570e-01
8.184082607139040941e-03 2.189870727729346933e-01
8.259808991145072693e-03 2.207256969113237932e-01
8.336236062755311704e-03 2.214544698708744430e-01
8.413370305352335307e-03 2.217699490088623493e-01
8.491218262308719913e-03 2.224512287955129064e-01
8.569786537542124771e-03 2.238065755966220371e-01
8.649081796075507034e-03 2.254681307731773721e-01
8.729110764602518446e-03 2.270315632780240400e-01
8.809880232058144370e-03 2.286009231376690265e-01
8.891397050194612892e-03 2.302034352588518962e-01
8.973668134162631274e-03 2.314151853514674062e-01
9.056700463098012188e-03 2.319015945464866224e-01
9.140501080713712284e-03 2.318330344142610355e-01
9.225077095897368101e-03 2.319252130186559013e-01
9.310435683314336255e-03 2.327078811222951793e-01
9.396584084016341987e-03 2.338808114872867328e-01
9.483529606055730865e-03 2.352663444500010803e-01
9.571279625105427735e-03 2.369350487884978040e-01
9.659841585084620250e-03 2.380785361597174965e-01
9.749222998790225969e-03 2.377908243929210408e-01
9.839431448534224564e-03 2.363837479225039673e-01
9.930474586786856850e-03 2.349445471722953482e-01
1.002236013682581035e-02 2.338581262967740770e-01
1.011509589339136365e-02 2.324271362584190148e-01
1.020868972334764216e-02 2.305169774381980174e-01
1.030314956634999571e-02 2.285251004220628379e-01
1.039848343551847375e-02 2.260029524894000830e-01
1.049469941811761488e-02 2.227717809125368265e-01
1.059180567624250398e-02 2.199736046190345073e-01
1.068981044751115585e-02 2.184308539763842871e-01
1.078872204576332774e-02 2.171693919856078625e-01
1.088854886176578857e-02 2.150540260186576680e-01
1.098929936392411925e-02 2.120610962245969844e-01
1.109098209900108954e-02 2.081488568977275522e-01
1.119360569284169257e-02 2.033825099246173163e-01
1.129717885110488422e-02 1.986543435856758522e-01
1.140171036000208610e-02 1.947657084777811576e-01
1.150720908704253725e-02 1.911895057337493764e-01
1.161368398178552926e-02 1.869943447207491616e-01
1.172114407659960618e-02 1.819154746942305834e-01
1.182959848742878677e-02 1.760542712256435716e-01
1.193905641456588333e-02 1.702408127849444619e-01
1.204952714343296948e-02 1.657204608172897220e-01
1.216102004536907116e-02 1.621911033841324234e-01
1.227354457842514714e-02 1.579259291546687705e-01
1.238711028816642280e-02 1.518385119581606157e-01
1.250172680848215222e-02 1.438544527417597307e-01
1.261740386240286886e-02 1.352422477361291953e-01
1.273415126292520155e-02 1.280198883473976923e-01
1.285197891384431447e-02 1.222046209460438682e-01
1.297089681059406668e-02 1.154261573350600090e-01
1.309091504109492245e-02 1.063527225841981450e-01
1.321204378660972845e-02 9.583319084202791827e-02
1.333429332260739446e-02 8.577016202344472928e-02
1.345767401963457455e-02 7.741505672073648037e-02
1.358219634419540953e-02 6.899289260697311077e-02
1.370787085963940874e-02 5.754474616024492228e-02
1.383470822705755443e-02 4.275913898974769561e-02
1.396271920618668769e-02 2.684399383029722336e-02
1.409191465632226616e-02 1.201535959288425014e-02
1.422230553723957507e-02 -2.062755229698336624e-03
1.435390291012345054e-02 -1.807042914203491404e-02
1.448671793850661235e-02 -3.661848192703654609e-02
1.462076188921667373e-02 -5.511417750653707648e-02
1.475604613333192545e-02 -7.182933394119142556e-02
1.489258214714594616e-02 -8.830553130643704896e-02
1.503038151314115174e-02 -1.073666148143222060e-01
1.516945592097134962e-02 -1.295811470606052229e-01
1.530981716845338306e-02 -1.519816926131096202e-01
1.545147716256795034e-02 -1.726332391887919482e-01
1.559444792046968224e-02 -1.935041201894090457e-01
1.573874157050657654e-02 -2.172726313544742216e-01
1.588437035324885213e-02 -2.425495216850372671e-01
1.603134662252732670e-02 -2.651600273550092091e-01
1.617968284648141006e-02 -2.858840688726179691e-01
1.632939160861678757e-02 -3.101487485473047867e-01
1.648048560887288572e-02 -3.399306665757780288e-01
1.663297766470022560e-02 -3.711180528767492603e-01
1.678688071214773370e-02 -3.997546636757684513e-01
1.694220780696012452e-02 -4.280590867081672246e-01
1.709897212568544170e-02 -4.590731283210324198e-01
1.725718696679280975e-02 -4.904603532215887629e-01
1.741686575180058719e-02 -5.188081399757842327e-01
1.757802202641490716e-02 -5.469685611477136389e-01
1.774066946167877218e-02 -5.785547603159650887e-01
1.790482185513180002e-02 -6.108711956143392241e-01
1.807049313198066595e-02 -6.408216257893301071e-01
1.823769734628039041e-02 -6.709474927678417133e-01
1.840644868212657284e-02 -7.048336917803483814e-01
1.857676145485862712e-02 -7.401139995512168168e-01
1.874865011227417472e-02 -7.729169048066094616e-01
1.892212923585466500e-02 -8.055727123960851888e-01
1.909721354200233021e-02 -8.408800990253253449e-01
1.927391788328858963e-02 -8.750792904432899144e-01
1.945225724971403128e-02 -9.061185974277028432e-01
1.963224676997999199e-02 -9.377362914900517765e-01
1.981390171277197521e-02 -9.714444050651773743e-01
1.999723748805487533e-02 -1.003394466861653234e+00
2.018226964838025148e-02 -1.032927166811697717e+00
2.036901389020563669e-02 -1.062703839821051321e+00
2.055748605522611516e-02 -1.091554477400880074e+00
2.074770213171815009e-02 -1.118096322932656150e+00
2.093967825589591880e-02 -1.146527250170977119e+00
2.113343071328015188e-02 -1.178091529647778746e+00
2.132897594007963568e-02 -1.207310281780174410e+00
2.152633052458553450e-02 -1.232330293753061357e+00
2.172551120857858092e-02 -1.255746816603567684e+00
2.192653488874928697e-02 -1.277155416572780755e+00
2.212941861813133224e-02 -1.295987157813177859e+00
2.233417960754816023e-02 -1.315018734397274125e+00
2.254083522707301182e-02 -1.333253431852280402e+00
2.274940300750243408e-02 -1.347628884112491487e+00
2.295990064184343440e-02 -1.360335945743012198e+00
2.317234598681440494e-02 -1.373092648044771824e+00
2.338675706435991430e-02 -1.384399244741019608e+00
2.360315206317952982e-02 -1.394710578040406102e+00
2.382154934027079160e-02 -1.403719301545979237e+00
2.404196742248643215e-02 -1.408643331404643817e+00
2.426442500810605668e-02 -1.411012146636478226e+00
2.448894096842231527e-02 -1.412804421877899452e+00
2.471553434934177854e-02 -1.412377384096427768e+00
2.494422437300061746e-02 -1.409667579284974437e+00
2.517503043939524690e-02 -1.405560855008690879e+00
2.540797212802803351e-02 -1.400550610205915536e+00
2.564306919956825179e-02 -1.396042317315636661e+00
2.588034159752838903e-02 -1.389154578951427021e+00
2.611980944995599685e-02 -1.374558651422926214e+00
2.636149307114114479e-02 -1.353046499678413950e+00
2.660541296333971892e-02 -1.330134997731312385e+00
2.685158981851264517e-02 -1.310931801993972634e+00
2.710004452008120401e-02 -1.294193059375890575e+00
2.735079814469858900e-02 -1.272777176978605151e+00
2.760387196403787588e-02 -1.243459118202748126e+00
2.785928744659650277e-02 -1.208915470395690139e+00
2.811706625951746613e-02 -1.172997411641873100e+00
2.837723027042736781e-02 -1.137339435088062123e+00
2.863980154929147287e-02 -1.099958613552796782e+00
2.890480237028591678e-02 -1.060193008385495128e+00
2.917225521368724955e-02 -1.020494928308896432e+00
2.944218276777946230e-02 -9.847004696176364646e-01
2.971460793077864565e-02 -9.524808693824290406e-01
2.998955381277548446e-02 -9.200415602210756383e-01
3.026704373769569315e-02 -8.871141759130508619e-01
3.054710124527861351e-02 -8.535930721868066895e-01
3.082975009307412084e-02 -8.190793036161653218e-01
3.111501425845798752e-02 -7.837575371778947586e-01
3.140291794066590869e-02 -7.493478260430815885e-01
3.169348556284636020e-02 -7.172912428960882547e-01
3.198674177413242392e-02 -6.883227871863065728e-01
3.228271145173278872e-02 -6.650501049168209278e-01
3.258141970304215262e-02 -6.481480634862748502e-01
3.288289186777100526e-02 -6.367459258354891682e-01
3.318715352009542208e-02 -6.270396672905925728e-01
3.349423047082630139e-02 -6.156586611601155834e-01
3.380414876959907111e-02 -6.025746748487905702e-01
3.411693470708346276e-02 -5.888639563179423053e-01
3.443261481721378997e-02 -5.751292682579930426e-01
3.475121587943982154e-02 -5.619295782470902223e-01
3.507276492099854759e-02 -5.486067856432194079e-01
3.539728921920688026e-02 -5.336767615822105570e-01
3.572481630377564998e-02 -5.173293800191934855e-01
3.605537395914496651e-02 -5.003110246108404269e-01
3.638899022684118773e-02 -4.852463641421554952e-01
3.672569340785573205e-02 -4.752438190364833281e-01
3.706551206504585944e-02 -4.699030421811162261e-01
3.740847502555770532e-02 -4.679692043799286716e-01
3.775461138327167870e-02 -4.718126691353710100e-01
3.810395050127058508e-02 -4.841516565719132248e-01
3.845652201433046730e-02 -5.052577279007191002e-01
3.881235583143457374e-02 -5.345052199569364504e-01
3.917148213831057185e-02 -5.725081061067817112e-01
3.953393139999124284e-02 -6.223811469934085183e-01
3.989973436339881718e-02 -6.888746343106035841e-01
4.026892205995331875e-02 -7.714367797638194135e-01
4.064152580820495214e-02 -8.639508655336218812e-01
4.101757721649090110e-02 -9.622357104296490604e-01
4.139710818561669753e-02 -1.065600131569726772e+00
4.178015091156239008e-02 -1.175609581769963219e+00
4.216673788821375529e-02 -1.288043076475418713e+00
4.255690191011881479e-02 -1.395206888870700102e+00
4.295067607526977665e-02 -1.496085037572232324e+00
4.334809378791082413e-02 -1.588988057214584249e+00
4.374918876137179335e-02 -1.666975591468383033e+00
4.415399502092812872e-02 -1.725827345999540352e+00
4.456254690668726842e-02 -1.764358421005996602e+00
4.497487907650175171e-02 -1.781443232197713833e+00
4.539102650890927682e-02 -1.773548890449439419e+00
4.581102450609998017e-02 -1.735500963154220644e+00
4.623490869691111727e-02 -1.661518690500413120e+00
4.666271503984954078e-02 -1.544186788761888307e+00
4.709447982614205913e-02 -1.378827677576976551e+00
4.753023968281406414e-02 -1.169588019321846195e+00
4.797003157579664973e-02 -9.224248972239716959e-01
4.841389281306245074e-02 -6.351495268855964493e-01
4.886186104779052797e-02 -3.088891966280747914e-01
4.931397428156051449e-02 5.170005152424238248e-02
4.977027086757634250e-02 4.455263083197061880e-01
5.023078951391975189e-02 8.666218404793876173e-01
5.069556928683396219e-02 1.308613138590456249e+00
5.116464961403770217e-02 1.768190990502472415e+00
5.163807028806986776e-02 2.239756381686151876e+00
5.211587146966519674e-02 2.712829492012238664e+00
5.259809369116114075e-02 3.174574986055177295e+00
5.308477785993622605e-02 3.617493840744743672e+00
5.357596526188031921e-02 4.040681132803316089e+00
5.407169756489689505e-02 4.440507567870269234e+00
5.457201682243782020e-02 4.804411952142118913e+00
5.507696547707074258e-02 5.122530126047017518e+00
5.558658636407956544e-02 5.384631498482285394e+00
5.610092271509817263e-02 5.578143501862963483e+00
5.662001816177784919e-02 5.701937255647722580e+00
5.714391673948858441e-02 5.766339025677519103e+00
5.767266289105461158e-02 5.768322247979146944e+00
5.820630147052456571e-02 5.694372402238809805e+00
5.874487774697647463e-02 5.543560354035516724e+00
5.928843740835800652e-02 5.323121846013631142e+00
5.983702656536217523e-02 5.038780294583885322e+00
6.039069175533900991e-02 4.697909612018033698e+00
6.094947994624332760e-02 4.310015919907444371e+00
6.151343854061908090e-02 3.883696056973671151e+00
6.208261537962055793e-02 3.435548029383465707e+00
6.265705874707079570e-02 2.984257291546447366e+00
6.323681737355757448e-02 2.547103900368417051e+00
6.382194044056720139e-02 2.142711473710601666e+00
6.441247758465670770e-02 1.777417552037502180e+00
6.500847890166451537e-02 1.452056209755996807e+00
6.560999495096016265e-02 1.167820940138591501e+00
6.621707675973323437e-02 9.406646395436616404e-01
6.682977582732212152e-02 7.897679388250705701e-01
6.744814412958269334e-02 7.147147643621131197e-01
6.807223412329750645e-02 7.070489510111375164e-01
6.870209875062577298e-02 7.621051058596323147e-01
6.933779144359443480e-02 8.771048141130254328e-01
6.997936612863091266e-02 1.039953481581825878e+00
7.062687723113772464e-02 1.235613798410413411e+00
7.128037968010941805e-02 1.454075687964387242e+00
7.193992891279228641e-02 1.684478008721415065e+00
7.260558087938712157e-02 1.912025036259032307e+00
7.327739204779559756e-02 2.124331470762298668e+00
7.395541940841038331e-02 2.319966723856119462e+00
7.463972047894983086e-02 2.498659592859038714e+00
7.533035330933711415e-02 2.650054902462628093e+00
7.602737648662480363e-02 2.760855541838678207e+00
7.673084913996473799e-02 2.813164423185492868e+00
7.744083094562408121e-02 2.779867377222705382e+00
7.815738213204771745e-02 2.638296445252380718e+00
7.888056348496745585e-02 2.377778641961015182e+00
7.961043635255853068e-02 1.996855571228026260e+00
8.034706265064388286e-02 1.507721381137339778e+00
8.109050486794652790e-02 9.405983639610246971e-01
8.184082607139045451e-02 3.227509252682269070e-01
8.259808991145077550e-02 -3.168741700512956450e-01
8.336236062755317255e-02 -9.370580696818483490e-01
8.413370305352339817e-02 -1.495458345209222273e+00
8.491218262308725118e-02 -1.949329919077802176e+00
8.569786537542128935e-02 -2.273494466894905752e+00
8.649081796075511197e-02 -2.453685646992518343e+00
8.729110764602522610e-02 -2.483021443617305923e+00
8.809880232058149574e-02 -2.374764804424995823e+00
8.891397050194617402e-02 -2.156068769549400965e+00
8.973668134162636478e-02 -1.859469422886061984e+00
9.056700463098016352e-02 -1.514401295029512484e+00
9.140501080713717141e-02 -1.141797758740041413e+00
9.225077095897371571e-02 -7.591197092060490981e-01
9.310435683314341460e-02 -3.723218703874131008e-01
9.396584084016346150e-02 2.605549379967826706e-02
9.483529606055735028e-02 4.430727088159603366e-01
9.571279625105433286e-02 8.713855344127128255e-01
9.659841585084624760e-02 1.280749301359645598e+00
9.749222998790231520e-02 1.620493244287063650e+00
9.839431448534229074e-02 1.829031095999778422e+00
9.930474586786862401e-02 1.847304823073404156e+00
1.002236013682581001e-01 1.637812254091069342e+00
1.011509589339136261e-01 1.197801598086747799e+00
1.020868972334765118e-01 5.600410068875278924e-01
1.030314956635000612e-01 -2.142575926500125405e-01
1.039848343551848381e-01 -1.047429517905179353e+00
1.049469941811762563e-01 -1.834273340138605768e+00
1.059180567624251473e-01 -2.460887081788114550e+00
1.068981044751116660e-01 -2.846115262663262868e+00
1.078872204576332705e-01 -2.953486088053582037e+00
1.088854886176578857e-01 -2.794468916069956066e+00
1.098929936392411960e-01 -2.422561789227056117e+00
1.109098209900108989e-01 -1.914627569744666635e+00
1.119360569284169327e-01 -1.364246196574291581e+00
1.129717885110488318e-01 -8.671485306327463283e-01
1.140171036000208610e-01 -4.881813130241564047e-01
1.150720908704253725e-01 -2.427494792202325447e-01
1.161368398178553030e-01 -9.170819063696065976e-02
1.172114407659960583e-01 2.817089917530602936e-02
1.182959848742878711e-01 1.579343207405594363e-01
1.193905641456588368e-01 2.928986690312456176e-01
1.204952714343296982e-01 3.830633299032648598e-01
1.216102004536907116e-01 3.580405056880222037e-01
1.227354457842514679e-01 1.626743794944827126e-01
1.238711028816642246e-01 -2.159967507977753054e-01
1.250172680848215256e-01 -7.354259623003016610e-01
1.261740386240287060e-01 -1.305544812931046295e+00
1.273415126292520017e-01 -1.817493622537975639e+00
1.285197891384431412e-01 -2.181273959036413856e+00
1.297089681059406807e-01 -2.352116088299011754e+00
1.309091504109492210e-01 -2.332348170218805361e+00
1.321204378660972845e-01 -2.166169266914510949e+00
1.333429332260739619e-01 -1.923007568191531513e+00
1.345767401963457455e-01 -1.666177984782186261e+00
1.358219634419541022e-01 -1.434272486164608562e+00
1.370787085963940943e-01 -1.239409934094294341e+00
1.383470822705755443e-01 -1.071998080454623858e+00
1.396271920618668561e-01 -9.158420392294006618e-01
1.409191465632226581e-01 -7.653240121829623099e-01
1.422230553723957402e-01 -6.297249065388083045e-01
1.435390291012345054e-01 -5.269063639204986105e-01
1.448671793850661305e-01 -4.715447375239844030e-01
1.462076188921667408e-01 -4.624223901670633241e-01
1.475604613333192650e-01 -4.803338230967691413e-01
1.489258214714594686e-01 -5.007459866707613116e-01
1.503038151314115001e-01 -5.035758835529434707e-01
1.516945592097135032e-01 -4.787479103408336378e-01
1.530981716845338514e-01 -4.284136877742260596e-01
1.545147716256795034e-01 -3.646364367953175978e-01
1.559444792046968120e-01 -3.036781471916973896e-01
1.573874157050657585e-01 -2.580898808241008369e-01
1.588437035324885005e-01 -2.296350476944358787e-01
1.603134662252732601e-01 -2.116926315283910454e-01
1.617968284648141075e-01 -1.952997877685081762e-01
1.632939160861678896e-01 -1.732026756929233580e-01
1.648048560887288572e-01 -1.425132110231899785e-01
1.663297766470022421e-01 -1.050582641947058055e-01
1.678688071214773092e-01 -6.538795307992334438e-02
1.694220780696012729e-01 -2.812881081493801005e-02
1.709897212568544100e-01 3.725964914097370725e-03
1.725718696679281183e-01 2.882345370993330894e-02
1.741686575180058927e-01 4.665414771943088984e-02
1.757802202641490508e-01 5.738173641091772609e-02
1.774066946167877357e-01 6.177181288563205613e-02
1.790482185513180002e-01 6.101758054861167180e-02
1.807049313198066387e-01 5.685211231765693873e-02
1.823769734628039041e-01 5.143219059530277498e-02
1.840644868212657215e-01 4.646748940873637879e-02
1.857676145485862573e-01 4.266838084823748600e-02
1.874865011227417610e-01 4.008533813735348089e-02
1.892212923585466500e-01 3.847797048416062154e-02
1.909721354200232812e-01 3.748540314826159098e-02
1.927391788328859101e-01 3.672717117384820262e-02
1.945225724971403058e-01 3.588061418939091779e-02
1.963224676997999407e-01 3.473068453308838371e-02
1.981390171277197521e-01 3.318882203541442810e-02
1.999723748805487533e-01 3.128303172475978278e-02
2.018226964838024939e-01 2.912555899896584685e-02
2.036901389020563946e-01 2.687016936475911111e-02
2.055748605522611239e-01 2.466982468747335247e-02
2.074770213171814870e-01 2.264344951757075661e-02
2.093967825589591880e-01 2.085787824063840487e-02
2.113343071328015188e-01 1.932552582953105808e-02
2.132897594007963638e-01 1.801479888195572920e-02
2.152633052458553520e-01 1.686816586656280856e-02
2.172551120857857954e-01 1.582175929830911126e-02
2.192653488874928835e-01 1.482179940882539029e-02
2.212941861813133015e-01 1.383455713667730048e-02
2.233417960754816023e-01 1.284881961671419277e-02
2.254083522707301113e-01 1.187203826401660341e-02
2.274940300750243338e-01 1.092290680455354490e-02
2.295990064184343371e-01 1.002309991762473894e-02
2.317234598681440494e-01 9.190294883012373184e-03
2.338675706435991430e-01 8.434098350272948783e-03
2.360315206317953052e-01 7.755372479357273453e-03
2.382154934027078952e-01 7.147971471832719088e-03
2.404196742248643215e-01 6.601838486820109028e-03
2.426442500810605807e-01 6.106292658061088403e-03
2.448894096842231527e-01 5.652402782708944480e-03
2.471553434934177784e-01 5.234114131026354477e-03
2.494422437300061746e-01 4.848115385574999076e-03
2.517503043939524621e-01 4.492920849779715418e-03
2.540797212802803351e-01 4.167749172591240017e-03
2.564306919956825248e-01 3.871525337731546515e-03
2.588034159752838903e-01 3.602438789470360087e-03
2.611980944995599963e-01 3.358014210618398467e-03
2.636149307114114548e-01 3.135458096297837581e-03
2.660541296333971961e-01 2.932101202283666271e-03
2.685158981851264448e-01 2.745728749120061787e-03
2.710004452008120124e-01 2.574697014673895269e-03
2.735079814469859039e-01 2.417843407437091259e-03
2.760387196403787935e-01 2.274287910946147344e-03
2.785928744659650347e-01 2.143253765994071035e-03
2.811706625951746474e-01 2.023931522408589558e-03
2.837723027042736712e-01 1.915423814267469939e-03
2.863980154929147148e-01 1.816743095295063077e-03
2.890480237028591470e-01 1.726932007398290347e-03
2.917225521368724817e-01 1.645300865786980451e-03
2.944218276777946230e-01 1.571159783748555779e-03
2.971460793077864704e-01 1.503611510766677184e-03
2.998955381277548238e-01 1.441788882841555123e-03
3.026704373769569245e-01 1.384972394203051651e-03
3.054710124527861281e-01 1.332548282188875588e-03
3.082975009307412084e-01 1.284005394195697090e-03
3.111501425845799029e-01 1.238904074198196072e-03
3.140291794066590869e-01 1.196883181232462779e-03
3.169348556284636298e-01 1.157635516610103178e-03
3.198674177413242115e-01 1.120919825230478522e-03
3.228271145173279288e-01 1.086520340461567900e-03
3.258141970304215262e-01 1.054274504865326204e-03
3.288289186777104134e-01 1.024021994752957916e-03
3.318715352009545816e-01 9.956138038354133898e-04
3.349423047082633609e-01 9.688954982792906574e-04
3.380414876959910719e-01 9.437043415480796029e-04
3.411693470708350162e-01 9.198730688590696846e-04
3.443261481721382467e-01 8.972239379830890390e-04
3.475121587943982293e-01 8.755994160749378669e-04
3.507276492099854481e-01 8.548490989840515060e-04
3.539728921920687887e-01 8.348485405292359676e-04
3.572481630377565276e-01 8.155058186857896312e-04
3.605537395914496512e-01 7.967482044291088498e-04
3.638899022684118911e-01 7.785410822790320021e-04
3.672569340785573067e-01 7.608627710471507766e-04
3.706551206504586360e-01 7.437050095864605271e-04
3.740847502555770254e-01 7.270561638764180910e-04
3.775461138327168009e-01 7.109048188710694180e-04
3.810395050127058925e-01 6.952205649407224323e-04
3.845652201433046868e-01 6.799807895811963831e-04
3.881235583143457513e-01 6.651447841677457116e-04
3.917148213831057602e-01 6.506692547608532422e-04
3.953393139999124006e-01 6.365330492206062139e-04
3.989973436339881996e-01 6.227208005380006905e-04
4.026892205995331597e-01 6.091949750069123063e-04
4.064152580820494798e-01 5.959447922719609799e-04
4.101757721649089694e-01 5.829840113871804109e-04
4.139710818561669892e-01 5.702408523087567358e-04
4.178015091156238592e-01 5.576725639766833302e-04
4.216673788821375668e-01 5.453808870594969689e-04
4.255690191011881063e-01 5.334210505602439943e-04
4.295067607526977249e-01 5.217174859687345387e-04
4.334809378791081858e-01 5.101850261960108775e-04
4.374918876137179335e-01 4.987805165534031247e-04
4.415399502092812734e-01 4.875735366424364232e-04
4.456254690668726703e-01 4.766426580279392068e-04
4.497487907650175032e-01 4.659828786696433231e-04
4.539102650890927682e-01 4.555401648999152751e-04
4.581102450609997878e-01 4.452832077104295163e-04
4.623490869691112004e-01 4.351904162452435265e-04
4.666271503984954494e-01 4.252345413910646574e-04
4.709447982614206052e-01 4.154083451960609492e-04
4.753023968281406275e-01 4.057453157005040949e-04
4.797003157579664556e-01 3.963004859331919431e-04
4.841389281306244796e-01 3.870910128640806208e-04
4.886186104779052797e-01 3.781045002689606806e-04
4.931397428156051865e-01 3.693144681550623865e-04
4.977027086757634389e-01 3.607078401076276031e-04
