5.023078951391972766e-05 7.065163292932752642e-06
5.069556928683388889e-05 7.318795686791192239e-06
5.116464961403767209e-05 7.581182864730615079e-06
5.163807028806978715e-05 7.852813311460537867e-06
5.211587146966517408e-05 8.133900803728001748e-06
5.259809369116105792e-05 8.424816652746248787e-06
5.308477785993620074e-05 8.725811905816102529e-06
5.357596526188023334e-05 9.037184442733416767e-06
5.407169756489686838e-05 9.359445367565917586e-06
5.457201682243774209e-05 9.692941452832652021e-06
5.507696547707072019e-05 1.003758308443421988e-05
5.558658636407947621e-05 1.039440483002802822e-05
5.610092271509814368e-05 1.076340813221861709e-05
5.662001816177776272e-05 1.114523134278678435e-05
5.714391673948855254e-05 1.154029162734330974e-05
5.767266289105452040e-05 1.194877979728038076e-05
5.820630147052453362e-05 1.237141100401375702e-05
5.874487774697638518e-05 1.280823400614429242e-05
5.928843740835797296e-05 1.326047717031844067e-05
5.983702656536208243e-05 1.372759192846823221e-05
6.039069175533898090e-05 1.421046817146281413e-05
6.094947994624323197e-05 1.471025214487182184e-05
6.151343854061905325e-05 1.522654554537039329e-05
6.208261537962046349e-05 1.576059950317013750e-05
6.265705874707077272e-05 1.631273840172253728e-05
6.323681737355747149e-05 1.688335070375808814e-05
6.382194044056716117e-05 1.747357194925374277e-05
6.441247758465660166e-05 1.808335725429287318e-05
6.500847890166448447e-05 1.871373851998179392e-05
6.560999495096006865e-05 1.936552760337797383e-05
6.621707675973320618e-05 2.003877105672260416e-05
6.682977582732201624e-05 2.073473701365246798e-05
6.744814412958265366e-05 2.145364720218605905e-05
6.807223412329740388e-05 2.219689568228931875e-05
6.870209875062573948e-05 2.296436396595108621e-05
6.933779144359432660e-05 2.375748366564221138e-05
6.997936612863088740e-05 2.457712609080600787e-05
7.062687723113762230e-05 2.542399718096538839e-05
7.128037968010938271e-05 2.629801866046178793e-05
7.193992891279217604e-05 2.720144992801306548e-05
7.260558087938708525e-05 2.813445268746950925e-05
7.327739204779548296e-05 2.909848828952059103e-05
7.395541940841035122e-05 3.009369360306085185e-05
7.463972047894970900e-05 3.112205286464107503e-05
7.533035330933708054e-05 3.218382901229499603e-05
7.602737648662468122e-05 3.327988067168711686e-05
7.673084913996470135e-05 3.441123286779369193e-05
7.744083094562397159e-05 3.557889125670396784e-05
7.815738213204768861e-05 3.678441722107206156e-05
7.888056348496733539e-05 3.802846169586533210e-05
7.961043635255848851e-05 3.931181044344717848e-05
8.034706265064376881e-05 4.063560756165081691e-05
8.109050486794647857e-05 4.200119824805189928e-05
8.184082607139033080e-05 4.341006119846422374e-05
8.259808991145073235e-05 4.486218984165660765e-05
8.336236062755304006e-05 4.635991055173758064e-05
8.413370305352336012e-05 4.790399697257941497e-05
8.491218262308711999e-05 4.949579216991473413e-05
8.569786537542125422e-05 5.113644638205010412e-05
8.649081796075497601e-05 5.282705202340009474e-05
8.729110764602517904e-05 5.456949061040949504e-05
8.809880232058136021e-05 5.636430459411478016e-05
8.891397050194612133e-05 5.821347737595971189e-05
8.973668134162622167e-05 6.011814878541298855e-05
9.056700463098011755e-05 6.207927472453081668e-05
9.140501080713702852e-05 6.409912106247145987e-05
9.225077095897366963e-05 6.617811142030081734e-05
9.310435683314326931e-05 6.831834609594838754e-05
9.396584084016341878e-05 7.052054447671266739e-05
9.483529606055720999e-05 7.278747393394001852e-05
9.571279625105427573e-05 7.511970715417969253e-05
9.659841585084609408e-05 7.751817778405047381e-05
9.749222998790226565e-05 7.998532935208308239e-05
9.839431448534213939e-05 8.252276377703396241e-05
9.930474586786856308e-05 8.513141991054217806e-05
1.002236013682579583e-04 8.781381864183108966e-05
1.011509589339134820e-04 9.057043611023434622e-05
1.020868972334763565e-04 9.340377127815946271e-05
1.030314956634999056e-04 9.631537407052028876e-05
1.039848343551846730e-04 9.930634834723938765e-05
1.049469941811760989e-04 1.023777295917007607e-04
1.059180567624249856e-04 1.055326813707134373e-04
1.068981044751114967e-04 1.087711986282592728e-04
1.078872204576332200e-04 1.120967291129200286e-04
1.088854886176578347e-04 1.155085461241195388e-04
1.098929936392411427e-04 1.190122313789072363e-04
1.109098209900108428e-04 1.226047309165419251e-04
1.119360569284168759e-04 1.262905521788892677e-04
1.129717885110487723e-04 1.300697077246137944e-04
1.140171036000207905e-04 1.339447633152437663e-04
1.150720908704253189e-04 1.379151513845185920e-04
1.161368398178552329e-04 1.419818656018937461e-04
1.172114407659959940e-04 1.461454331407513788e-04
1.182959848742878010e-04 1.504094883705016752e-04
1.193905641456587704e-04 1.547735969135781398e-04
1.204952714343296340e-04 1.592386999114077167e-04
1.216102004536906569e-04 1.638055790217380215e-04
1.227354457842514009e-04 1.684748237352346183e-04
1.238711028816641597e-04 1.732484944126780671e-04
1.250172680848214582e-04 1.781242311485129728e-04
1.261740386240286192e-04 1.831041294760262146e-04
1.273415126292519537e-04 1.881906444742273204e-04
1.285197891384430753e-04 1.933796991497800687e-04
1.297089681059405996e-04 1.986729765660251738e-04
1.309091504109491746e-04 2.040724383256918171e-04
1.321204378660972237e-04 2.095758027083357395e-04
1.333429332260738904e-04 2.151828131277048312e-04
1.345767401963456707e-04 2.208931781431521402e-04
1.358219634419540367e-04 2.267075702491245419e-04
1.370787085963940223e-04 2.326221989281598162e-04
1.383470822705754793e-04 2.386383429124184325e-04
1.396271920618667869e-04 2.447543922168346616e-04
1.409191465632225878e-04 2.509686320001378382e-04
1.422230553723956845e-04 2.572810088590645155e-04
1.435390291012344252e-04 2.636867129879493432e-04
1.448671793850660400e-04 2.701837683978067120e-04
1.462076188921666593e-04 2.767712027075616026e-04
1.475604613333191787e-04 2.834450422780589911e-04
1.489258214714593792e-04 2.902035707347525354e-04
1.503038151314114394e-04 2.970424703527663039e-04
1.516945592097134355e-04 3.039577210598191567e-04
1.530981716845337536e-04 3.109421561378794053e-04
1.545147716256794134e-04 3.179924844145446241e-04
1.559444792046967400e-04 3.251034218835643051e-04
1.573874157050656830e-04 3.322681055737349053e-04
1.588437035324884346e-04 3.394865328426597065e-04
1.603134662252731857e-04 3.467487408677702031e-04
1.617968284648140247e-04 3.540466129498248530e-04
1.632939160861678171e-04 3.613708952349989432e-04
1.648048560887287726e-04 3.687214722153610747e-04
1.663297766470021616e-04 3.760864695374745246e-04
1.678688071214772372e-04 3.834556344847498896e-04
1.694220780696011769e-04 3.908162102649511685e-04
1.709897212568543161e-04 3.981646963473053978e-04
1.725718696679280292e-04 4.054885898937397220e-04
1.741686575180057981e-04 4.127762460992125755e-04
1.757802202641489621e-04 4.200167766793012208e-04
1.774066946167876340e-04 4.271971737480162825e-04
1.790482185513179233e-04 4.343014111119890708e-04
1.807049313198065489e-04 4.413179713121622555e-04
1.823769734628037913e-04 4.482316711841391357e-04
1.840644868212656232e-04 4.550293809850675737e-04
1.857676145485861856e-04 4.616952138684110758e-04
1.874865011227416648e-04 4.682087988057475822e-04
1.892212923585465481e-04 4.745544521651376044e-04
1.909721354200231774e-04 4.807145967964867195e-04
1.927391788328858225e-04 4.866685667190768280e-04
1.945225724971402217e-04 4.924053026745797484e-04
1.963224676997998364e-04 4.979059110053916590e-04
1.981390171277196339e-04 5.031477903655711802e-04
1.999723748805486438e-04 5.081139421666053995e-04
2.018226964838024009e-04 5.127820696270317174e-04
2.036901389020562758e-04 5.171302680677336778e-04
2.055748605522610226e-04 5.211391963884348102e-04
2.074770213171813838e-04 5.247844094682966535e-04
2.093967825589591067e-04 5.280413502147759432e-04
2.113343071328014028e-04 5.308853911126901236e-04
2.132897594007962582e-04 5.332901806068008482e-04
2.152633052458552464e-04 5.352329316286787847e-04
2.172551120857856867e-04 5.366873731697508441e-04
2.192653488874927710e-04 5.376240855776241983e-04
2.212941861813132042e-04 5.380164522291160187e-04
2.233417960754814700e-04 5.378388087949229719e-04
2.254083522707299957e-04 5.370622036003222998e-04
2.274940300750242182e-04 5.356554221926092220e-04
2.295990064184342335e-04 5.335954059754759908e-04
2.317234598681439486e-04 5.308625230269310106e-04
2.338675706435990400e-04 5.274373321724048829e-04
2.360315206317952072e-04 5.232948927320576517e-04
2.382154934027077783e-04 5.184171668934461864e-04
2.404196742248642152e-04 5.127763673594260257e-04
2.426442500810604638e-04 5.063473659518996249e-04
2.448894096842230486e-04 4.991112794450914148e-04
2.471553434934176704e-04 4.910404564949698509e-04
2.494422437300060683e-04 4.821131619059618872e-04
2.517503043939523389e-04 4.723086399094976288e-04
2.540797212802799600e-04 4.615997479815312963e-04
2.564306919956823639e-04 4.499707953064279765e-04
2.588034159752835108e-04 4.373972391097688908e-04
2.611980944995598449e-04 4.238623651097791090e-04
2.636149307114110576e-04 4.093491513418266985e-04
2.660541296333970591e-04 3.938485014020714201e-04
2.685158981851260332e-04 3.773606435872282482e-04
2.710004452008118992e-04 3.598916601122633947e-04
2.735079814469854585e-04 3.414473936866218619e-04
2.760387196403786352e-04 3.220309853565089028e-04
2.785928744659646244e-04 3.016476840167000456e-04
2.811706625951744943e-04 2.803040491974788189e-04
2.837723027042732206e-04 2.580084698099247963e-04
2.863980154929145596e-04 2.347669189544425385e-04
2.890480237028587147e-04 2.105944774187067374e-04
2.917225521368723654e-04 1.855015777688809949e-04
2.944218276777941460e-04 1.595063420748035830e-04
2.971460793077862809e-04 1.326286370304701541e-04
2.998955381277543806e-04 1.048926296798859082e-04
3.026704373769567558e-04 7.632947535652805972e-05
3.054710124527856862e-04 4.698991484730190440e-05
3.082975009307410805e-04 1.694070643032091801e-05
3.111501425845793981e-04 -1.375433134907815390e-05
3.140291794066589742e-04 -4.503527246578709959e-05
3.169348556284631532e-04 -7.683948326416513625e-05
3.198674177413240549e-04 -1.091032820506614880e-04
3.228271145173274015e-04 -1.417655650166946139e-04
3.258141970304213376e-04 -1.747596330007502577e-04
3.288289186777098899e-04 -2.080161321343218712e-04
3.318715352009544311e-04 -2.414608992181871980e-04
3.349423047082628730e-04 -2.750218880810498560e-04
3.380414876959908759e-04 -3.086153286892624249e-04
3.411693470708344737e-04 -3.421496008630559591e-04
3.443261481721376959e-04 -3.755032848731499847e-04
3.475121587943980571e-04 -4.085496363212046795e-04
3.507276492099853089e-04 -4.411663607381848722e-04
3.539728921920686291e-04 -4.732395843139759750e-04
3.572481630377563155e-04 -5.046584320539813017e-04
3.605537395914494461e-04 -5.353175310817977857e-04
3.638899022684116756e-04 -5.651080931045213097e-04
3.672569340785571189e-04 -5.939293594542841394e-04
3.706551206504584361e-04 -6.216759649700474713e-04
3.740847502555768537e-04 -6.482502537355652825e-04
3.775461138327166157e-04 -6.735408753155909837e-04
3.810395050127056535e-04 -6.974162658995856261e-04
3.845652201433044800e-04 -7.197201606776038995e-04
3.881235583143455314e-04 -7.403056881102316848e-04
3.917148213831055581e-04 -7.590498565693372997e-04
3.953393139999122029e-04 -7.758382904860660224e-04
3.989973436339879658e-04 -7.905762259059877922e-04
4.026892205995329641e-04 -8.031749427278911174e-04
4.064152580820493067e-04 -8.135607954089401662e-04
4.101757721649087638e-04 -8.216595477606603720e-04
4.139710818561667671e-04 -8.274127975921348336e-04
4.178015091156236623e-04 -8.307309069648194464e-04
4.216673788821373339e-04 -8.314881236950735170e-04
4.255690191011879072e-04 -8.295631211008538041e-04
4.295067607526975085e-04 -8.248656322913578733e-04
4.334809378791080114e-04 -8.173473254456823994e-04
4.374918876137176907e-04 -8.069740242876150124e-04
4.415399502092810661e-04 -7.937364938222954110e-04
4.456254690668724240e-04 -7.776406046889376093e-04
4.497487907650172460e-04 -7.587059047740363259e-04
4.539102650890925188e-04 -7.369386243295544424e-04
4.581102450609995588e-04 -7.122735216355311318e-04
4.623490869691109775e-04 -6.846174472768057568e-04
4.666271503984952018e-04 -6.539197022050475660e-04
4.709447982614203398e-04 -6.201924352442553376e-04
4.753023968281404267e-04 -5.834692821598758475e-04
4.797003157579662197e-04 -5.438252365816129748e-04
4.841389281306242276e-04 -5.013554339048223235e-04
4.886186104779050065e-04 -4.561607305154693473e-04
4.931397428156048934e-04 -4.082637424044574808e-04
4.977027086757631865e-04 -3.575913275434509518e-04
5.023078951391972630e-04 -3.040615126708494050e-04
5.069556928683394310e-04 -2.476640835172631253e-04
5.116464961403767615e-04 -1.884564689507254329e-04
5.163807028806984001e-04 -1.265280460751629099e-04
5.211587146966517679e-04 -6.200505792704922518e-05
5.259809369116111213e-04 4.993847587193621020e-06
5.308477785993620480e-04 7.445003991136909800e-05
5.357596526188028755e-04 1.464859592120069606e-04
5.407169756489687380e-04 2.212385915379453207e-04
5.457201682243779765e-04 2.987447069203595824e-04
5.507696547707071613e-04 3.789611072608507335e-04
5.558658636407953855e-04 4.618015722585166343e-04
5.610092271509814097e-04 5.471450646387801889e-04
5.662001816177782100e-04 6.349352773515929641e-04
5.714391673948855796e-04 7.253009060402331939e-04
5.767266289105457732e-04 8.184718090471610570e-04
5.820630147052453362e-04 9.145916339802638746e-04
5.874487774697645295e-04 1.013668417038908736e-03
5.928843740835797703e-04 1.115616859684619546e-03
5.983702656536214748e-04 1.220311942784723302e-03
6.039069175533897955e-04 1.327690348402764831e-03
6.094947994624330245e-04 1.437894626003285341e-03
6.151343854061905054e-04 1.551184925843545649e-03
6.208261537962052583e-04 1.667692705181924272e-03
6.265705874707077272e-04 1.787370897141310174e-03
6.323681737355754196e-04 1.910058300361164394e-03
6.382194044056716930e-04 2.035566234940017032e-03
6.441247758465667213e-04 2.163844532799307115e-03
6.500847890166448718e-04 2.295060858478512912e-03
6.560999495096013099e-04 2.429374312825142729e-03
6.621707675973320618e-04 2.566729252664445588e-03
6.682977582732208943e-04 2.706876656705592670e-03
6.744814412958265908e-04 2.849489304458773919e-03
6.807223412329747435e-04 2.994361112436283445e-03
6.870209875062573135e-04 3.141538212244305607e-03
6.933779144359439707e-04 3.291121186394310293e-03
6.997936612863087926e-04 3.442978543849166840e-03
7.062687723113768735e-04 3.596747277502081609e-03
7.128037968010938813e-04 3.751989239692372999e-03
7.193992891279217062e-04 3.908410080721408039e-03
7.260558087938709338e-04 4.066024993106458728e-03
7.327739204779548567e-04 4.224863281005806874e-03
7.395541940841035122e-04 4.384663458084683482e-03
7.463972047894970900e-04 4.544947850911962989e-03
7.533035330933707512e-04 4.705245378917411597e-03
7.602737648662468394e-04 4.865372422891523635e-03
7.673084913996469593e-04 5.025391636138724742e-03
7.744083094562396888e-04 5.185190598068495881e-03
7.815738213204768319e-04 5.344324448069633603e-03
7.888056348496733268e-04 5.502229485250113503e-03
7.961043635255849122e-04 5.658584506643033439e-03
8.034706265064376881e-04 5.813420828371764111e-03
8.109050486794647586e-04 5.966697900141208939e-03
8.184082607139033351e-04 6.117971801404535441e-03
8.259808991145073777e-04 6.266598129152749219e-03
8.336236062755303464e-04 6.412156419345962054e-03
8.413370305352335741e-04 6.554647674921565935e-03
8.491218262308711457e-04 6.693999654277429934e-03
8.569786537542125422e-04 6.829673842654431122e-03
8.649081796075497059e-04 6.960944324953892079e-03
8.729110764602518446e-04 7.087431249432024453e-03
8.809880232058135479e-04 7.209194491759809455e-03
8.891397050194612675e-04 7.326113069087207726e-03
8.973668134162622167e-04 7.437569546353601027e-03
9.056700463098011755e-04 7.542951219657431129e-03
9.140501080713703394e-04 7.642263716960141264e-03
9.225077095897367234e-04 7.735890531555634185e-03
9.310435683314326931e-04 7.823771687853987508e-03
9.396584084016341336e-04 7.905500281262526491e-03
9.483529606055720457e-04 7.981205185788466105e-03
9.571279625105428386e-04 8.051844987341325727e-03
9.659841585084609408e-04 8.118246939998820938e-03
9.749222998790225752e-04 8.180688690794345533e-03
9.839431448534212855e-04 8.239776009720386693e-03
9.930474586786856850e-04 8.297171594507900261e-03
1.002236013682579474e-03 8.354759483659600014e-03
1.011509589339135715e-03 8.413675218670341183e-03
1.020868972334763565e-03 8.475236094800197781e-03
1.030314956635000221e-03 8.541876085216741979e-03
1.039848343551846811e-03 8.616283965269349449e-03
1.049469941811762182e-03 8.700231310494844356e-03
1.059180567624249964e-03 8.795622059735445225e-03
1.068981044751116105e-03 8.905405603100442768e-03
1.078872204576332037e-03 9.032424925805904864e-03
1.088854886176579377e-03 9.178527060599505141e-03
1.098929936392411318e-03 9.345642173955321860e-03
1.109098209900109648e-03 9.536370167249010391e-03
1.119360569284168650e-03 9.752848468164741075e-03
1.129717885110488942e-03 9.995971160187031371e-03
1.140171036000207959e-03 1.026689052912693745e-02
1.150720908704254246e-03 1.056711784397029209e-02
1.161368398178552275e-03 1.089673090490516846e-02
1.172114407659961268e-03 1.125488203577749112e-02
1.182959848742877983e-03 1.164127507256391796e-02
1.193905641456588897e-03 1.205497792751622672e-02
1.204952714343296340e-03 1.249335142659991141e-02
1.216102004536907897e-03 1.295361675804990523e-02
1.227354457842514063e-03 1.343316517805564006e-02
1.238711028816642844e-03 1.392788837839940494e-02
1.250172680848214528e-03 1.443276023675933717e-02
1.261740386240287493e-03 1.494343727286963699e-02
1.273415126292519375e-03 1.545465698397071458e-02
1.285197891384430753e-03 1.595986404247503807e-02
1.297089681059406105e-03 1.645373789141396648e-02
1.309091504109491638e-03 1.693096502997804009e-02
1.321204378660972237e-03 1.738516619437502700e-02
1.333429332260738795e-03 1.781146487507877241e-02
1.345767401963456761e-03 1.820619267910578848e-02
1.358219634419540259e-03 1.856525770882293952e-02
1.370787085963940223e-03 1.888672268344408073e-02
1.383470822705754793e-03 1.917061578305726335e-02
1.396271920618668031e-03 1.941710571297106114e-02
1.409191465632225878e-03 1.962906488735324459e-02
1.422230553723956683e-03 1.981161441306314441e-02
1.435390291012344360e-03 1.996992345674031971e-02
1.448671793850660455e-03 2.011170659113396819e-02
1.462076188921666809e-03 2.024611148995232243e-02
1.475604613333191895e-03 2.038142461261857261e-02
1.489258214714593792e-03 2.052766422798265114e-02
1.503038151314114394e-03 2.069375971431140424e-02
1.516945592097134138e-03 2.088653250774342648e-02
1.530981716845337699e-03 2.111269722975129409e-02
1.545147716256794297e-03 2.137529895493209611e-02
1.559444792046967400e-03 2.167468022202664185e-02
1.573874157050656830e-03 2.200917021196550222e-02
1.588437035324884346e-03 2.237283473925473151e-02
1.603134662252731803e-03 2.275784272732619268e-02
1.617968284648140355e-03 2.315379493085283069e-02
1.632939160861678063e-03 2.354864072783754633e-02
1.648048560887287834e-03 2.393140815381251951e-02
1.663297766470021562e-03 2.429049069807044312e-02
1.678688071214772372e-03 2.461713750657563288e-02
1.694220780696011714e-03 2.490594137535641697e-02
1.709897212568543216e-03 2.515522298696462600e-02
1.725718696679280238e-03 2.536883714763655054e-02
1.741686575180057981e-03 2.555400335371458762e-02
1.757802202641489675e-03 2.572313122009195138e-02
1.774066946167876394e-03 2.589074778431042778e-02
1.790482185513179178e-03 2.607282232705294273e-02
1.807049313198065598e-03 2.628509160090653635e-02
1.823769734628038130e-03 2.653977904375594277e-02
1.840644868212656287e-03 2.684538938368591018e-02
1.857676145485861801e-03 2.720316524591213578e-02
1.874865011227416648e-03 2.760809218389298839e-02
1.892212923585465589e-03 2.804776369534774105e-02
1.909721354200231936e-03 2.850447471589863738e-02
1.927391788328858225e-03 2.895642643812346498e-02
1.945225724971402000e-03 2.938137321055788592e-02
1.963224676997998418e-03 2.975925237399082088e-02
1.981390171277196393e-03 3.007530068208720195e-02
1.999723748805486492e-03 3.032295705924676829e-02
2.018226964838023847e-03 3.050445038105495735e-02
2.036901389020562975e-03 3.063115995912309500e-02
2.055748605522610389e-03 3.072132536663626026e-02
2.074770213171814055e-03 3.079720578369153638e-02
2.093967825589591013e-03 3.088044031063048173e-02
2.113343071328013974e-03 3.098835335684830411e-02
2.132897594007962527e-03 3.112995355628500951e-02
2.152633052458552410e-03 3.130458387790668873e-02
2.172551120857856705e-03 3.150159108550487641e-02
2.192653488874927656e-03 3.170312957030558404e-02
2.212941861813132096e-03 3.188893140667349579e-02
2.233417960754814809e-03 3.204190425316558177e-02
2.254083522707299794e-03 3.215339489602191819e-02
2.274940300750242020e-03 3.222675562761517093e-02
2.295990064184342226e-03 3.227892900074629673e-02
2.317234598681439540e-03 3.233756297113242473e-02
2.338675706435990129e-03 3.243566161623619853e-02
2.360315206317949686e-03 3.260406188361814755e-02
2.382154934027077946e-03 3.286386198918434670e-02
2.404196742248639659e-03 3.322040764908847782e-02
2.426442500810604367e-03 3.366143104158368649e-02
2.448894096842227884e-03 3.415944593682435776e-02
2.471553434934176379e-03 3.467824226372350632e-02
2.494422437300057756e-03 3.518194770198426052e-02
2.517503043939523389e-03 3.564368767095807411e-02
2.540797212802799708e-03 3.605181028849302471e-02
2.564306919956823531e-03 3.641079513593129674e-02
2.588034159752835000e-03 3.673719738146496300e-02
2.611980944995598557e-03 3.705238465651847918e-02
2.636149307114110576e-03 3.737406623626328417e-02
2.660541296333970591e-03 3.771051831383124414e-02
2.685158981851260441e-03 3.806001357608528035e-02
2.710004452008118667e-03 3.841561359085245153e-02
2.735079814469854910e-03 3.877326982811515194e-02
2.760387196403786460e-03 3.913908453532676662e-02
2.785928744659646027e-03 3.953178230688261102e-02
2.811706625951745052e-03 3.997728255658188068e-02
2.837723027042732531e-03 4.049676982731567620e-02
2.863980154929145813e-03 4.109249104422704746e-02
2.890480237028587255e-03 4.173870529721661338e-02
2.917225521368723654e-03 4.238404598407458090e-02
2.944218276777941460e-03 4.296704799149716342e-02
2.971460793077862917e-03 4.344068156091394906e-02
2.998955381277543589e-03 4.379713241236684457e-02
3.026704373769567667e-03 4.408030715019263523e-02
3.054710124527856754e-03 4.437751568959508869e-02
3.082975009307410696e-03 4.478963085021035739e-02
3.111501425845793981e-03 4.539008695314786929e-02
3.140291794066589742e-03 4.618984330388022780e-02
3.169348556284631423e-03 4.712568269418711264e-02
3.198674177413240657e-03 4.808010365076346299e-02
3.228271145173274449e-03 4.892779132728876379e-02
3.258141970304213268e-03 4.958949960889778852e-02
3.288289186777099225e-03 5.006766886372012587e-02
3.318715352009544203e-03 5.044624775527952604e-02
3.349423047082628838e-03 5.085328464569841694e-02
3.380414876959908759e-03 5.140222473047365015e-02
3.411693470708344628e-03 5.214129776796486843e-02
3.443261481721380645e-03 5.303597581181251214e-02
3.475121587943980680e-03 5.399320377812562993e-02
3.507276492099856667e-03 5.491261120301728360e-02
3.539728921920686291e-03 5.573777325734436544e-02
3.572481630377566733e-03 5.648149153200305445e-02
3.605537395914494569e-03 5.721256510216121000e-02
3.638899022684120767e-03 5.801526349608730065e-02
3.672569340785571297e-03 5.894569397827056217e-02
3.706551206504587938e-03 6.000687021121087206e-02
3.740847502555768103e-03 6.115219176389910527e-02
3.775461138327169952e-03 6.231209840578536691e-02
3.810395050127056860e-03 6.342832787282584595e-02
3.845652201433048811e-03 6.448133576723651117e-02
3.881235583143455205e-03 6.550234844917554589e-02
3.917148213831059267e-03 6.656515515819315387e-02
3.953393139999122029e-03 6.775625465904915046e-02
3.989973436339883453e-03 6.913158547990390368e-02
4.026892205995329967e-03 7.067940674257218447e-02
4.064152580820497296e-03 7.231637049798823880e-02
4.101757721649087855e-03 7.393171968053323384e-02
4.139710818561672008e-03 7.546017247155598073e-02
4.178015091156236406e-03 7.693193317127568209e-02
4.216673788821373448e-03 7.845079831766299527e-02
4.255690191011879397e-03 8.010133133671232253e-02
4.295067607526975410e-03 8.185565550010584501e-02
4.334809378791079464e-03 8.356910198117448174e-02
4.374918876137176907e-03 8.509023903350886042e-02
4.415399502092810444e-03 8.640545016267055234e-02
4.456254690668724240e-03 8.768328967335105306e-02
4.497487907650172569e-03 8.915750587702239716e-02
4.539102650890925079e-03 9.093864615937960472e-02
4.581102450609995588e-03 9.292977905685233242e-02
4.623490869691109124e-03 9.493728613327626076e-02
4.666271503984952343e-03 9.687216916007089507e-02
4.709447982614203831e-03 9.883145106989375817e-02
4.753023968281404159e-03 1.009679189282814832e-01
4.797003157579662197e-03 1.032925038200986773e-01
4.841389281306242819e-03 1.056466695293289820e-01
4.886186104779049848e-03 1.078981287617856027e-01
4.931397428156049367e-03 1.101377969874081098e-01
4.977027086757631648e-03 1.126228727339678021e-01
5.023078951391972413e-03 1.154963378443135680e-01
5.069556928683393443e-03 1.186008959017046394e-01
5.116464961403767615e-03 1.216217701931706779e-01
5.163807028806984001e-03 1.244029036092991758e-01
5.211587146966517245e-03 1.270623904125461889e-01
5.259809369116111646e-03 1.297881850684509675e-01
5.308477785993619830e-03 1.326072287364723490e-01
5.357596526188028972e-03 1.354381045079554313e-01
5.407169756489686729e-03 1.383176759242538134e-01
5.457201682243779765e-03 1.414231324578529569e-01
5.507696547707071830e-03 1.448107411936232769e-01
5.558658636407953421e-03 1.482508895251768988e-01
5.610092271509814314e-03 1.514563971443093349e-01
5.662001816177782317e-03 1.544375119875704139e-01
5.714391673948855145e-03 1.574958237792454252e-01
5.767266289105458382e-03 1.608590566004783895e-01
5.820630147052453796e-03 1.644560322061017210e-01
5.874487774697644861e-03 1.680939272665989415e-01
5.928843740835797703e-03 1.717162723368073352e-01
5.983702656536214748e-03 1.753832753745477868e-01
6.039069175533898388e-03 1.791200229176582726e-01
6.094947994624329811e-03 1.829333402922395657e-01
6.151343854061904620e-03 1.868997487939796642e-01
6.208261537962052150e-03 1.910686569410436075e-01
6.265705874707076621e-03 1.953106422123360997e-01
6.323681737355753979e-03 1.994213418448687047e-01
6.382194044056716496e-03 2.033652956600848771e-01
6.441247758465666780e-03 2.072880113597408425e-01
6.500847890166448935e-03 2.113214151171269317e-01
6.560999495096013316e-03 2.155125840742041776e-01
6.621707675973320835e-03 2.198819268469169308e-01
6.682977582732208509e-03 2.243852265925309619e-01
6.744814412958265691e-03 2.288857678624559022e-01
6.807223412329747002e-03 2.333334556844131324e-01
6.870209875062573135e-03 2.378838283754004246e-01
6.933779144359439491e-03 2.426621673428810411e-01
6.997936612863088143e-03 2.475237349982651325e-01
7.062687723113769168e-03 2.522495943910209037e-01
7.128037968010938162e-03 2.568811119259811759e-01
7.193992891279224651e-03 2.616900887688358157e-01
7.260558087938708688e-03 2.669045251690970733e-01
7.327739204779555940e-03 2.725377553059137314e-01
7.395541940841034688e-03 2.783372576131508125e-01
7.463972047894978923e-03 2.838946199068899112e-01
7.533035330933707946e-03 2.890222360264892987e-01
7.602737648662476200e-03 2.940070142471319925e-01
7.673084913996469809e-03 2.992728933516387024e-01
7.744083094562404478e-03 3.048709766992701575e-01
7.815738213204768969e-03 3.105178993886359429e-01
7.888056348496741074e-03 3.160135390697454971e-01
7.961043635255848905e-03 3.214431055708455442e-01
8.034706265064384470e-03 3.270474181579111628e-01
8.109050486794647586e-03 3.329026808586189601e-01
8.184082607139040941e-03 3.387075150927872369e-01
8.259808991145072693e-03 3.440814655066775640e-01
8.336236062755311704e-03 3.490469979802654499e-01
8.413370305352335307e-03 3.539913602490102895e-01
8.491218262308719913e-03 3.592882522461103845e-01
8.569786537542124771e-03 3.650167666939110878e-01
8.649081796075507034e-03 3.708712386871261812e-01
8.729110764602518446e-03 3.765407610146926376e-01
8.809880232058144370e-03 3.821136288132939152e-01
8.891397050194612892e-03 3.877355271715454132e-01
8.973668134162631274e-03 3.933005986831225598e-01
9.056700463098012188e-03 3.987543700023269411e-01
9.140501080713712284e-03 4.042794015392202067e-01
9.225077095897368101e-03 4.101744050065172509e-01
9.310435683314336255e-03 4.164624232651962243e-01
9.396584084016341987e-03 4.227882709629059432e-01
9.483529606055730865e-03 4.291471747391874536e-01
9.571279625105427735e-03 4.357709259576408312e-01
9.659841585084620250e-03 4.422437181253144889e-01
9.749222998790225969e-03 4.480381707602824615e-01
9.839431448534224564e-03 4.533758183067648218e-01
9.930474586786856850e-03 4.588064867402757985e-01
1.002236013682581035e-02 4.643042907640732020e-01
1.011509589339136365e-02 4.694409250629318908e-01
1.020868972334764216e-02 4.744723815887885721e-01
1.030314956634999571e-02 4.798404709210017938e-01
1.039848343551847375e-02 4.852470271165479354e-01
1.049469941811761488e-02 4.904894981723819103e-01
1.059180567624250398e-02 4.960483342549454333e-01
1.068981044751115585e-02 5.021691801647194531e-01
1.078872204576332774e-02 5.082272093150589365e-01
1.088854886176578857e-02 5.138388962049699193e-01
1.098929936392411925e-02 5.192112350899797946e-01
1.109098209900108954e-02 5.241747663999533069e-01
1.119360569284169257e-02 5.286325699881556650e-01
1.129717885110488422e-02 5.331208683282199212e-01
1.140171036000208610e-02 5.380455476861336628e-01
1.150720908704253725e-02 5.430491400320373030e-01
1.161368398178552926e-02 5.478151768785127773e-01
1.172114407659960618e-02 5.524421759263214993e-01
1.182959848742878677e-02 5.568893987016836356e-01
1.193905641456588333e-02 5.613225467327456197e-01
1.204952714343296948e-02 5.661873052383701310e-01
1.216102004536907116e-02 5.712846970177042349e-01
1.227354457842514714e-02 5.760738010729707925e-01
1.238711028816642280e-02 5.803025403743975463e-01
1.250172680848215222e-02 5.838071280164538468e-01
1.261740386240286886e-02 5.870639195450088055e-01
1.273415126292520155e-02 5.910563905464754075e-01
1.285197891384431447e-02 5.957750807285673300e-01
1.297089681059406668e-02 6.001559337834010410e-01
1.309091504109492245e-02 6.037519535601165721e-01
1.321204378660972845e-02 6.069422283067795743e-01
1.333429332260739446e-02 6.105355439892350411e-01
1.345767401963457455e-02 6.151115011826503443e-01
1.358219634419540953e-02 6.196260272309769279e-01
1.370787085963940874e-02 6.223254517856623425e-01
1.383470822705755443e-02 6.228906969107866898e-01
1.396271920618668769e-02 6.225682197439378340e-01
1.409191465632226616e-02 6.228803333123518193e-01
1.422230553723957507e-02 6.237926772858707336e-01
1.435390291012345054e-02 6.237664214498697124e-01
1.448671793850661235e-02 6.225067792879325212e-01
1.462076188921667373e-02 6.214064212752663519e-01
1.475604613333192545e-02 6.213576911256444291e-01
1.489258214714594616e-02 6.214021552358008904e-01
1.503038151314115174e-02 6.198093923722242105e-01
1.516945592097134962e-02 6.162700978988664424e-01
1.530981716845338306e-02 6.124917937942193635e-01
1.545147716256795034e-02 6.097987781091552817e-01
1.559444792046968224e-02 6.073744836908071543e-01
1.573874157050657654e-02 6.036193674980031565e-01
1.588437035324885213e-02 5.991919696610156221e-01
1.603134662252732670e-02 5.964451890260282774e-01
1.617968284648141006e-02 5.949337548493269789e-01
1.632939160861678757e-02 5.916189114728515053e-01
1.648048560887288572e-02 5.855242338378278122e-01
1.663297766470022560e-02 5.790555824407336294e-01
1.678688071214773370e-02 5.740328480250149745e-01
1.694220780696012452e-02 5.683749687519019655e-01
1.709897212568544170e-02 5.598394798483559143e-01
1.725718696679280975e-02 5.502827030334144220e-01
1.741686575180058719e-02 5.427544985321174353e-01
1.757802202641490716e-02 5.362823644760581487e-01
1.774066946167877218e-02 5.289565513774410199e-01
1.790482185513180002e-02 5.223140338942174887e-01
1.807049313198066595e-02 5.175400567091378301e-01
1.823769734628039041e-02 5.118189059955788878e-01
1.840644868212657284e-02 5.023464000813570030e-01
1.857676145485862712e-02 4.913100719326974897e-01
1.874865011227417472e-02 4.822742469803337206e-01
1.892212923585466500e-02 4.745869460259445893e-01
1.909721354200233021e-02 4.665839294158150574e-01
1.927391788328858963e-02 4.600917384500343710e-01
1.945225724971403128e-02 4.551633770629483489e-01
1.963224676997999199e-02 4.478642705850898187e-01
1.981390171277197521e-02 4.375421130752170096e-01
1.999723748805487533e-02 4.281876567149319190e-01
2.018226964838025148e-02 4.206228120121023872e-01
2.036901389020563669e-02 4.128315676581509330e-01
2.055748605522611516e-02 4.057156465580796789e-01
2.074770213171815009e-02 4.008147061502425057e-01
2.093967825589591880e-02 3.955616625837827804e-01
2.113343071328015188e-02 3.890186492467428425e-01
2.132897594007963568e-02 3.839373770160684485e-01
2.152633052458553450e-02 3.794909057657661067e-01
2.172551120857858092e-02 3.734840666342548743e-01
2.192653488874928697e-02 3.680647712073510935e-01
2.212941861813133224e-02 3.651610060613286746e-01
2.233417960754816023e-02 3.626933118563610003e-01
2.254083522707301182e-02 3.608497938501360469e-01
2.274940300750243408e-02 3.611848261918066405e-01
2.295990064184343440e-02 3.617945707697659552e-01
2.317234598681440494e-02 3.621039665090558524e-01
2.338675706435991430e-02 3.631579332085391743e-01
2.360315206317952982e-02 3.637535321487689322e-01
2.382154934027079160e-02 3.640799975134192401e-01
2.404196742248643215e-02 3.660361576661244620e-01
2.426442500810605668e-02 3.682520395724170337e-01
2.448894096842231527e-02 3.702606864118840879e-01
2.471553434934177854e-02 3.740720907090455127e-01
2.494422437300061746e-02 3.793088678215365550e-01
2.517503043939524690e-02 3.850357526102373695e-01
2.540797212802803351e-02 3.904384841281692275e-01
2.564306919956825179e-02 3.943215314893774859e-01
2.588034159752838903e-02 3.984730290776929418e-01
2.611980944995599685e-02 4.047731118449638954e-01
2.636149307114114479e-02 4.126863110170804760e-01
2.660541296333971892e-02 4.218632784201895025e-01
2.685158981851264517e-02 4.305843015845650656e-01
2.710004452008120401e-02 4.377394535102910877e-01
2.735079814469858900e-02 4.444057968685204973e-01
2.760387196403787588e-02 4.507153381356894806e-01
2.785928744659650277e-02 4.568056071086157854e-01
2.811706625951746613e-02 4.626267122702470425e-01
2.837723027042736781e-02 4.678184190756161098e-01
2.863980154929147287e-02 4.737146070141665111e-01
2.890480237028591678e-02 4.804144453439804785e-01
2.917225521368724955e-02 4.865342650713445072e-01
2.944218276777946230e-02 4.909180057601423841e-01
2.971460793077864565e-02 4.941408830131938101e-01
2.998955381277548446e-02 4.962550243654975102e-01
3.026704373769569315e-02 4.951400255392556238e-01
3.054710124527861351e-02 4.915103042080312123e-01
3.082975009307412084e-02 4.873735118065947169e-01
3.111501425845798752e-02 4.836109969758715654e-01
3.140291794066590869e-02 4.797148203305298675e-01
3.169348556284636020e-02 4.741428914484523416e-01
3.198674177413242392e-02 4.649858267336677287e-01
3.228271145173278872e-02 4.512086323997797632e-01
3.258141970304215262e-02 4.355573751072088218e-01
3.288289186777100526e-02 4.210642195551095868e-01
3.318715352009542208e-02 4.084319374035956240e-01
3.349423047082630139e-02 3.972446580623181789e-01
3.380414876959907111e-02 3.875945004901405477e-01
3.411693470708346276e-02 3.795046966521058440e-01
3.443261481721378997e-02 3.727006328949827307e-01
3.475121587943982154e-02 3.667052989487400438e-01
3.507276492099854759e-02 3.622658351512219044e-01
3.539728921920688026e-02 3.609294802395166535e-01
3.572481630377564998e-02 3.627042496095798096e-01
3.605537395914496651e-02 3.664140450959378903e-01
3.638899022684118773e-02 3.705989332911265310e-01
3.672569340785573205e-02 3.736203508900010073e-01
3.706551206504585944e-02 3.746095651447197694e-01
3.740847502555770532e-02 3.734958259134472658e-01
3.775461138327167870e-02 3.705850073204654538e-01
3.810395050127058508e-02 3.663541667981487504e-01
3.845652201433046730e-02 3.602302880299259602e-01
3.881235583143457374e-02 3.514200857740590878e-01
3.917148213831057185e-02 3.391781385967693185e-01
3.953393139999124284e-02 3.209697575949123083e-01
3.989973436339881718e-02 2.943729530452102172e-01
4.026892205995331875e-02 2.605201718932283472e-01
4.064152580820495214e-02 2.229294979222083140e-01
4.101757721649090110e-02 1.825546002507653087e-01
4.139710818561669753e-02 1.381155566001507906e-01
4.178015091156239008e-02 8.897713994148123695e-02
4.216673788821375529e-02 3.871583924691052170e-02
4.255690191011881479e-02 -7.685286649897986495e-03
4.295067607526977665e-02 -4.969652087769558385e-02
4.334809378791082413e-02 -8.757624054615525955e-02
4.374918876137179335e-02 -1.190569445278752969e-01
4.415399502092812872e-02 -1.416562045278148829e-01
4.456254690668726842e-02 -1.541462303571226322e-01
4.497487907650175171e-02 -1.565788432928843787e-01
4.539102650890927682e-02 -1.480228382421892308e-01
4.581102450609998017e-02 -1.259554244346267338e-01
4.623490869691111727e-02 -8.592217776022607889e-02
4.666271503984954078e-02 -2.309428765669745143e-02
4.709447982614205913e-02 6.139214410168853525e-02
4.753023968281406414e-02 1.643973888458968580e-01
4.797003157579664973e-02 2.882551597022617318e-01
4.841389281306245074e-02 4.351868140303172816e-01
4.886186104779052797e-02 6.020384357710305556e-01
4.931397428156051449e-02 7.862301299193630300e-01
4.977027086757634250e-02 9.863093175370837296e-01
5.023078951391975189e-02 1.197159205347962718e+00
5.069556928683396219e-02 1.416187791025451448e+00
5.116464961403770217e-02 1.642722062999601773e+00
5.163807028806986776e-02 1.872572513434805019e+00
5.211587146966519674e-02 2.104069684741978641e+00
5.259809369116114075e-02 2.333828215913652304e+00
5.308477785993622605e-02 2.555020969378418272e+00
5.357596526188031921e-02 2.764239561949680457e+00
5.407169756489689505e-02 2.958579998988334570e+00
5.457201682243782020e-02 3.133286012830778233e+00
5.507696547707074258e-02 3.282383845640118203e+00
5.558658636407956544e-02 3.399537245724193912e+00
5.610092271509817263e-02 3.479342647865948823e+00
5.662001816177784919e-02 3.521550302988876613e+00
5.714391673948858441e-02 3.529644866014375992e+00
5.767266289105461158e-02 3.501102411988600949e+00
5.820630147052456571e-02 3.430243186450180559e+00
5.874487774697647463e-02 3.319584970877098584e+00
5.928843740835800652e-02 3.173388438193402550e+00
5.983702656536217523e-02 2.990922329631276355e+00
6.039069175533900991e-02 2.774326363518548888e+00
6.094947994624332760e-02 2.532127838977200174e+00
6.151343854061908090e-02 2.269406410839228894e+00
6.208261537962055793e-02 1.992092945078320909e+00
6.265705874707079570e-02 1.712211475417586337e+00
6.323681737355757448e-02 1.439695030664506215e+00
6.382194044056720139e-02 1.181372635331239707e+00
6.441247758465670770e-02 9.421952794669483655e-01
6.500847890166451537e-02 7.261476730785689782e-01
6.560999495096016265e-02 5.375605586651893697e-01
6.621707675973323437e-02 3.813626811385800730e-01
6.682977582732212152e-02 2.588720177906042585e-01
6.744814412958269334e-02 1.737402286289696229e-01
6.807223412329750645e-02 1.298057711298686856e-01
6.870209875062577298e-02 1.271866762561490727e-01
6.933779144359443480e-02 1.672100915649485930e-01
6.997936612863091266e-02 2.443908478237772908e-01
7.062687723113772464e-02 3.435267396480891633e-01
7.128037968010941805e-02 4.484090926449642578e-01
7.193992891279228641e-02 5.502584419987006648e-01
7.260558087938712157e-02 6.479123364900399862e-01
7.327739204779559756e-02 7.307073601716511657e-01
7.395541940841038331e-02 7.833940788523640064e-01
7.463972047894983086e-02 7.988264762479212466e-01
7.533035330933711415e-02 7.702212389759259814e-01
7.602737648662480363e-02 6.929931879535164985e-01
7.673084913996473799e-02 5.618208634314321159e-01
7.744083094562408121e-02 3.655836850373816449e-01
7.815738213204771745e-02 9.721284228466592348e-02
7.888056348496745585e-02 -2.421709359469716438e-01
7.961043635255853068e-02 -6.475887927214546425e-01
8.034706265064388286e-02 -1.108586549868748605e+00
8.109050486794652790e-02 -1.604648723641052488e+00
8.184082607139045451e-02 -2.116195872288092250e+00
8.259808991145077550e-02 -2.623547425965487623e+00
8.336236062755317255e-02 -3.097457543562190274e+00
8.413370305352339817e-02 -3.507754949135743594e+00
8.491218262308725118e-02 -3.832376094631180230e+00
8.569786537542128935e-02 -4.058860421413444719e+00
8.649081796075511197e-02 -4.171908655573242974e+00
8.729110764602522610e-02 -4.164996898280698190e+00
8.809880232058149574e-02 -4.052861000665370028e+00
8.891397050194617402e-02 -3.852991944429103643e+00
8.973668134162636478e-02 -3.587224115552235304e+00
9.056700463098016352e-02 -3.282923954014804302e+00
9.140501080713717141e-02 -2.961594933123554707e+00
9.225077095897371571e-02 -2.644485574833501662e+00
9.310435683314341460e-02 -2.351314995960690268e+00
9.396584084016346150e-02 -2.093541958280990656e+00
9.483529606055735028e-02 -1.876478579906043498e+00
9.571279625105433286e-02 -1.706204747312610959e+00
9.659841585084624760e-02 -1.597435337425964885e+00
9.749222998790231520e-02 -1.573592802346308828e+00
9.839431448534229074e-02 -1.660999999759367185e+00
9.930474586786862401e-02 -1.882291278784945510e+00
1.002236013682581001e-01 -2.247996973362902384e+00
1.011509589339136261e-01 -2.748169956855325946e+00
1.020868972334765118e-01 -3.349721999016717522e+00
1.030314956635000612e-01 -4.003947014935433479e+00
1.039848343551848381e-01 -4.655876297813242637e+00
1.049469941811762563e-01 -5.236327135502065744e+00
1.059180567624251473e-01 -5.668802626616951557e+00
1.068981044751116660e-01 -5.899253071852242236e+00
1.078872204576332705e-01 -5.900228499220669498e+00
1.088854886176578857e-01 -5.672672755674353695e+00
1.098929936392411960e-01 -5.252501033708020017e+00
1.109098209900108989e-01 -4.699015649292834773e+00
1.119360569284169327e-01 -4.087795739788607996e+00
1.129717885110488318e-01 -3.497510006744115163e+00
1.140171036000208610e-01 -2.988699740866155974e+00
1.150720908704253725e-01 -2.590502022514639791e+00
1.161368398178553030e-01 -2.295635074309740897e+00
1.172114407659960583e-01 -2.074435256075633394e+00
1.182959848742878711e-01 -1.898544037643091098e+00
1.193905641456588368e-01 -1.757999578500515137e+00
1.204952714343296982e-01 -1.667279599049235062e+00
1.216102004536907116e-01 -1.654989348085757817e+00
1.227354457842514679e-01 -1.744364198546262346e+00
1.238711028816642246e-01 -1.936223984230136752e+00
1.250172680848215256e-01 -2.199810725076784212e+00
1.261740386240287060e-01 -2.478455256278262908e+00
1.273415126292520017e-01 -2.707401378493137667e+00
1.285197891384431412e-01 -2.835661061088014634e+00
1.297089681059406807e-01 -2.840044807617255973e+00
1.309091504109492210e-01 -2.725532036595438079e+00
1.321204378660972845e-01 -2.523161858596831841e+00
1.333429332260739619e-01 -2.279355597358836860e+00
1.345767401963457455e-01 -2.036806253726594740e+00
1.358219634419541022e-01 -1.820579235004547991e+00
1.370787085963940943e-01 -1.634907792849600083e+00
1.383470822705755443e-01 -1.468048794052929429e+00
1.396271920618668561e-01 -1.303398553223100720e+00
1.409191465632226581e-01 -1.131645131142561711e+00
1.422230553723957402e-01 -9.559631731051186909e-01
1.435390291012345054e-01 -7.899721207359158281e-01
1.448671793850661305e-01 -6.496809803958676355e-01
1.462076188921667408e-01 -5.408216590928016654e-01
1.475604613333192650e-01 -4.568999742628616079e-01
1.489258214714594686e-01 -3.889146103371028951e-01
1.503038151314115001e-01 -3.288550801584727012e-01
1.516945592097135032e-01 -2.716908653525565986e-01
1.530981716845338514e-01 -2.174273864448392490e-01
1.545147716256795034e-01 -1.710825099049746445e-01
1.559444792046968120e-01 -1.389327840103883049e-01
1.573874157050657585e-01 -1.238757701870673439e-01
1.588437035324885005e-01 -1.222274240201359496e-01
1.603134662252732601e-01 -1.253695511251538275e-01
1.617968284648141075e-01 -1.237517444052141369e-01
1.632939160861678896e-01 -1.104175274608584223e-01
1.648048560887288572e-01 -8.301516437115041835e-02
1.663297766470022421e-01 -4.386105135230951996e-02
1.678688071214773092e-01 1.711584865533649462e-03
1.694220780696012729e-01 4.762216281296004911e-02
1.709897212568544100e-01 8.871605571848743821e-02
1.725718696679281183e-01 1.214475601599710186e-01
1.741686575180058927e-01 1.439321173700167933e-01
1.757802202641490508e-01 1.558223478245013838e-01
1.774066946167877357e-01 1.580866213969899514e-01
1.790482185513180002e-01 1.526690090128130228e-01
1.807049313198066387e-01 1.422128008113412723e-01
1.823769734628039041e-01 1.297629051262892685e-01
1.840644868212657215e-01 1.177728491998160099e-01
1.857676145485862573e-01 1.074444959028200697e-01
1.874865011227417610e-01 9.909643156150367560e-02
1.892212923585466500e-01 9.258204126220151431e-02
1.909721354200232812e-01 8.749456241569768256e-02
1.927391788328859101e-01 8.330993114039421388e-02
1.945225724971403058e-01 7.951366966402086123e-02
1.963224676997999407e-01 7.569742858307162980e-02
1.981390171277197521e-01 7.161461892224772752e-02
1.999723748805487533e-01 6.719231612850916358e-02
2.018226964838024939e-01 6.250337234388307628e-02
2.036901389020563946e-01 5.771461537109633111e-02
2.055748605522611239e-01 5.302653253767160291e-02
2.074770213171814870e-01 4.861855883828730684e-02
2.093967825589591880e-01 4.461204071149112160e-02
2.113343071328015188e-01 4.105490909305540420e-02
2.132897594007963638e-01 3.792657072620238268e-02
2.152633052458553520e-01 3.515777231114167178e-02
2.172551120857857954e-01 3.265680938537916800e-02
2.192653488874928835e-01 3.033513513142023152e-02
2.212941861813133015e-01 2.812612361906962830e-02
2.233417960754816023e-01 2.599377947020837035e-02
2.254083522707301113e-01 2.393149620043374254e-02
2.274940300750243338e-01 2.195410766803552668e-02
2.295990064184343371e-01 2.008673499348591351e-02
2.317234598681440494e-01 1.835366228778700926e-02
2.338675706435991430e-01 1.677038231190399256e-02
2.360315206317953052e-01 1.534040271201365935e-02
2.382154934027078952e-01 1.405596527232527183e-02
2.404196742248643215e-01 1.290159239239924496e-02
2.426442500810605807e-01 1.185887561076949710e-02
2.448894096842231527e-01 1.091057660863214290e-02
2.471553434934177784e-01 1.004321573315324762e-02
2.494422437300061746e-01 9.247770970003618002e-03
2.517503043939524621e-01 8.518847774890352803e-03
2.540797212802803351e-01 7.853165886441812807e-03
2.564306919956825248e-01 7.247850682498551723e-03
2.588034159752838903e-01 6.699367849471462265e-03
2.611980944995599963e-01 6.203236929296481773e-03
2.636149307114114548e-01 5.754286474898025368e-03
2.660541296333971961e-01 5.347257822799627268e-03
2.685158981851264448e-01 4.977384447641229268e-03
2.710004452008120124e-01 4.640757323570003819e-03
2.735079814469859039e-01 4.334353162614172118e-03
2.760387196403787935e-01 4.055835163210021709e-03
2.785928744659650347e-01 3.803264814232247375e-03
2.811706625951746474e-01 3.574837909873074000e-03
2.837723027042736712e-01 3.368688152890294933e-03
2.863980154929147148e-01 3.182796311980083583e-03
2.890480237028591470e-01 3.015157715134804319e-03
2.917225521368724817e-01 2.864246490951514665e-03
2.944218276777946230e-01 2.728598375191446535e-03
2.971460793077864704e-01 2.606375523678004791e-03
2.998955381277548238e-01 2.495799348259373097e-03
3.026704373769569245e-01 2.395376921242213433e-03
3.054710124527861281e-01 2.303855341249477079e-03
3.082975009307412084e-01 2.220173037888527150e-03
3.111501425845799029e-01 2.143421890535962201e-03
3.140291794066590869e-01 2.072830595330459307e-03
3.169348556284636298e-01 2.007735140172198143e-03
3.198674177413242115e-01 1.947582221159452299e-03
3.228271145173279288e-01 1.891890361575088901e-03
3.258141970304215262e-01 1.840264410895646159e-03
3.288289186777104134e-01 1.792344694808000599e-03
3.318715352009545816e-01 1.747797491034298011e-03
3.349423047082633609e-01 1.706297943310977790e-03
3.380414876959910719e-01 1.667518349176885101e-03
3.411693470708350162e-01 1.631122264402111357e-03
3.443261481721382467e-01 1.596765796035047548e-03
3.475121587943982293e-01 1.564133726900224794e-03
3.507276492099854481e-01 1.532937865851232567e-03
3.539728921920687887e-01 1.502926292105689595e-03
3.572481630377565276e-01 1.473916124425789578e-03
3.605537395914496512e-01 1.445767197245653116e-03
3.638899022684118911e-01 1.418403048373706671e-03
3.672569340785573067e-01 1.391771267363774113e-03
3.706551206504586360e-01 1.365854875312779619e-03
3.740847502555770254e-01 1.340630847678856352e-03
3.775461138327168009e-01 1.316074959887788371e-03
3.810395050127058925e-01 1.292141892751738977e-03
3.845652201433046868e-01 1.268782703211052956e-03
3.881235583143457513e-01 1.245927776543065933e-03
3.917148213831057602e-01 1.223500269447039528e-03
3.953393139999124006e-01 1.201447160101949511e-03
3.989973436339881996e-01 1.179721449638248838e-03
4.026892205995331597e-01 1.158274118656084893e-03
4.064152580820494798e-01 1.137086376335226480e-03
4.101757721649089694e-01 1.116165464707176511e-03
4.139710818561669892e-01 1.095485008256450853e-03
4.178015091156238592e-01 1.075030484581735888e-03
4.216673788821375668e-01 1.054869077703729464e-03
4.255690191011881063e-01 1.035039924079833671e-03
4.295067607526977249e-01 1.015495822077554190e-03
4.334809378791081858e-01 9.961879180105392712e-04
4.374918876137179335e-01 9.770784761217224910e-04
4.415399502092812734e-01 9.581983821837529100e-04
4.456254690668726703e-01 9.395817116701043461e-04
4.497487907650175032e-01 9.212251936907728559e-04
4.539102650890927682e-01 9.030976466383055677e-04
4.581102450609997878e-01 8.851907558482358888e-04
4.623490869691112004e-01 8.674996447984210197e-04
4.666271503984954494e-01 8.500138334656559156e-04
4.709447982614206052e-01 8.327396171990371961e-04
4.753023968281406275e-01 8.156940027116657988e-04
4.797003157579664556e-01 7.989096437863921337e-04
4.841389281306244796e-01 7.823948609808002762e-04
4.886186104779052797e-01 7.661394937022720890e-04
4.931397428156051865e-01 7.501281378322951360e-04
4.977027086757634389e-01 7.343527313948112166e-04
