5.023078951391972766e-05 -5.964310317969269984e-05
5.069556928683388889e-05 -6.181845984171864116e-05
5.116464961403767209e-05 -6.407175299120827588e-05
5.163807028806978715e-05 -6.640648152576200018e-05
5.211587146966517408e-05 -6.882593496528027896e-05
5.259809369116105792e-05 -7.133236493723579970e-05
5.308477785993620074e-05 -7.392924239773684134e-05
5.357596526188023334e-05 -7.661994157334380863e-05
5.407169756489686838e-05 -7.940747638261793089e-05
5.457201682243774209e-05 -8.229538354371113834e-05
5.507696547707072019e-05 -8.528710434311293799e-05
5.558658636407947621e-05 -8.838648714978554824e-05
5.610092271509814368e-05 -9.159714388014747184e-05
5.662001816177776272e-05 -9.492324641444880836e-05
5.714391673948855254e-05 -9.836936433577191249e-05
5.767266289105452040e-05 -1.019390697756913022e-04
5.820630147052453362e-05 -1.056368757939652250e-04
5.874487774697638518e-05 -1.094672118571736507e-04
5.928843740835797296e-05 -1.134352380338574231e-04
5.983702656536208243e-05 -1.175448970335915295e-04
6.039069175533898090e-05 -1.218020382572392518e-04
6.094947994624323197e-05 -1.262113039288738370e-04
6.151343854061905325e-05 -1.307782839867914536e-04
6.208261537962046349e-05 -1.355084867273078763e-04
6.265705874707077272e-05 -1.404076509374796173e-04
6.323681737355747149e-05 -1.454820482820360847e-04
6.382194044056716117e-05 -1.507376267489861420e-04
6.441247758465660166e-05 -1.561802824868980350e-04
6.500847890166448447e-05 -1.618167166720669171e-04
6.560999495096006865e-05 -1.676544507012602935e-04
6.621707675973320618e-05 -1.736994941859125745e-04
6.682977582732201624e-05 -1.799594110406134006e-04
6.744814412958265366e-05 -1.864415919401763181e-04
6.807223412329740388e-05 -1.931540801995495441e-04
6.870209875062573948e-05 -2.001043544209245414e-04
6.933779144359432660e-05 -2.073014364028444843e-04
6.997936612863088740e-05 -2.147534192578997279e-04
7.062687723113762230e-05 -2.224689026378801559e-04
7.128037968010938271e-05 -2.304566387503832921e-04
7.193992891279217604e-05 -2.387274837297508284e-04
7.260558087938708525e-05 -2.472898978829145950e-04
7.327739204779548296e-05 -2.561548696451880296e-04
7.395541940841035122e-05 -2.653318830308497192e-04
7.463972047894970900e-05 -2.748325152789203086e-04
7.533035330933708054e-05 -2.846671847214985720e-04
7.602737648662468122e-05 -2.948468175068136841e-04
7.673084913996470135e-05 -3.053833443948938422e-04
7.744083094562397159e-05 -3.162891630842957222e-04
7.815738213204768861e-05 -3.275766883767112060e-04
7.888056348496733539e-05 -3.392581809858796543e-04
7.961043635255848851e-05 -3.513470250984906235e-04
8.034706265064376881e-05 -3.638573669421293335e-04
8.109050486794647857e-05 -3.768026848658492822e-04
8.184082607139033080e-05 -3.901979333752364260e-04
8.259808991145073235e-05 -4.040575504239209983e-04
8.336236062755304006e-05 -4.183972449330656228e-04
8.413370305352336012e-05 -4.332329871984799468e-04
8.491218262308711999e-05 -4.485817347878237192e-04
8.569786537542125422e-05 -4.644593049196912415e-04
8.649081796075497601e-05 -4.808836679277747584e-04
8.729110764602517904e-05 -4.978737970139588678e-04
8.809880232058136021e-05 -5.154469491921193514e-04
8.891397050194612133e-05 -5.336219002213340740e-04
8.973668134162622167e-05 -5.524186116128885311e-04
9.056700463098011755e-05 -5.718579595132997030e-04
9.140501080713702852e-05 -5.919610019389832684e-04
9.225077095897366963e-05 -6.127479633154778085e-04
9.310435683314326931e-05 -6.342424368532813359e-04
9.396584084016341878e-05 -6.564652875554057672e-04
9.483529606055720999e-05 -6.794420402811957417e-04
9.571279625105427573e-05 -7.031959370866688874e-04
9.659841585084609408e-05 -7.277509143601030303e-04
9.749222998790226565e-05 -7.531338942682186269e-04
9.839431448534213939e-05 -7.793708334822423579e-04
9.930474586786856308e-05 -8.064883576087467131e-04
1.002236013682579583e-04 -8.345173018385710706e-04
1.011509589339134820e-04 -8.634835402415886197e-04
1.020868972334763565e-04 -8.934182810495769388e-04
1.030314956634999056e-04 -9.243509471299573600e-04
1.039848343551846730e-04 -9.563135408813231049e-04
1.049469941811760989e-04 -9.893317366369786068e-04
1.059180567624249856e-04 -1.023445784652231858e-03
1.068981044751114967e-04 -1.058691211750354506e-03
1.078872204576332200e-04 -1.095096734154701271e-03
1.088854886176578347e-04 -1.132700135203725759e-03
1.098929936392411427e-04 -1.171550127467338052e-03
1.109098209900108428e-04 -1.211665436197387246e-03
1.119360569284168759e-04 -1.253092177729782635e-03
1.129717885110487723e-04 -1.295871303995831635e-03
1.140171036000207905e-04 -1.340047495344544705e-03
1.150720908704253189e-04 -1.385660156510538400e-03
1.161368398178552329e-04 -1.432745801363296059e-03
1.172114407659959940e-04 -1.481347963681904937e-03
1.182959848742878010e-04 -1.531517383620411947e-03
1.193905641456587704e-04 -1.583299619254237983e-03
1.204952714343296340e-04 -1.636739857236786666e-03
1.216102004536906569e-04 -1.691885368923106434e-03
1.227354457842514009e-04 -1.748783584701609677e-03
1.238711028816641597e-04 -1.807493214891576182e-03
1.250172680848214582e-04 -1.868057138948840288e-03
1.261740386240286192e-04 -1.930535838829176625e-03
1.273415126292519537e-04 -1.994987194196259049e-03
1.285197891384430753e-04 -2.061442327859311450e-03
1.297089681059405996e-04 -2.129974400201708768e-03
1.309091504109491746e-04 -2.200650983661624118e-03
1.321204378660972237e-04 -2.273520087354619426e-03
1.333429332260738904e-04 -2.348636958732385448e-03
1.345767401963456707e-04 -2.426070043312326605e-03
1.358219634419540367e-04 -2.505880445064352386e-03
1.370787085963940223e-04 -2.588132233901696555e-03
1.383470822705754793e-04 -2.672888964282900490e-03
1.396271920618667869e-04 -2.760216430840891407e-03
1.409191465632225878e-04 -2.850185977830004772e-03
1.422230553723956845e-04 -2.942870840835411488e-03
1.435390291012344252e-04 -3.038338914682450678e-03
1.448671793850660400e-04 -3.136649095555718754e-03
1.462076188921666593e-04 -3.237884334141257099e-03
1.475604613333191787e-04 -3.342111128081705872e-03
1.489258214714593792e-04 -3.449422399991060404e-03
1.503038151314114394e-04 -3.559888950920678773e-03
1.516945592097134355e-04 -3.673574265201011088e-03
1.530981716845337536e-04 -3.790568799388895592e-03
1.545147716256794134e-04 -3.910944246414126482e-03
1.559444792046967400e-04 -4.034770818753360272e-03
1.573874157050656830e-04 -4.162131804806952322e-03
1.588437035324884346e-04 -4.293152663466894003e-03
1.603134662252731857e-04 -4.427895033575646871e-03
1.617968284648140247e-04 -4.566407827594713871e-03
1.632939160861678171e-04 -4.708792282588583449e-03
1.648048560887287726e-04 -4.855181055989835244e-03
1.663297766470021616e-04 -5.005652974867248750e-03
1.678688071214772372e-04 -5.160250476844242817e-03
1.694220780696011769e-04 -5.319061171770054705e-03
1.709897212568543161e-04 -5.482210409248693475e-03
1.725718696679280292e-04 -5.649783073893316181e-03
1.741686575180057981e-04 -5.821867583758799647e-03
1.757802202641489621e-04 -5.998577743348758144e-03
1.774066946167876340e-04 -6.179987189819136605e-03
1.790482185513179233e-04 -6.366174811831132319e-03
1.807049313198065489e-04 -6.557242254158035348e-03
1.823769734628037913e-04 -6.753277800796720839e-03
1.840644868212656232e-04 -6.954403831464692730e-03
1.857676145485861856e-04 -7.160707075930676339e-03
1.874865011227416648e-04 -7.372250492569695432e-03
1.892212923585465481e-04 -7.589148000038150460e-03
1.909721354200231774e-04 -7.811488259824807615e-03
1.927391788328858225e-04 -8.039350165011347263e-03
1.945225724971402217e-04 -8.272857502809920216e-03
1.963224676997998364e-04 -8.512097279740725095e-03
1.981390171277196339e-04 -8.757136105159785827e-03
1.999723748805486438e-04 -9.008098188226874165e-03
2.018226964838024009e-04 -9.265062794963228182e-03
2.036901389020562758e-04 -9.528107435636801875e-03
2.055748605522610226e-04 -9.797349719207678123e-03
2.074770213171813838e-04 -1.007286624424740679e-02
2.093967825589591067e-04 -1.035473225846347822e-02
2.113343071328014028e-04 -1.064301681144189798e-02
2.132897594007962582e-04 -1.093779007736180725e-02
2.152633052458552464e-04 -1.123917544121678415e-02
2.172551120857856867e-04 -1.154724425037447454e-02
2.192653488874927710e-04 -1.186202450950464733e-02
2.212941861813132042e-04 -1.218358124834481408e-02
2.233417960754814700e-04 -1.251203532390253968e-02
2.254083522707299957e-04 -1.284744564456874460e-02
2.274940300750242182e-04 -1.318983447209906047e-02
2.295990064184342335e-04 -1.353928725265965242e-02
2.317234598681439486e-04 -1.389590288508412916e-02
2.338675706435990400e-04 -1.425970186626161068e-02
2.360315206317952072e-04 -1.463076366396795502e-02
2.382154934027077783e-04 -1.500916923154697706e-02
2.404196742248642152e-04 -1.539492874726904395e-02
2.426442500810604638e-04 -1.578809674414730080e-02
2.448894096842230486e-04 -1.618870584027183937e-02
2.471553434934176704e-04 -1.659678808082204818e-02
2.494422437300060683e-04 -1.701237170810569049e-02
2.517503043939523389e-04 -1.743544124937692827e-02
2.540797212802799600e-04 -1.786606240531153980e-02
2.564306919956823639e-04 -1.830425292140671484e-02
2.588034159752835108e-04 -1.874994491588352283e-02
2.611980944995598449e-04 -1.920313153683103971e-02
2.636149307114110576e-04 -1.966381550338523743e-02
2.660541296333970591e-04 -2.013199547930143857e-02
2.685158981851260332e-04 -2.060768935052298759e-02
2.710004452008118992e-04 -2.109089147194958061e-02
2.735079814469854585e-04 -2.158157630759016329e-02
2.760387196403786352e-04 -2.207966027334896594e-02
2.785928744659646244e-04 -2.258511891151747733e-02
2.811706625951744943e-04 -2.309791232547740020e-02
2.837723027042732206e-04 -2.361802766920916355e-02
2.863980154929145596e-04 -2.414537321437258688e-02
2.890480237028587147e-04 -2.467978577081336722e-02
2.917225521368723654e-04 -2.522117502215408952e-02
2.944218276777941460e-04 -2.576953987998008982e-02
2.971460793077862809e-04 -2.632474693190216958e-02
2.998955381277543806e-04 -2.688660695443930923e-02
3.026704373769567558e-04 -2.745495226499568980e-02
3.054710124527856862e-04 -2.802971486708015492e-02
3.082975009307410805e-04 -2.861080152008450145e-02
3.111501425845793981e-04 -2.919806378448768294e-02
3.140291794066589742e-04 -2.979131054054837829e-02
3.169348556284631532e-04 -3.039039171496620700e-02
3.198674177413240549e-04 -3.099508827130158239e-02
3.228271145173274015e-04 -3.160514610187702828e-02
3.258141970304213376e-04 -3.222041711606175862e-02
3.288289186777098899e-04 -3.284064148450249049e-02
3.318715352009544311e-04 -3.346543785986750424e-02
3.349423047082628730e-04 -3.409456284604173854e-02
3.380414876959908759e-04 -3.472775463264812790e-02
3.411693470708344737e-04 -3.536468546139080044e-02
3.443261481721376959e-04 -3.600495840111411772e-02
3.475121587943980571e-04 -3.664839714577168561e-02
3.507276492099853089e-04 -3.729473149119670594e-02
3.539728921920686291e-04 -3.794344201445147557e-02
3.572481630377563155e-04 -3.859417449063603373e-02
3.605537395914494461e-04 -3.924652755841211149e-02
3.638899022684116756e-04 -3.989996810764308288e-02
3.672569340785571189e-04 -4.055402483355589199e-02
3.706551206504584361e-04 -4.120823851993275777e-02
3.740847502555768537e-04 -4.186196977026707816e-02
3.775461138327166157e-04 -4.251462083027543470e-02
3.810395050127056535e-04 -4.316571109332562051e-02
3.845652201433044800e-04 -4.381469063176027245e-02
3.881235583143455314e-04 -4.446091599354513174e-02
3.917148213831055581e-04 -4.510378564221332459e-02
3.953393139999122029e-04 -4.574259588568652113e-02
3.989973436339879658e-04 -4.637659699191378632e-02
4.026892205995329641e-04 -4.700502365047220382e-02
4.064152580820493067e-04 -4.762700485527341515e-02
4.101757721649087638e-04 -4.824168932569161683e-02
4.139710818561667671e-04 -4.884820629334373637e-02
4.178015091156236623e-04 -4.944565763341345760e-02
4.216673788821373339e-04 -5.003326551576536135e-02
4.255690191011879072e-04 -5.061008986783988028e-02
4.295067607526975085e-04 -5.117514339481090552e-02
4.334809378791080114e-04 -5.172755701665941036e-02
4.374918876137176907e-04 -5.226624325822294692e-02
4.415399502092810661e-04 -5.279002329745469124e-02
4.456254690668724240e-04 -5.329768103493678216e-02
4.497487907650172460e-04 -5.378803537360619252e-02
4.539102650890925188e-04 -5.425997802793775665e-02
4.581102450609995588e-04 -5.471240105573871998e-02
4.623490869691109775e-04 -5.514422402597360384e-02
4.666271503984952018e-04 -5.555439518513798774e-02
4.709447982614203398e-04 -5.594171953689461296e-02
4.753023968281404267e-04 -5.630487991370287243e-02
4.797003157579662197e-04 -5.664256126592916163e-02
4.841389281306242276e-04 -5.695345075976655791e-02
4.886186104779050065e-04 -5.723623408467474333e-02
4.931397428156048934e-04 -5.748961893078292917e-02
4.977027086757631865e-04 -5.771257595491507270e-02
5.023078951391972630e-04 -5.790413821437156300e-02
5.069556928683394310e-04 -5.806317640589175183e-02
5.116464961403767615e-04 -5.818845619667125518e-02
5.163807028806984001e-04 -5.827879380593922742e-02
5.211587146966517679e-04 -5.833291173764849208e-02
5.259809369116111213e-04 -5.834961884907043789e-02
5.308477785993620480e-04 -5.832800932301861890e-02
5.357596526188028755e-04 -5.826733923623823169e-02
5.407169756489687380e-04 -5.816689593561909927e-02
5.457201682243779765e-04 -5.802597928397339178e-02
5.507696547707071613e-04 -5.784382995855736481e-02
5.558658636407953855e-04 -5.761948830065516391e-02
5.610092271509814097e-04 -5.735208557995537249e-02
5.662001816177782100e-04 -5.704110115938335751e-02
5.714391673948855796e-04 -5.668634591905722525e-02
5.767266289105457732e-04 -5.628772074405775927e-02
5.820630147052453362e-04 -5.584519642487635604e-02
5.874487774697645295e-04 -5.535860057462219097e-02
5.928843740835797703e-04 -5.482785904011111544e-02
5.983702656536214748e-04 -5.425283500992810620e-02
6.039069175533897955e-04 -5.363348285528757309e-02
6.094947994624330245e-04 -5.297036088022915451e-02
6.151343854061905054e-04 -5.226436997935007822e-02
6.208261537962052583e-04 -5.151634393111349797e-02
6.265705874707077272e-04 -5.072692783465315020e-02
6.323681737355754196e-04 -4.989678623615619729e-02
6.382194044056716930e-04 -4.902666068354854384e-02
6.441247758465667213e-04 -4.811769657134985778e-02
6.500847890166448718e-04 -4.717160140683363673e-02
6.560999495096013099e-04 -4.619023156202489711e-02
6.621707675973320618e-04 -4.517536615567682712e-02
6.682977582732208943e-04 -4.412860602758839762e-02
6.744814412958265908e-04 -4.305157336993429423e-02
6.807223412329747435e-04 -4.194634958407492120e-02
6.870209875062573135e-04 -4.081564919586500029e-02
6.933779144359439707e-04 -3.966249423445443456e-02
6.997936612863087926e-04 -3.848973786331812141e-02
7.062687723113768735e-04 -3.730010704815409778e-02
7.128037968010938813e-04 -3.609640844911029406e-02
7.193992891279217062e-04 -3.488189162960003004e-02
7.260558087938709338e-04 -3.366050187210785360e-02
7.327739204779548567e-04 -3.243650029788205241e-02
7.395541940841035122e-04 -3.121381286107765413e-02
7.463972047894970900e-04 -2.999623700952510491e-02
7.533035330933707512e-04 -2.878776766516556729e-02
7.602737648662468394e-04 -2.759301430424653673e-02
7.673084913996469593e-04 -2.641718539363782300e-02
7.744083094562396888e-04 -2.526534742147647575e-02
7.815738213204768319e-04 -2.414209456496595879e-02
7.888056348496733268e-04 -2.305192884484482188e-02
7.961043635255849122e-04 -2.199977766533804668e-02
8.034706265064376881e-04 -2.099119101957780745e-02
8.109050486794647586e-04 -2.003157536097784075e-02
8.184082607139033351e-04 -1.912562462414492750e-02
8.259808991145073777e-04 -1.827756224795228437e-02
8.336236062755303464e-04 -1.749181358188717228e-02
8.413370305352335741e-04 -1.677327156090091531e-02
8.491218262308711457e-04 -1.612641630763117853e-02
8.569786537542125422e-04 -1.555461059054373540e-02
8.649081796075497059e-04 -1.506047580122349926e-02
8.729110764602518446e-04 -1.464668911221931810e-02
8.809880232058135479e-04 -1.431606956460343763e-02
8.891397050194612675e-04 -1.407046447315646494e-02
8.973668134162622167e-04 -1.391018109619072095e-02
9.056700463098011755e-04 -1.383467129616585897e-02
9.140501080713703394e-04 -1.384350125180381676e-02
9.225077095897367234e-04 -1.393586338950392883e-02
9.310435683314326931e-04 -1.410915350988708322e-02
9.396584084016341336e-04 -1.435907953494977227e-02
9.483529606055720457e-04 -1.468101179496647882e-02
9.571279625105428386e-04 -1.507045897226548005e-02
9.659841585084609408e-04 -1.552146230952386116e-02
9.749222998790225752e-04 -1.602585578325345719e-02
9.839431448534212855e-04 -1.657473935067096255e-02
9.930474586786856850e-04 -1.715972808857892454e-02
1.002236013682579474e-03 -1.777165126768977949e-02
1.011509589339135715e-03 -1.839897506479873726e-02
1.020868972334763565e-03 -1.902947594135180262e-02
1.030314956635000221e-03 -1.965201369772838144e-02
1.039848343551846811e-03 -2.025528857006419006e-02
1.049469941811762182e-03 -2.082599606650567883e-02
1.059180567624249964e-03 -2.135095853505191571e-02
1.068981044751116105e-03 -2.181899939823084278e-02
1.078872204576332037e-03 -2.221924670340476651e-02
1.088854886176579377e-03 -2.253998021092969498e-02
1.098929936392411318e-03 -2.277085635559285628e-02
1.109098209900109648e-03 -2.290433014944315629e-02
1.119360569284168650e-03 -2.293418673872716501e-02
1.129717885110488942e-03 -2.285431187645908108e-02
1.140171036000207959e-03 -2.266185197482203928e-02
1.150720908704254246e-03 -2.235790608134287025e-02
1.161368398178552275e-03 -2.194420821935353511e-02
1.172114407659961268e-03 -2.142431363245958856e-02
1.182959848742877983e-03 -2.080673125758904923e-02
1.193905641456588897e-03 -2.010263816199624881e-02
1.204952714343296340e-03 -1.932342708218501640e-02
1.216102004536907897e-03 -1.848384203461483563e-02
1.227354457842514063e-03 -1.760229327161208501e-02
1.238711028816642844e-03 -1.669683227388792102e-02
1.250172680848214528e-03 -1.578582517087239248e-02
1.261740386240287493e-03 -1.489043976454586943e-02
1.273415126292519375e-03 -1.403065460919414309e-02
1.285197891384430753e-03 -1.322364450092827597e-02
1.297089681059406105e-03 -1.248731928969094677e-02
1.309091504109491638e-03 -1.183733346593925442e-02
1.321204378660972237e-03 -1.128414565110417121e-02
1.333429332260738795e-03 -1.083647929696719518e-02
1.345767401963456761e-03 -1.050001368501698139e-02
1.358219634419540259e-03 -1.027413605138718412e-02
1.370787085963940223e-03 -1.015545514672653790e-02
1.383470822705754793e-03 -1.013748729132851918e-02
1.396271920618668031e-03 -1.020794679496860730e-02
1.409191465632225878e-03 -1.035268112487391749e-02
1.422230553723956683e-03 -1.055585357176955404e-02
1.435390291012344360e-03 -1.079785684126059395e-02
1.448671793850660455e-03 -1.105983638536691543e-02
1.462076188921666809e-03 -1.132354526977697937e-02
1.475604613333191895e-03 -1.157006115830157625e-02
1.489258214714593792e-03 -1.178467481847463028e-02
1.503038151314114394e-03 -1.195504508159198065e-02
1.516945592097134138e-03 -1.207136262662456168e-02
1.530981716845337699e-03 -1.213027637303974900e-02
1.545147716256794297e-03 -1.213126569005714382e-02
1.559444792046967400e-03 -1.207846273745677435e-02
1.573874157050656830e-03 -1.198167791855301971e-02
1.588437035324884346e-03 -1.185247609408566181e-02
1.603134662252731803e-03 -1.170660176616916161e-02
1.617968284648140355e-03 -1.156114720268013388e-02
1.632939160861678063e-03 -1.143278955588458018e-02
1.648048560887287834e-03 -1.133881315833218557e-02
1.663297766470021562e-03 -1.129230407753162649e-02
1.678688071214772372e-03 -1.130320320928370620e-02
1.694220780696011714e-03 -1.137650639921706022e-02
1.709897212568543216e-03 -1.151070188131145429e-02
1.725718696679280238e-03 -1.169915491162193746e-02
1.741686575180057981e-03 -1.192825297479879754e-02
1.757802202641489675e-03 -1.218043447695802903e-02
1.774066946167876394e-03 -1.243423034192033851e-02
1.790482185513179178e-03 -1.266711963828768064e-02
1.807049313198065598e-03 -1.285824510928881143e-02
1.823769734628038130e-03 -1.299004247798731491e-02
1.840644868212656287e-03 -1.305211259920777828e-02
1.857676145485861801e-03 -1.304121550985883407e-02
1.874865011227416648e-03 -1.296387742060008293e-02
1.892212923585465589e-03 -1.283475802052234764e-02
1.909721354200231936e-03 -1.267609544759438697e-02
1.927391788328858225e-03 -1.251423133172212439e-02
1.945225724971402000e-03 -1.237633045090352074e-02
1.963224676997998418e-03 -1.228611763974405205e-02
1.981390171277196393e-03 -1.225967596034764108e-02
1.999723748805486492e-03 -1.230284608403290660e-02
2.018226964838023847e-03 -1.240910263660015798e-02
2.036901389020562975e-03 -1.256041488738216319e-02
2.055748605522610389e-03 -1.272938056062095959e-02
2.074770213171814055e-03 -1.288383286085354254e-02
2.093967825589591013e-03 -1.299206772667100759e-02
2.113343071328013974e-03 -1.302881280613575610e-02
2.132897594007962527e-03 -1.297972737068106737e-02
2.152633052458552410e-03 -1.284436393941397296e-02
2.172551120857856705e-03 -1.263577814918011299e-02
2.192653488874927656e-03 -1.237766167220664612e-02
2.212941861813132096e-03 -1.209878369266752414e-02
2.233417960754814809e-03 -1.182629275529063773e-02
2.254083522707299794e-03 -1.157905953956356662e-02
2.274940300750242020e-03 -1.136323165305023683e-02
2.295990064184342226e-03 -1.117132291805506689e-02
2.317234598681439540e-03 -1.098502279095817276e-02
2.338675706435990129e-03 -1.078162781276116415e-02
2.360315206317949686e-03 -1.054241199046296838e-02
2.382154934027077946e-03 -1.026056446385037110e-02
2.404196742248639659e-03 -9.946077786847997565e-03
2.426442500810604367e-03 -9.625810452996420158e-03
2.448894096842227884e-03 -9.337886358293755878e-03
2.471553434934176379e-03 -9.121395975987409838e-03
2.494422437300057756e-03 -9.004302785278289062e-03
2.517503043939523389e-03 -8.992933563304056008e-03
2.540797212802799708e-03 -9.067125411469893412e-03
2.564306919956823531e-03 -9.182882606704564910e-03
2.588034159752835000e-03 -9.282931393349923288e-03
2.611980944995598557e-03 -9.312498956605887168e-03
2.636149307114110576e-03 -9.235403610605456490e-03
2.660541296333970591e-03 -9.045102048595697955e-03
2.685158981851260441e-03 -8.766661668258504334e-03
2.710004452008118667e-03 -8.448232704134589141e-03
2.735079814469854910e-03 -8.144758805003199723e-03
2.760387196403786460e-03 -7.899589208460258000e-03
2.785928744659646027e-03 -7.731031562530380971e-03
2.811706625951745052e-03 -7.629174693465115911e-03
2.837723027042732531e-03 -7.564403195366671551e-03
2.863980154929145813e-03 -7.503860661263499904e-03
2.890480237028587255e-03 -7.428351665280613289e-03
2.917225521368723654e-03 -7.341337388758027369e-03
2.944218276777941460e-03 -7.264907005228592000e-03
2.971460793077862917e-03 -7.223776255509400425e-03
2.998955381277543589e-03 -7.225145776029853750e-03
3.026704373769567667e-03 -7.245316664151273817e-03
3.054710124527856754e-03 -7.232072688270171738e-03
3.082975009307410696e-03 -7.124713914514407311e-03
3.111501425845793981e-03 -6.883945176843491061e-03
3.140291794066589742e-03 -6.516961260757486718e-03
3.169348556284631423e-03 -6.083138849980675340e-03
3.198674177413240657e-03 -5.673997407428929204e-03
3.228271145173274449e-03 -5.374508789475426936e-03
3.258141970304213268e-03 -5.224163404379756660e-03
3.288289186777099225e-03 -5.198545279264978058e-03
3.318715352009544203e-03 -5.223291934648722698e-03
3.349423047082628838e-03 -5.214640225830267234e-03
3.380414876959908759e-03 -5.124934820221218462e-03
3.411693470708344628e-03 -4.966800985861401577e-03
3.443261481721380645e-03 -4.800960661865926599e-03
3.475121587943980680e-03 -4.694385997764798438e-03
3.507276492099856667e-03 -4.674699112888349752e-03
3.539728921920686291e-03 -4.710752557263631415e-03
3.572481630377566733e-03 -4.732999363619269130e-03
3.605537395914494569e-03 -4.680365473881617673e-03
3.638899022684120767e-03 -4.541061230707158988e-03
3.672569340785571297e-03 -4.357693830771919297e-03
3.706551206504587938e-03 -4.192429830176242107e-03
3.740847502555768103e-03 -4.078484720694564199e-03
3.775461138327169952e-03 -3.996345065563376014e-03
3.810395050127056860e-03 -3.894822208408321457e-03
3.845652201433048811e-03 -3.740450259171808779e-03
3.881235583143455205e-03 -3.552622684396391194e-03
3.917148213831059267e-03 -3.390527186705391983e-03
3.953393139999122029e-03 -3.298037814333033921e-03
3.989973436339883453e-03 -3.252882744106579214e-03
4.026892205995329967e-03 -3.169010497911876542e-03
4.064152580820497296e-03 -2.958582689612023701e-03
4.101757721649087855e-03 -2.605201360407998715e-03
4.139710818561672008e-03 -2.183124909624514429e-03
4.178015091156236406e-03 -1.799867562335661676e-03
4.216673788821373448e-03 -1.508561088613048599e-03
4.255690191011879397e-03 -1.267912263978101476e-03
4.295067607526975410e-03 -9.867813741361855170e-04
4.334809378791079464e-03 -6.104899338054873377e-04
4.374918876137176907e-03 -1.647475873754356164e-04
4.415399502092810444e-03 2.841881173488063420e-04
4.456254690668724240e-03 7.069566275517788923e-04
4.497487907650172569e-03 1.139565581979361340e-03
4.539102650890925079e-03 1.630555405979173134e-03
4.581102450609995588e-03 2.168481425563159246e-03
4.623490869691109124e-03 2.677887067348420132e-03
4.666271503984952343e-03 3.094187458749430783e-03
4.709447982614203831e-03 3.432197352968079790e-03
4.753023968281404159e-03 3.766998347922159100e-03
4.797003157579662197e-03 4.152474279143963769e-03
4.841389281306242819e-03 4.582573373172809002e-03
4.886186104779049848e-03 5.044443610896432416e-03
4.931397428156049367e-03 5.584759130480685188e-03
4.977027086757631648e-03 6.282562106276135677e-03
5.023078951391972413e-03 7.148249533744426877e-03
5.069556928683393443e-03 8.086101530324657505e-03
5.116464961403767615e-03 8.989194540027837382e-03
5.163807028806984001e-03 9.850745427195351303e-03
5.211587146966517245e-03 1.073518227876897428e-02
5.259809369116111646e-03 1.164335585147792222e-02
5.308477785993619830e-03 1.247428875237835931e-02
5.357596526188028972e-03 1.316462093672545602e-02
5.407169756489686729e-03 1.381614919883443655e-02
5.457201682243779765e-03 1.460440951524796631e-02
5.507696547707071830e-03 1.556619606401592887e-02
5.558658636407953421e-03 1.655886015898827557e-02
5.610092271509814314e-03 1.745024303397471610e-02
5.662001816177782317e-03 1.826440931118280403e-02
5.714391673948855145e-03 1.909268405233815330e-02
5.767266289105458382e-03 1.995630161944553574e-02
5.820630147052453796e-03 2.085863732767107362e-02
5.874487774697644861e-03 2.190047626034441128e-02
5.928843740835797703e-03 2.318981198220453413e-02
5.983702656536214748e-03 2.464373742582072133e-02
6.039069175533898388e-03 2.602614480923974918e-02
6.094947994624329811e-03 2.720899020991169107e-02
6.151343854061904620e-03 2.827236452693562482e-02
6.208261537962052150e-03 2.933307083174844371e-02
6.265705874707076621e-03 3.042352408606583888e-02
6.323681737355753979e-03 3.156487149701237005e-02
6.382194044056716496e-03 3.278743178425880256e-02
6.441247758465666780e-03 3.403027581572748428e-02
6.500847890166448935e-03 3.518647689886320040e-02
6.560999495096013316e-03 3.628736455444007969e-02
6.621707675973320835e-03 3.747380534011662823e-02
6.682977582732208509e-03 3.877082687005119210e-02
6.744814412958265691e-03 4.007031761305194367e-02
6.807223412329747002e-03 4.132624306790650542e-02
6.870209875062573135e-03 4.259329538941666188e-02
6.933779144359439491e-03 4.390985705652482307e-02
6.997936612863088143e-03 4.526970386693756482e-02
7.062687723113769168e-03 4.662962563195281740e-02
7.128037968010938162e-03 4.791453045612846517e-02
7.193992891279224651e-03 4.916366380546043080e-02
7.260558087938708688e-03 5.058550183484368523e-02
7.327739204779555940e-03 5.226916096103121495e-02
7.395541940841034688e-03 5.404434570994200160e-02
7.463972047894978923e-03 5.578044451911046836e-02
7.533035330933707946e-03 5.747432792686144737e-02
7.602737648662476200e-03 5.901567273711810779e-02
7.673084913996469809e-03 6.033790277954208942e-02
7.744083094562404478e-03 6.165984877682218618e-02
7.815738213204768969e-03 6.311381550466232948e-02
7.888056348496741074e-03 6.446559433423917906e-02
7.961043635255848905e-03 6.553475122377050432e-02
8.034706265064384470e-03 6.648169962742034311e-02
8.109050486794647586e-03 6.755263335811619030e-02
8.184082607139040941e-03 6.881382607532825213e-02
8.259808991145072693e-03 7.010018956086493114e-02
8.336236062755311704e-03 7.123754333844632691e-02
8.413370305352335307e-03 7.230295762264871140e-02
8.491218262308719913e-03 7.343081275065389824e-02
8.569786537542124771e-03 7.463227379029570285e-02
8.649081796075507034e-03 7.596745544558133889e-02
8.729110764602518446e-03 7.743623070860634894e-02
8.809880232058144370e-03 7.890234337600725290e-02
8.891397050194612892e-03 8.039109361108849605e-02
8.973668134162631274e-03 8.192747893694719841e-02
9.056700463098012188e-03 8.328479398901979247e-02
9.140501080713712284e-03 8.437534860549085469e-02
9.225077095897368101e-03 8.541782281908427699e-02
9.310435683314336255e-03 8.657448293519161286e-02
9.396584084016341987e-03 8.784361790187357466e-02
9.483529606055730865e-03 8.931287949355257161e-02
9.571279625105427735e-03 9.105624405425435941e-02
9.659841585084620250e-03 9.270912481047371978e-02
9.749222998790225969e-03 9.379538883623148027e-02
9.839431448534224564e-03 9.434014483075559010e-02
9.930474586786856850e-03 9.470944854424061254e-02
1.002236013682581035e-02 9.520267119137981737e-02
1.011509589339136365e-02 9.580783967250486310e-02
1.020868972334764216e-02 9.640750451482585359e-02
1.030314956634999571e-02 9.702553447762406191e-02
1.039848343551847375e-02 9.746363671616053992e-02
1.049469941811761488e-02 9.748291027726536939e-02
1.059180567624250398e-02 9.737049409953557610e-02
1.068981044751115585e-02 9.756725605285984648e-02
1.078872204576332774e-02 9.807006029714895878e-02
1.088854886176578857e-02 9.859557980118802134e-02
1.098929936392411925e-02 9.893489282299028353e-02
1.109098209900108954e-02 9.888871476496238766e-02
1.119360569284169257e-02 9.837041850717095914e-02
1.129717885110488422e-02 9.775071933902967913e-02
1.140171036000208610e-02 9.758070456833978223e-02
1.150720908704253725e-02 9.784297013417254940e-02
1.161368398178552926e-02 9.800280992834785321e-02
1.172114407659960618e-02 9.763762615684562496e-02
1.182959848742878677e-02 9.662316664716545656e-02
1.193905641456588333e-02 9.524359058449705095e-02
1.204952714343296948e-02 9.417955513011717905e-02
1.216102004536907116e-02 9.368556096896814289e-02
1.227354457842514714e-02 9.319300575569727796e-02
1.238711028816642280e-02 9.199095108581648028e-02
1.250172680848215222e-02 8.992501677438816121e-02
1.261740386240286886e-02 8.753265188236797334e-02
1.273415126292520155e-02 8.567434991654214460e-02
1.285197891384431447e-02 8.442528401588647591e-02
1.297089681059406668e-02 8.263186637128701328e-02
1.309091504109492245e-02 7.943674055435755166e-02
1.321204378660972845e-02 7.521880651514294136e-02
1.333429332260739446e-02 7.099114234524664391e-02
1.345767401963457455e-02 6.761987109987908917e-02
1.358219634419540953e-02 6.480864958212650961e-02
1.370787085963940874e-02 6.124352765202768084e-02
1.383470822705755443e-02 5.641002598620477315e-02
1.396271920618668769e-02 5.115598954481977156e-02
1.409191465632226616e-02 4.642955190615216665e-02
1.422230553723957507e-02 4.203274102273748397e-02
1.435390291012345054e-02 3.660438696316549445e-02
1.448671793850661235e-02 2.952302641970475788e-02
1.462076188921667373e-02 2.204397309646026482e-02
1.475604613333192545e-02 1.553242368762915333e-02
1.489258214714594616e-02 9.581834205918265956e-03
1.503038151314115174e-02 2.602309400324776065e-03
1.516945592097134962e-02 -6.047426906647279665e-03
1.530981716845338306e-02 -1.482437876635763450e-02
1.545147716256795034e-02 -2.250894470351122445e-02
1.559444792046968224e-02 -3.003699091680358049e-02
1.573874157050657654e-02 -3.897549390547560416e-02
1.588437035324885213e-02 -4.914318795848869603e-02
1.603134662252732670e-02 -5.864117753199096783e-02
1.617968284648141006e-02 -6.734502557613317175e-02
1.632939160861678757e-02 -7.722199434359811043e-02
1.648048560887288572e-02 -8.901100477379497722e-02
1.663297766470022560e-02 -1.009365032602807660e-01
1.678688071214773370e-02 -1.113302893091725060e-01
1.694220780696012452e-02 -1.212940508350225099e-01
1.709897212568544170e-02 -1.319959824992807951e-01
1.725718696679280975e-02 -1.423627600012647987e-01
1.741686575180058719e-02 -1.513580864113004687e-01
1.757802202641490716e-02 -1.609509397762527716e-01
1.774066946167877218e-02 -1.733260919519066245e-01
1.790482185513180002e-02 -1.870167740880734342e-01
1.807049313198066595e-02 -1.994102193302957349e-01
1.823769734628039041e-02 -2.111136297829663278e-01
1.840644868212657284e-02 -2.243752898105297322e-01
1.857676145485862712e-02 -2.382066946814271335e-01
1.874865011227417472e-02 -2.504866016264064577e-01
1.892212923585466500e-02 -2.619160033264681942e-01
1.909721354200233021e-02 -2.738413977572148883e-01
1.927391788328858963e-02 -2.850511349853042664e-01
1.945225724971403128e-02 -2.949077368402778787e-01
1.963224676997999199e-02 -3.048499790669426113e-01
1.981390171277197521e-02 -3.152284787355840168e-01
1.999723748805487533e-02 -3.243232790146403643e-01
2.018226964838025148e-02 -3.324712213019198059e-01
2.036901389020563669e-02 -3.418469412790968165e-01
2.055748605522611516e-02 -3.519082568900226415e-01
2.074770213171815009e-02 -3.606007785492980622e-01
2.093967825589591880e-02 -3.685175892293270916e-01
2.113343071328015188e-02 -3.766677751677544039e-01
2.132897594007963568e-02 -3.841420381152781394e-01
2.152633052458553450e-02 -3.915681272201270713e-01
2.172551120857858092e-02 -4.004680602954595603e-01
2.192653488874928697e-02 -4.088859194150970544e-01
2.212941861813133224e-02 -4.134510471597093728e-01
2.233417960754816023e-02 -4.139536084960951379e-01
2.254083522707301182e-02 -4.122315370889375052e-01
2.274940300750243408e-02 -4.100024762962762304e-01
2.295990064184343440e-02 -4.088950070307775242e-01
2.317234598681440494e-02 -4.089822280869980231e-01
2.338675706435991430e-02 -4.083974508726171404e-01
2.360315206317952982e-02 -4.068238575300024973e-01
2.382154934027079160e-02 -4.049741131063683275e-01
2.404196742248643215e-02 -4.024596415719984832e-01
2.426442500810605668e-02 -3.994060858077927434e-01
2.448894096842231527e-02 -3.956797870815836338e-01
2.471553434934177854e-02 -3.889699098063698068e-01
2.494422437300061746e-02 -3.781781921577861416e-01
2.517503043939524690e-02 -3.658620746824942094e-01
2.540797212802803351e-02 -3.556399381416979200e-01
2.564306919956825179e-02 -3.488217739015834762e-01
2.588034159752838903e-02 -3.430999817796938633e-01
2.611980944995599685e-02 -3.345015236070327247e-01
2.636149307114114479e-02 -3.223895421325151944e-01
2.660541296333971892e-02 -3.085871226753081342e-01
2.685158981851264517e-02 -2.941134624006742637e-01
2.710004452008120401e-02 -2.796883931269111834e-01
2.735079814469858900e-02 -2.653114156455456674e-01
2.760387196403787588e-02 -2.499274606881228544e-01
2.785928744659650277e-02 -2.329727073340191190e-01
2.811706625951746613e-02 -2.141157685901430574e-01
2.837723027042736781e-02 -1.941967415974048261e-01
2.863980154929147287e-02 -1.750092145873573257e-01
2.890480237028591678e-02 -1.567508795256922771e-01
2.917225521368724955e-02 -1.386438509923890450e-01
2.944218276777946230e-02 -1.203237097032943265e-01
2.971460793077864565e-02 -1.027168193125474055e-01
2.998955381277548446e-02 -8.698926747771906776e-02
3.026704373769569315e-02 -7.240132712744284937e-02
3.054710124527861351e-02 -5.733157204829799486e-02
3.082975009307412084e-02 -4.120136555347463092e-02
3.111501425845798752e-02 -2.560805806196676457e-02
3.140291794066590869e-02 -1.286095812955185928e-02
3.169348556284636020e-02 -2.856810258448388117e-03
3.198674177413242392e-02 5.639413066512266419e-03
3.228271145173278872e-02 1.291237438498497175e-02
3.258141970304215262e-02 1.967028440192688035e-02
3.288289186777100526e-02 2.758975684803572498e-02
3.318715352009542208e-02 3.554313003175896962e-02
3.349423047082630139e-02 4.150064936805514249e-02
3.380414876959907111e-02 4.652035769263605791e-02
3.411693470708346276e-02 5.167584007864420292e-02
3.443261481721378997e-02 5.575605757115860428e-02
3.475121587943982154e-02 5.789660678229945762e-02
3.507276492099854759e-02 5.893315216183531158e-02
3.539728921920688026e-02 6.002990075445184537e-02
3.572481630377564998e-02 6.113078845113951304e-02
3.605537395914496651e-02 6.158799320793858362e-02
3.638899022684118773e-02 6.129577594740602542e-02
3.672569340785573205e-02 6.030041450256584667e-02
3.706551206504585944e-02 5.853526055413661028e-02
3.740847502555770532e-02 5.462540688214973655e-02
3.775461138327167870e-02 4.829139115606597560e-02
3.810395050127058508e-02 4.092870790085378907e-02
3.845652201433046730e-02 3.167261245394405178e-02
3.881235583143457374e-02 1.958737561333394675e-02
3.917148213831057185e-02 4.307004567647367173e-03
3.953393139999124284e-02 -1.591297619205188363e-02
3.989973436339881718e-02 -4.112171720606869196e-02
4.026892205995331875e-02 -6.939066690256011360e-02
4.064152580820495214e-02 -9.939279036603403117e-02
4.101757721649090110e-02 -1.325969555187945514e-01
4.139710818561669753e-02 -1.706664842278097505e-01
4.178015091156239008e-02 -2.115901444200417592e-01
4.216673788821375529e-02 -2.522343944274391125e-01
4.255690191011881479e-02 -2.909441446177460922e-01
4.295067607526977665e-02 -3.264691867378437529e-01
4.334809378791082413e-02 -3.564432816050836506e-01
4.374918876137179335e-02 -3.791571830984545310e-01
4.415399502092812872e-02 -3.932609445600066533e-01
4.456254690668726842e-02 -3.972759356205719516e-01
4.497487907650175171e-02 -3.913423007406485743e-01
4.539102650890927682e-02 -3.740477255192342088e-01
4.581102450609998017e-02 -3.400078787674807312e-01
4.623490869691111727e-02 -2.880921986435946436e-01
4.666271503984954078e-02 -2.194536053318893176e-01
4.709447982614205913e-02 -1.319045941292249779e-01
4.753023968281406414e-02 -2.568216577724265204e-02
4.797003157579664973e-02 9.714275138297644163e-02
4.841389281306245074e-02 2.360727126740516102e-01
4.886186104779052797e-02 3.935612242349162404e-01
4.931397428156051449e-02 5.717882869951826930e-01
4.977027086757634250e-02 7.715172793658470196e-01
5.023078951391975189e-02 9.906919337303866646e-01
5.069556928683396219e-02 1.222382221890636167e+00
5.116464961403770217e-02 1.461582677822214960e+00
5.163807028806986776e-02 1.709045010967025657e+00
5.211587146966519674e-02 1.962343118349774596e+00
5.259809369116114075e-02 2.214622314353586585e+00
5.308477785993622605e-02 2.463459698376303741e+00
5.357596526188031921e-02 2.707100415535917737e+00
5.407169756489689505e-02 2.942534921259047920e+00
5.457201682243782020e-02 3.161950794996895908e+00
5.507696547707074258e-02 3.354635510233623830e+00
5.558658636407956544e-02 3.516968962045073699e+00
5.610092271509817263e-02 3.648069228618183946e+00
5.662001816177784919e-02 3.746372732090706315e+00
5.714391673948858441e-02 3.813949170068109851e+00
5.767266289105461158e-02 3.851823385857373605e+00
5.820630147052456571e-02 3.854191596948626675e+00
5.874487774697647463e-02 3.815920120834114471e+00
5.928843740835800652e-02 3.737006040655853845e+00
5.983702656536217523e-02 3.618826686565290274e+00
6.039069175533900991e-02 3.467496331303432822e+00
6.094947994624332760e-02 3.291536739314850024e+00
6.151343854061908090e-02 3.100989713347433341e+00
6.208261537962055793e-02 2.903448902073269888e+00
6.265705874707079570e-02 2.702301346910877200e+00
6.323681737355757448e-02 2.502153082234860992e+00
6.382194044056720139e-02 2.303933352994258055e+00
6.441247758465670770e-02 2.102419725022843355e+00
6.500847890166451537e-02 1.895558748060309551e+00
6.560999495096016265e-02 1.688810167732743617e+00
6.621707675973323437e-02 1.488581966019228764e+00
6.682977582732212152e-02 1.298379117875062549e+00
6.744814412958269334e-02 1.123053196492760808e+00
6.807223412329750645e-02 9.638822857375273223e-01
6.870209875062577298e-02 8.158230597729694278e-01
6.933779144359443480e-02 6.768378835735826549e-01
6.997936612863091266e-02 5.560303979818469466e-01
7.062687723113772464e-02 4.648270614693538194e-01
7.128037968010941805e-02 4.008327202706059023e-01
7.193992891279228641e-02 3.567117890792667056e-01
7.260558087938712157e-02 3.287772235814533928e-01
7.327739204779559756e-02 3.152773862081501011e-01
7.395541940841038331e-02 3.121757472924382992e-01
7.463972047894983086e-02 3.083484427311358189e-01
7.533035330933711415e-02 2.884333437055153215e-01
7.602737648662480363e-02 2.413519657106808769e-01
7.673084913996473799e-02 1.658509607626939830e-01
7.744083094562408121e-02 6.492369675982040400e-02
7.815738213204771745e-02 -5.609907173207573372e-02
7.888056348496745585e-02 -1.911221812269665865e-01
7.961043635255853068e-02 -3.342400570848957364e-01
8.034706265064388286e-02 -4.803107232799336268e-01
8.109050486794652790e-02 -6.236446704063184354e-01
8.184082607139045451e-02 -7.603619632509334147e-01
8.259808991145077550e-02 -8.875100081902793647e-01
8.336236062755317255e-02 -1.003121571922197752e+00
8.413370305352339817e-02 -1.115273599554210016e+00
8.491218262308725118e-02 -1.230637580158770339e+00
8.569786537542128935e-02 -1.349658560047204858e+00
8.649081796075511197e-02 -1.475406496295048608e+00
8.729110764602522610e-02 -1.606975785632478670e+00
8.809880232058149574e-02 -1.736850461712559968e+00
8.891397050194617402e-02 -1.853051405328352663e+00
8.973668134162636478e-02 -1.944820152631990373e+00
9.056700463098016352e-02 -2.002013247385734385e+00
9.140501080713717141e-02 -2.015969570842317093e+00
9.225077095897371571e-02 -1.989567208352586380e+00
9.310435683314341460e-02 -1.933848284510828686e+00
9.396584084016346150e-02 -1.867555752286893744e+00
9.483529606055735028e-02 -1.809194262401622844e+00
9.571279625105433286e-02 -1.767814329795069028e+00
9.659841585084624760e-02 -1.741902751719625053e+00
9.749222998790231520e-02 -1.713888814743200095e+00
9.839431448534229074e-02 -1.650837691601942714e+00
9.930474586786862401e-02 -1.518326461689551543e+00
1.002236013682581001e-01 -1.295187167539435968e+00
1.011509589339136261e-01 -9.774723078935957377e-01
1.020868972334765118e-01 -5.765539378251167690e-01
1.030314956635000612e-01 -1.203698510300594271e-01
1.039848343551848381e-01 3.436148827712532938e-01
1.049469941811762563e-01 7.520187147194882238e-01
1.059180567624251473e-01 1.048138794373927984e+00
1.068981044751116660e-01 1.188391107846757500e+00
1.078872204576332705e-01 1.134839406313233656e+00
1.088854886176578857e-01 8.859279866210244547e-01
1.098929936392411960e-01 4.835083998788070603e-01
1.109098209900108989e-01 -5.637862884454527407e-03
1.119360569284169327e-01 -4.931533491779599432e-01
1.129717885110488318e-01 -8.935108322701829087e-01
1.140171036000208610e-01 -1.145853341749795362e+00
1.150720908704253725e-01 -1.237314697919186690e+00
1.161368398178553030e-01 -1.212671418477888841e+00
1.172114407659960583e-01 -1.152365897940168971e+00
1.182959848742878711e-01 -1.139526775715029139e+00
1.193905641456588368e-01 -1.227095726827208466e+00
1.204952714343296982e-01 -1.416290538667376531e+00
1.216102004536907116e-01 -1.659877241284386296e+00
1.227354457842514679e-01 -1.886852788829033845e+00
1.238711028816642246e-01 -2.033906544845597075e+00
1.250172680848215256e-01 -2.066940935978242688e+00
1.261740386240287060e-01 -1.991100874961327039e+00
1.273415126292520017e-01 -1.845564619692755093e+00
1.285197891384431412e-01 -1.680610127815676869e+00
1.297089681059406807e-01 -1.538737374098582356e+00
1.309091504109492210e-01 -1.442539868194229857e+00
1.321204378660972845e-01 -1.390393878239019276e+00
1.333429332260739619e-01 -1.363736554472403162e+00
1.345767401963457455e-01 -1.338452676150068132e+00
1.358219634419541022e-01 -1.297873450050496702e+00
1.370787085963940943e-01 -1.239572834855433792e+00
1.383470822705755443e-01 -1.171268921727464996e+00
1.396271920618668561e-01 -1.101495827299760366e+00
1.409191465632226581e-01 -1.031198260049824622e+00
1.422230553723957402e-01 -9.515520840142096537e-01
1.435390291012345054e-01 -8.503048479516368552e-01
1.448671793850661305e-01 -7.195969690738832636e-01
1.462076188921667408e-01 -5.598110901272985718e-01
1.475604613333192650e-01 -3.837657981637115356e-01
1.489258214714594686e-01 -2.139966738561068227e-01
1.503038151314115001e-01 -7.554425752523523385e-02
1.516945592097135032e-01 1.395324508420025394e-02
1.530981716845338514e-01 5.070042537982567127e-02
1.545147716256795034e-01 4.535475189015002878e-02
1.559444792046968120e-01 1.527726411992981308e-02
1.573874157050657585e-01 -2.263647156777297276e-02
1.588437035324885005e-01 -5.495898236943205784e-02
1.603134662252732601e-01 -7.455714269928706561e-02
1.617968284648141075e-01 -8.055824946758785576e-02
1.632939160861678896e-01 -7.450603795081901792e-02
1.648048560887288572e-01 -5.825864595951643632e-02
1.663297766470022421e-01 -3.367850569685016532e-02
1.678688071214773092e-01 -2.983391262807162051e-03
1.694220780696012729e-01 3.072097634744730063e-02
1.709897212568544100e-01 6.352048464213393142e-02
1.725718696679281183e-01 9.140332269666685827e-02
1.741686575180058927e-01 1.112037480467167883e-01
1.757802202641490508e-01 1.215507468876965702e-01
1.774066946167877357e-01 1.231537868276364328e-01
1.790482185513180002e-01 1.181644120576487017e-01
1.807049313198066387e-01 1.092462749618024059e-01
1.823769734628039041e-01 9.899061687187939163e-02
1.840644868212657215e-01 8.928227359524015805e-02
1.857676145485862573e-01 8.100368654338124808e-02
1.874865011227417610e-01 7.436472795973124439e-02
1.892212923585466500e-01 6.921548090126181108e-02
1.909721354200232812e-01 6.520502961397359187e-02
1.927391788328859101e-01 6.189709470722570828e-02
1.945225724971403058e-01 5.887215258574034910e-02
1.963224676997999407e-01 5.580387756599114457e-02
1.981390171277197521e-01 5.250155191463778265e-02
1.999723748805487533e-01 4.891675709182901483e-02
2.018226964838024939e-01 4.511830456788153143e-02
2.036901389020563946e-01 4.124849094534048521e-02
2.055748605522611239e-01 3.747341465864598847e-02
2.074770213171814870e-01 3.393877246366028971e-02
2.093967825589591880e-01 3.074061033653158193e-02
2.113343071328015188e-01 2.791418543060704069e-02
2.132897594007963638e-01 2.543916440298826104e-02
2.152633052458553520e-01 2.325671239452769753e-02
2.172551120857857954e-01 2.129125223405028272e-02
2.192653488874928835e-01 1.947120237426266595e-02
2.212941861813133015e-01 1.774374920783119980e-02
2.233417960754816023e-01 1.608125269105811425e-02
2.254083522707301113e-01 1.447970407380647605e-02
2.274940300750243338e-01 1.295178975779942565e-02
2.295990064184343371e-01 1.151759517752732991e-02
2.317234598681440494e-01 1.019568717747465318e-02
2.338675706435991430e-01 8.996997223481044068e-03
2.360315206317953052e-01 7.922557705124242192e-03
2.382154934027078952e-01 6.964470626010099176e-03
2.404196742248643215e-01 6.109052104740592300e-03
2.426442500810605807e-01 5.340804617672983284e-03
2.448894096842231527e-01 4.645731855278006570e-03
2.471553434934177784e-01 4.013263913650008501e-03
2.494422437300061746e-01 3.436682466168694723e-03
2.517503043939524621e-01 2.912292214814687658e-03
2.540797212802803351e-01 2.438030901525772755e-03
2.564306919956825248e-01 2.012098091893562996e-03
2.588034159752838903e-01 1.632053585699000213e-03
2.611980944995599963e-01 1.294587856886283755e-03
2.636149307114114548e-01 9.957346350010025902e-04
2.660541296333971961e-01 7.313653771816884313e-04
2.685158981851264448e-01 4.976383867490991172e-04
2.710004452008120124e-01 2.912715191680516043e-04
2.735079814469859039e-01 1.095571637637187805e-04
2.760387196403787935e-01 -4.976402991627274674e-05
2.785928744659650347e-01 -1.887210994726234547e-04
2.811706625951746474e-01 -3.092441439494098151e-04
2.837723027042736712e-01 -4.132565139409217505e-04
2.863980154929147148e-01 -5.026778085192591238e-04
2.890480237028591470e-01 -5.792434651739836529e-04
2.917225521368724817e-01 -6.441608914221038425e-04
2.944218276777946230e-01 -6.984642751112478962e-04
2.971460793077864704e-01 -7.433878560568788971e-04
2.998955381277548238e-01 -7.800447116706622080e-04
3.026704373769569245e-01 -8.093305451266294154e-04
3.054710124527861281e-01 -8.319728965782895256e-04
3.082975009307412084e-01 -8.486246145898932716e-04
3.111501425845799029e-01 -8.598973093699224584e-04
3.140291794066590869e-01 -8.663967991479913427e-04
3.169348556284636298e-01 -8.687262456580472931e-04
3.198674177413242115e-01 -8.674889029166820949e-04
3.228271145173279288e-01 -8.632358057563925546e-04
3.258141970304215262e-01 -8.564935819121562112e-04
3.288289186777104134e-01 -8.477058161320698325e-04
3.318715352009545816e-01 -8.372534453460755977e-04
3.349423047082633609e-01 -8.254368548374918383e-04
3.380414876959910719e-01 -8.124983836561587482e-04
3.411693470708350162e-01 -7.986245108691959619e-04
3.443261481721382467e-01 -7.839562421883659741e-04
3.475121587943982293e-01 -7.686244983045597027e-04
3.507276492099854481e-01 -7.527320079442628578e-04
3.539728921920687887e-01 -7.363826405166684023e-04
3.572481630377565276e-01 -7.196728244677463296e-04
3.605537395914496512e-01 -7.027113331418153100e-04
3.638899022684118911e-01 -6.856021405687515169e-04
3.672569340785573067e-01 -6.684504866105598015e-04
3.706551206504586360e-01 -6.513448998423672755e-04
3.740847502555770254e-01 -6.343742366880347804e-04
3.775461138327168009e-01 -6.175953455093269578e-04
3.810395050127058925e-01 -6.010581991183501895e-04
3.845652201433046868e-01 -5.847913378045990502e-04
3.881235583143457513e-01 -5.688069688348952732e-04
3.917148213831057602e-01 -5.531125098818227706e-04
3.953393139999124006e-01 -5.377136521335901774e-04
3.989973436339881996e-01 -5.226274146731503187e-04
4.026892205995331597e-01 -5.078508030879277674e-04
4.064152580820494798e-01 -4.933899572998357583e-04
4.101757721649089694e-01 -4.792723724573016964e-04
4.139710818561669892e-01 -4.654427280232663940e-04
4.178015091156238592e-01 -4.518778715814121831e-04
4.216673788821375668e-01 -4.386738319378774131e-04
4.255690191011881063e-01 -4.258750107832664621e-04
4.295067607526977249e-01 -4.134256726090033583e-04
4.334809378791081858e-01 -4.012487019874911849e-04
4.374918876137179335e-01 -3.893079489338298208e-04
4.415399502092812734e-01 -3.776590599475924330e-04
4.456254690668726703e-01 -3.663773128391914339e-04
4.497487907650175032e-01 -3.554535581461836630e-04
4.539102650890927682e-01 -3.448519529394884634e-04
4.581102450609997878e-01 -3.345370485849267030e-04
4.623490869691112004e-01 -3.244823285587233744e-04
4.666271503984954494e-01 -3.146605372362799575e-04
4.709447982614206052e-01 -3.050645948824643253e-04
4.753023968281406275e-01 -2.957238116930868362e-04
4.797003157579664556e-01 -2.866827304982656277e-04
4.841389281306244796e-01 -2.779458040693454307e-04
4.886186104779052797e-01 -2.694964738442450739e-04
4.931397428156051865e-01 -2.612986475683381224e-04
4.977027086757634389e-01 -2.533404752894140104e-04
